1 15 50607 1 1 1 0 1 1 0 1 1 1 1 1 1 1 1
2 15 68301 1 1 1 1 1 1 1 1 0 0 1 1 1 1 1
3 15 65006 1 1 1 1 1 1 1 1 1 1 0 1 1 1 0
4 15 67223 1 0 1 1 1 1 1 1 1 0 1 1 1 1 1
5 15 66944 0 1 1 1 1 1 1 1 1 1 0 1 1 1 1
6 15 80739 1 1 1 1 1 0 1 0 1 1 1 1 1 1 1
7 15 63789 0 1 0 1 1 1 1 1 1 1 1 1 1 1 1
8 15 69713 1 1 1 0 0 1 1 1 1 1 1 0 1 1 1
9 15 62121 0 1 1 1 1 1 1 1 0 1 1 1 1 1 1
10 15 68092 0 1 1 1 1 1 1 1 1 1 0 1 1 1 1
11 15 75807 1 1 1 1 1 0 0 1 1 1 1 1 1 1 1
12 15 75003 1 1 1 0 1 1 1 1 1 1 1 1 0 0 1
13 15 60472 1 1 1 1 1 1 1 1 1 0 1 0 1 1 1
14 15 72792 0 1 1 1 1 1 1 1 1 1 1 1 0 1 1
15 15 66199 0 0 1 1 1 1 1 1 1 1 1 1 1 1 1
16 15 74294 1 1 1 0 1 1 1 1 1 1 1 1 1 1 0
17 15 75707 1 1 1 1 1 1 0 1 1 1 1 1 1 0 1
18 15 71320 1 1 1 1 1 1 0 1 1 0 1 1 1 1 1
19 15 66108 1 1 1 1 1 0 1 1 1 1 1 1 1 1 0
20 15 68639 1 1 1 1 1 1 1 1 1 0 1 1 1 1 0
21 15 67010 1 0 1 1 1 1 1 1 1 1 1 1 1 1 0
22 15 61191 1 1 1 1 1 1 0 1 1 1 1 1 1 1 0
23 15 67113 1 0 1 1 0 1 1 1 1 1 1 1 1 1 1
24 15 67995 1 1 0 1 1 1 1 1 1 1 1 1 1 1 0
25 15 56113 1 1 1 1 1 1 1 1 1 1 0 1 1 1 0
26 15 61874 1 1 0 1 1 1 1 1 1 1 1 0 1 1 1
27 15 66716 1 0 1 1 1 1 1 1 1 1 0 1 1 1 1
28 15 67821 1 1 0 1 1 1 1 1 1 1 1 1 0 1 1
29 15 56384 1 1 1 1 1 1 1 1 1 1 1 0 0 1 1
30 15 64117 1 1 1 0 1 1 1 1 1 0 1 1 1 1 1
31 15 64399 1 1 1 0 1 1 1 1 1 1 1 0 1 1 1
32 15 67278 1 1 1 1 1 1 1 0 1 1 0 1 1 1 1
33 15 68332 1 1 1 1 1 1 0 1 1 1 1 1 0 1 1
34 15 79287 1 0 1 0 1 1 1 1 1 1 1 1 1 1 1
35 15 63014 1 0 1 1 1 1 0 1 1 1 1 1 1 1 1
36 15 59597 1 1 1 1 1 1 1 1 1 1 1 0 0 1 1
37 15 78104 1 1 1 1 1 1 1 0 1 1 0 0 1 1 1
38 15 70435 1 1 1 1 1 0 1 1 1 1 1 0 1 1 1
39 15 72212 1 1 1 1 1 1 0 1 1 1 1 0 1 1 1
40 15 58638 1 0 1 1 1 1 1 0 1 0 1 1 1 1 1
41 15 63854 1 1 1 0 1 1 1 0 1 1 1 1 1 1 1
42 15 62827 1 1 1 1 1 1 0 1 0 1 1 1 1 1 1
43 15 76395 1 1 1 0 1 1 1 1 1 1 1 1 1 0 1
44 15 70863 1 1 1 1 1 1 1 1 1 0 1 1 1 0 1
45 15 60434 0 1 1 1 1 0 1 1 1 1 1 1 1 1 1
46 15 63713 0 1 1 1 1 1 1 1 0 1 1 1 1 1 1
47 15 64102 1 1 1 1 1 0 1 1 0 1 1 1 1 1 1
48 15 75821 1 1 1 1 1 1 1 1 1 1 1 1 1 0 0
49 15 68084 1 0 1 1 1 1 1 1 1 0 1 1 1 1 1
50 15 67796 1 0 1 1 0 1 1 1 1 1 1 1 1 1 1
51 15 57853 0 1 1 1 0 1 1 1 1 1 1 1 1 1 1
52 15 75269 1 1 0 1 1 1 1 1 1 1 1 0 1 1 1
53 15 55800 1 1 1 1 1 0 1 1 1 0 1 1 1 1 1
54 15 71916 1 1 1 1 0 1 1 1 1 1 1 0 1 1 1
55 15 80196 1 1 1 1 0 1 1 1 1 1 1 0 1 1 1
56 15 51211 1 1 1 1 1 1 1 0 1 1 0 1 1 1 1
57 15 67412 1 1 1 1 0 0 1 1 1 1 1 1 1 1 1
58 15 66933 0 1 1 1 1 1 1 1 1 0 1 1 1 1 1
59 15 73466 1 1 1 0 1 1 1 1 1 1 1 1 1 1 0
60 15 72182 1 1 1 1 1 1 0 0 1 1 1 1 1 1 1
61 15 73156 1 1 1 1 1 1 1 1 1 0 0 1 1 1 1
62 15 63337 1 1 1 1 1 1 1 0 1 1 1 1 1 1 0
63 15 74290 1 1 1 1 1 0 1 1 1 1 1 1 0 1 1
64 15 63843 0 1 1 1 0 1 1 1 1 1 1 1 1 1 1
65 15 71121 1 0 1 1 1 1 1 1 1 1 0 1 1 1 1
66 15 85154 1 1 1 1 1 1 1 1 0 1 0 1 1 0 1
67 15 61777 1 1 1 0 1 1 1 1 1 0 1 1 1 1 1
68 15 60073 1 1 1 1 1 1 1 1 1 0 1 0 1 1 1
69 15 78969 0 1 1 0 1 1 1 1 1 1 1 1 1 1 1
70 15 61238 1 1 1 1 1 1 0 1 1 1 1 1 0 1 1
71 15 59384 1 1 1 1 1 1 0 1 1 1 0 1 1 1 1
72 15 70850 1 1 1 1 1 1 1 0 1 1 1 1 1 1 0
73 15 76619 1 1 1 0 0 1 1 1 1 1 1 1 1 1 1
74 15 60109 1 1 1 1 1 0 1 1 1 1 1 1 1 0 1
75 15 58473 1 1 0 1 1 1 1 1 1 0 1 1 1 1 1
76 15 72551 1 1 0 1 1 1 1 1 1 1 1 1 1 1 0
77 15 69474 1 1 1 0 1 1 1 1 1 1 1 1 0 1 1
78 15 72074 1 1 1 0 1 1 1 1 1 1 1 1 1 0 1
79 15 68727 1 1 1 1 1 1 0 0 1 1 1 1 1 1 1
80 15 72237 1 1 1 1 1 1 1 1 0 1 0 1 1 1 1
81 15 69900 1 1 0 1 1 1 1 1 1 1 1 1 1 0 1
82 15 67224 1 1 0 1 0 1 1 1 1 1 1 1 1 1 1
83 15 65075 1 0 1 1 1 1 1 1 1 1 1 1 0 1 1
84 15 58642 1 1 1 1 1 1 1 0 1 1 1 1 1 0 1
85 15 67017 1 1 1 1 1 0 0 1 1 1 1 1 1 1 1
86 15 67385 0 1 1 1 1 1 0 1 1 1 1 1 1 1 1
87 15 71214 1 0 0 1 1 1 1 1 1 1 1 1 1 1 1
88 15 64323 0 1 1 1 1 1 1 1 1 0 1 1 1 1 1
89 15 67066 1 1 1 1 1 1 1 1 1 0 1 1 0 1 1
90 15 58653 1 1 0 1 1 1 1 0 1 1 1 1 1 1 1
91 15 64611 1 1 0 1 1 1 1 1 1 1 1 1 1 1 0
92 15 65387 1 1 1 0 1 1 1 1 1 1 1 1 1 1 0
93 15 64126 1 1 1 1 1 1 1 1 1 0 1 0 1 1 1
94 15 60410 1 1 1 1 1 1 1 1 1 0 1 0 1 1 1
95 15 78387 1 1 1 1 1 1 1 1 1 0 1 1 0 1 1
96 15 62256 1 1 1 1 1 1 1 1 1 0 1 1 1 0 1
97 15 72258 0 1 1 1 0 1 1 1 1 1 1 1 1 1 1
98 15 66987 1 1 1 1 1 1 1 1 1 0 0 1 1 1 1
99 15 68143 1 0 1 1 0 1 1 1 1 1 1 1 1 1 1
100 15 51798 1 1 1 1 1 1 1 1 1 0 1 1 0 1 1
