1 30 23000 1 1 0 0 0 1 1 1 1 1 1 0 1 1 1 1 1 1 1 1 1 1 0 0 1 0 1 0 1 0
2 30 25010 1 1 0 1 1 0 0 1 0 1 1 1 1 1 1 0 1 0 0 1 1 1 1 0 1 1 1 1 1 1
3 30 29487 1 1 1 1 1 1 0 0 1 1 1 1 0 1 1 0 1 1 0 1 0 1 1 0 0 0 1 1 1 1
4 30 26445 1 1 0 1 1 0 1 1 1 1 1 1 1 0 1 1 0 1 0 0 1 0 1 0 1 1 0 1 1 1
5 30 26858 1 1 1 0 0 0 1 0 1 1 0 1 0 1 1 1 1 1 1 1 1 0 0 1 1 1 1 1 1 1
6 30 27919 0 1 0 0 1 1 1 0 1 1 0 0 1 1 0 1 0 1 1 1 1 1 1 1 0 1 0 1 1 1
7 30 27383 1 0 0 0 0 1 1 1 1 0 0 1 1 1 1 1 1 0 1 0 0 1 1 1 1 1 1 1 1 1
8 30 28572 0 1 1 0 1 0 1 0 1 1 1 1 1 1 1 1 0 1 1 1 1 0 1 0 0 1 1 1 1 1
9 30 27964 1 1 1 1 0 0 0 1 0 1 1 0 1 1 0 1 0 1 1 1 1 0 1 1 1 1 0 1 1 1
10 30 28311 1 0 1 1 1 1 0 0 1 1 1 1 0 1 1 1 1 1 1 1 0 1 1 1 1 0 1 1 0 1
1 30 23535 1 1 1 1 0 1 1 1 1 1 1 1 0 1 0 1 1 1 1 1 0 0 1 1 0 0 1 1 1 1
2 30 25192 1 0 1 0 1 1 0 1 1 0 1 0 1 1 1 1 1 1 0 1 1 1 1 0 1 1 1 1 1 1
3 30 29731 0 1 1 1 0 1 1 1 1 1 1 0 1 1 0 1 1 1 1 1 1 0 0 1 0 1 0 1 1 1
4 30 26410 1 0 1 0 1 0 1 1 1 1 0 0 1 0 1 1 0 1 1 0 1 1 1 0 1 1 1 1 1 1
5 30 26877 1 1 1 0 0 1 1 0 1 1 1 1 0 1 1 1 1 1 1 0 1 0 1 1 0 1 0 1 1 1
6 30 28190 1 1 1 1 1 1 1 0 0 1 1 0 1 1 1 1 1 0 1 1 0 1 0 0 0 1 1 1 1 0
7 30 27623 1 1 1 0 0 1 1 0 1 0 0 1 1 0 1 1 1 0 1 1 1 1 1 1 1 1 1 1 0 1
8 30 28310 0 1 1 0 1 0 1 1 1 1 1 1 0 1 1 1 1 0 1 1 0 1 1 0 1 1 1 0 0 1
9 30 28193 1 1 1 1 0 0 0 1 1 1 1 1 1 1 0 1 1 1 1 1 0 1 0 1 1 1 1 0 1 0
10 30 28100 1 0 0 1 1 1 1 0 1 1 1 1 1 1 1 0 1 1 1 0 1 1 0 1 1 0 1 1 0 1
1 30 23237 1 1 1 0 0 1 0 0 1 1 1 1 1 1 1 0 1 1 1 0 1 1 1 1 1 0 1 1 1 0
2 30 25012 0 1 0 0 1 1 1 1 0 1 1 1 0 1 1 0 1 0 0 1 1 1 1 1 1 1 1 1 1 1
3 30 29495 1 1 1 1 0 1 1 0 1 0 0 0 1 1 0 1 1 1 0 1 1 0 1 1 1 0 1 1 1 1
4 30 26191 1 1 1 0 0 1 0 1 1 0 0 1 1 0 1 1 0 1 0 1 1 0 1 0 1 1 1 1 1 1
5 30 27068 1 1 0 0 0 1 1 1 1 1 0 1 0 1 1 0 1 1 1 1 1 1 1 1 1 1 0 1 1 1
6 30 27942 0 0 1 1 0 1 1 1 1 1 0 0 1 0 1 0 0 1 1 0 1 1 0 1 1 1 1 1 1 1
7 30 27865 1 0 1 0 0 1 1 0 1 1 1 1 1 1 1 1 1 0 1 1 1 1 1 0 1 1 1 1 0 1
8 30 28319 0 1 1 1 1 0 1 1 1 1 1 1 0 1 0 0 0 1 0 1 1 0 1 1 1 1 1 1 0 1
9 30 27987 1 1 1 1 0 0 0 1 1 1 1 1 0 1 1 1 1 0 0 1 0 1 1 1 1 0 1 1 1 0
10 30 28585 1 0 1 1 1 1 1 0 1 1 0 1 1 0 1 1 1 1 1 1 1 1 1 1 1 0 1 1 0 1
1 30 23035 1 1 1 1 1 1 1 0 1 1 1 1 1 1 0 0 0 0 1 1 0 1 0 0 1 0 1 1 1 1
2 30 25003 0 1 1 0 1 1 0 1 1 1 1 1 1 1 0 0 1 0 0 1 1 1 1 1 0 1 1 1 1 1
3 30 29705 1 1 0 1 0 1 0 0 1 1 1 1 1 1 1 0 1 1 1 1 1 1 1 0 0 0 1 1 1 1
4 30 26463 1 1 1 1 0 1 1 1 1 0 0 1 1 0 1 1 0 1 1 0 1 0 0 1 1 1 0 1 1 1
5 30 27134 1 0 1 1 1 0 0 1 1 1 0 1 1 1 1 0 1 1 1 1 1 1 0 1 1 1 0 1 1 1
6 30 28166 1 0 1 1 1 1 1 1 1 1 0 0 0 1 1 1 1 0 1 0 1 1 0 1 0 1 0 1 1 1
7 30 27377 1 0 1 0 0 1 1 1 1 0 1 0 1 1 1 1 1 0 0 1 1 1 1 0 1 1 1 1 0 1
8 30 28302 0 0 1 1 1 0 1 1 0 0 1 0 0 1 1 1 1 0 1 1 1 1 1 1 1 1 1 1 0 1
9 30 28198 1 1 1 1 0 1 1 0 1 1 1 1 1 1 0 1 0 1 1 0 0 0 1 1 1 1 1 0 1 1
10 30 27867 1 1 1 1 1 1 1 1 0 1 1 0 1 0 1 0 0 1 1 1 1 0 1 0 1 0 1 1 0 1
1 30 23278 1 1 1 1 1 1 1 1 1 1 1 1 1 1 1 0 1 0 0 0 0 1 1 1 0 0 1 1 1 0
2 30 24758 1 1 1 0 1 1 0 1 1 1 0 0 0 1 1 1 1 0 0 1 1 1 0 1 1 1 1 0 1 1
3 30 29498 1 0 1 0 0 1 1 0 1 1 1 1 1 1 0 0 1 1 1 1 1 1 0 0 1 0 1 1 1 1
4 30 26682 0 1 1 0 1 0 1 1 1 1 1 1 1 1 1 1 1 1 1 0 1 0 1 0 1 0 0 1 1 1
5 30 26896 1 0 1 1 0 1 0 1 1 1 0 1 0 1 1 0 1 1 1 1 1 0 1 0 1 1 1 1 1 1
6 30 28180 1 1 1 1 1 1 1 0 1 0 0 0 1 1 1 0 1 0 1 1 0 1 0 1 1 1 1 1 0 1
7 30 27594 0 0 0 0 0 1 1 0 1 1 1 1 1 1 1 1 1 0 1 1 1 1 1 0 1 1 1 1 1 1
8 30 28543 0 1 0 0 1 0 1 1 1 0 1 1 1 1 1 1 1 1 0 1 1 1 1 1 1 1 0 1 0 1
9 30 27959 1 1 1 1 0 1 0 1 1 1 1 1 1 1 0 1 0 1 1 0 1 0 1 0 1 1 1 0 0 1
10 30 27881 1 0 1 0 0 1 1 0 1 0 1 1 1 1 1 0 0 1 1 1 1 1 1 1 1 0 1 1 0 1
