1 30 23022 0 1 0 1 1 1 0 0 1 1 1 1 1 1 1 1 0 1 1 1 1 1 0 0 1 0 1 1 1 0
2 30 24838 0 0 1 0 1 1 1 1 1 0 1 0 0 1 1 1 1 0 1 1 1 1 1 1 1 1 0 1 1 1
3 30 29497 0 0 1 1 0 1 1 1 1 1 1 1 0 1 1 0 1 0 1 1 1 1 1 1 1 0 1 1 0 0
4 30 26702 1 1 1 0 1 1 1 1 1 1 0 1 1 0 1 1 0 1 0 0 1 0 1 1 1 0 1 1 1 1
5 30 26898 1 1 0 0 1 0 1 0 1 1 1 1 1 1 1 1 1 0 1 1 1 1 1 1 1 1 0 0 1 0
6 30 28182 1 0 1 1 1 1 1 0 0 1 1 0 0 1 0 1 0 1 1 1 0 0 1 1 1 1 1 1 1 1
7 30 27128 1 1 0 0 1 1 1 0 1 0 1 1 0 1 0 1 1 0 1 0 1 1 0 1 1 1 1 1 0 1
8 30 28051 1 1 0 0 1 1 1 0 1 0 1 1 1 0 0 1 1 0 0 1 1 0 1 0 1 1 1 1 1 1
9 30 27962 0 1 1 1 1 1 0 0 1 1 1 1 0 1 0 1 1 1 1 1 0 1 1 1 0 1 0 0 1 1
10 30 28108 1 1 0 1 1 1 1 0 1 0 1 1 0 0 1 1 1 1 1 1 1 1 0 1 1 0 0 1 1 1
1 30 23691 1 1 1 1 0 1 1 1 1 1 1 1 1 1 1 1 1 1 0 0 1 0 0 1 1 1 1 1 1 0
2 30 24743 1 1 1 0 1 0 0 1 1 1 1 0 1 0 0 0 1 0 1 1 0 1 1 1 1 1 1 1 1 1
3 30 29239 1 0 1 1 1 1 1 1 1 1 1 0 0 1 0 0 0 1 0 1 1 1 1 1 0 1 1 1 0 0
4 30 26692 0 1 1 1 1 1 1 1 1 1 0 0 1 1 1 1 0 1 1 0 1 0 1 0 1 1 0 1 1 1
5 30 26898 1 1 1 0 1 1 0 1 1 1 0 1 0 1 1 1 1 0 1 1 1 0 1 0 1 1 1 0 1 1
6 30 28181 1 1 1 1 1 1 1 0 0 1 0 0 1 1 1 1 1 1 1 1 1 1 0 0 0 1 1 1 0 0
7 30 27603 1 1 1 0 0 0 0 0 1 1 1 1 1 1 1 1 1 0 1 0 1 1 1 1 1 1 1 1 0 1
8 30 28559 1 1 0 0 1 0 1 0 1 0 1 1 1 1 1 1 1 1 1 1 0 1 1 0 1 1 0 1 1 1
9 30 27702 1 0 1 1 0 0 0 0 1 1 1 1 1 1 0 1 1 1 1 0 1 0 1 1 1 1 1 1 0 0
10 30 27877 1 0 1 1 0 1 1 1 1 1 1 1 1 0 0 1 0 1 0 1 0 1 1 1 1 0 1 1 0 1
1 30 23277 1 1 1 0 1 1 0 0 0 0 1 1 0 1 1 1 1 1 1 1 1 0 1 1 0 1 1 1 1 1
2 30 24759 0 1 1 1 0 1 1 1 0 0 1 1 0 1 0 1 1 0 0 1 1 1 1 0 1 1 1 1 1 1
3 30 29499 1 0 0 1 0 1 1 0 1 1 1 1 1 1 1 0 1 1 1 0 1 0 0 1 1 0 1 1 1 1
4 30 26202 1 0 1 0 1 1 0 1 1 1 1 0 1 0 1 1 0 1 1 0 1 1 1 0 1 0 1 1 0 1
5 30 27141 1 1 1 1 1 0 1 1 1 1 1 1 0 1 0 0 1 1 1 1 1 1 1 0 1 1 0 0 1 1
6 30 27937 0 0 1 1 1 1 1 0 1 1 0 0 0 1 1 1 1 1 1 0 1 1 0 1 0 1 1 1 1 0
7 30 27131 1 0 1 0 1 1 1 1 1 1 0 0 1 1 0 0 1 1 1 1 1 1 0 0 0 1 1 1 0 1
8 30 28546 1 0 1 1 1 1 1 1 0 1 1 1 1 1 1 1 0 1 0 1 1 1 1 0 1 0 0 1 0 1
9 30 28218 1 1 1 1 0 0 0 1 1 1 1 1 0 0 0 0 1 1 1 1 1 1 0 1 1 1 1 1 1 1
10 30 27876 1 1 0 1 0 1 1 1 1 1 1 1 0 1 0 1 1 1 0 1 0 1 0 1 1 0 1 1 0 1
1 30 23280 1 1 1 1 1 1 1 0 0 1 1 1 0 1 1 0 1 1 0 1 1 0 1 0 1 0 1 1 1 1
2 30 24760 0 0 0 1 1 1 0 1 1 1 1 0 1 1 1 0 1 0 1 1 1 1 0 1 0 1 1 1 1 1
3 30 29243 1 1 0 1 0 0 1 0 1 1 1 1 0 0 0 0 1 1 1 1 1 1 0 1 1 0 1 1 1 1
4 30 26451 0 1 1 0 1 0 1 0 1 1 1 0 0 1 1 1 1 1 0 0 1 1 1 0 1 1 1 1 1 1
5 30 26883 1 0 1 1 0 0 1 1 1 1 1 1 1 1 1 0 1 1 0 1 1 1 0 1 0 1 0 1 1 1
6 30 27868 1 0 1 1 1 1 1 1 1 0 0 0 1 1 1 0 1 1 1 0 1 1 0 0 0 1 1 1 0 1
7 30 27612 0 0 1 0 0 1 1 1 0 0 0 1 1 1 1 1 1 0 1 1 1 1 1 1 1 1 1 1 1 1
8 30 28565 0 1 1 1 1 0 1 1 0 1 1 0 1 1 1 1 1 1 1 1 1 0 1 0 1 1 0 1 0 1
9 30 28222 1 1 1 1 1 0 1 1 1 1 1 1 1 1 0 0 0 1 1 1 1 0 0 1 0 1 1 0 1 1
10 30 28101 1 1 0 1 0 1 1 0 1 1 1 1 0 0 1 1 0 1 1 1 1 1 0 1 1 1 1 1 0 1
1 30 22997 1 1 1 1 0 1 1 0 0 0 1 1 1 1 1 0 1 1 1 0 1 1 0 1 0 1 1 0 1 1
2 30 24271 1 1 1 1 0 1 1 1 0 1 1 1 0 0 0 0 1 0 0 1 1 0 0 1 1 1 1 0 1 1
3 30 29497 1 1 0 1 0 1 1 0 1 1 1 1 0 0 1 0 1 1 1 1 1 0 1 1 0 0 1 1 1 1
4 30 26448 0 1 1 1 0 0 1 1 1 1 1 1 0 0 1 1 0 1 1 0 1 1 1 0 1 1 1 1 0 1
5 30 26896 1 1 0 1 0 1 1 1 1 1 1 1 0 1 1 0 1 1 1 1 0 1 0 1 0 1 1 1 1 0
6 30 28172 1 1 1 1 1 1 1 0 1 1 0 1 1 1 0 0 1 0 1 1 1 0 1 0 0 1 1 0 1 1
7 30 27580 1 0 1 0 0 0 1 1 1 1 0 1 1 1 1 0 1 1 0 1 1 0 1 1 1 1 1 1 1 1
8 30 28302 0 1 1 0 0 1 1 1 1 0 1 1 0 1 1 1 0 0 1 1 1 1 1 0 1 1 1 1 0 1
9 30 27978 1 1 1 1 0 1 0 0 1 0 1 0 1 1 1 1 1 1 1 1 0 0 1 1 1 1 1 0 0 1
10 30 28113 1 0 0 1 1 0 1 1 0 1 1 1 0 1 1 0 0 1 1 1 1 1 1 0 1 1 1 1 1 1
