1 30 23257 1 1 1 1 1 1 1 1 1 0 1 1 0 1 1 1 1 0 1 1 1 0 1 1 0 0 1 0 1 0
2 30 24503 0 1 1 0 1 1 1 1 0 1 1 1 0 0 1 1 1 0 1 0 0 1 1 1 1 0 0 1 1 1
3 30 29472 1 0 0 1 0 1 1 0 1 0 0 1 1 1 0 1 1 1 1 1 1 0 1 1 1 1 1 1 1 0
4 30 26454 1 0 1 0 0 0 1 1 1 1 1 0 1 1 1 1 0 1 1 0 1 0 1 1 1 1 0 1 1 1
5 30 26618 1 0 1 1 0 1 1 0 1 1 0 1 1 1 1 0 1 1 1 1 0 0 0 1 1 1 1 0 1 1
6 30 28191 1 0 1 1 0 1 1 0 1 1 1 0 1 1 1 0 0 1 0 1 1 0 1 0 1 1 1 1 1 1
7 30 27382 1 1 1 0 1 0 1 0 0 1 0 0 1 1 0 1 1 0 1 1 1 1 1 0 1 1 1 1 1 1
8 30 28555 1 1 1 1 1 1 0 0 1 0 1 1 0 1 1 1 1 1 0 1 1 0 1 0 1 1 0 1 1 1
9 30 27955 0 1 1 1 0 0 0 1 1 1 1 1 1 1 1 0 0 1 1 0 0 1 1 1 1 1 1 0 1 1
10 30 28348 1 1 1 1 1 1 0 0 0 0 1 1 0 1 1 1 1 1 1 1 1 1 1 1 1 0 1 1 0 1
11 30 24583 1 0 0 1 1 1 1 0 1 1 1 1 1 1 0 1 1 1 1 1 0 1 1 1 0 1 0 0 1 1
12 30 26324 0 1 1 1 1 1 0 1 1 0 1 0 0 1 0 1 1 1 0 1 0 1 1 1 1 1 0 1 1 1
13 30 25958 1 1 1 1 1 0 1 1 1 1 0 1 0 1 1 1 1 0 1 1 1 1 0 0 1 0 0 1 0 1
14 30 24886 1 0 1 1 1 1 0 1 1 1 1 1 1 1 0 1 1 1 1 0 0 1 1 1 1 0 1 1 1 0
15 30 23647 0 1 0 1 1 1 1 1 0 1 0 1 1 1 1 1 1 0 0 1 1 1 1 1 1 0 1 1 1 0
16 30 26228 1 0 0 1 1 0 1 1 0 1 0 1 0 0 1 1 1 0 1 1 1 1 1 1 0 1 0 1 1 1
17 30 26062 1 1 1 1 1 1 0 1 1 0 0 1 1 1 0 1 0 0 0 0 1 1 1 1 1 1 1 1 0 1
18 30 29601 1 0 0 1 0 1 1 1 1 1 1 0 1 1 0 1 1 1 0 1 1 1 1 1 1 1 0 1 1 0
19 30 27169 1 1 1 1 1 1 1 1 1 1 0 0 1 1 0 1 1 0 1 1 0 1 1 0 1 0 1 1 0 1
20 30 29243 1 0 1 1 1 1 1 1 0 1 1 1 0 1 0 1 1 1 1 0 1 0 0 1 0 1 1 1 1 1
21 30 26116 1 1 0 1 0 1 1 1 0 1 1 1 1 1 1 1 1 1 1 0 0 0 1 0 1 1 1 1 1 0
22 30 24770 0 0 1 1 1 1 1 1 1 1 0 1 1 1 1 0 0 0 0 1 1 1 1 1 1 1 0 1 1 0
23 30 27527 0 0 1 1 1 1 1 1 1 1 0 0 1 0 1 0 1 0 0 1 1 1 1 1 1 1 1 1 1 0
24 30 25556 1 1 1 0 1 1 1 0 1 1 1 1 1 0 1 0 1 1 1 1 1 0 1 0 0 0 1 1 1 1
25 30 26478 0 1 1 1 1 0 1 1 1 1 1 1 1 0 1 1 1 0 1 0 0 0 1 1 0 1 1 1 1 1
26 30 25195 1 0 0 1 1 1 1 1 1 1 0 1 1 0 1 1 1 0 1 0 1 1 1 1 1 1 1 0 1 0
27 30 25626 0 1 1 1 1 1 1 1 1 1 1 0 0 1 1 0 0 0 1 1 0 1 1 0 1 0 1 1 1 0
28 30 27040 1 1 1 1 0 0 1 1 0 1 1 1 1 0 1 1 1 0 1 1 0 0 1 1 1 1 0 1 1 0
29 30 26140 0 1 0 1 1 1 1 1 1 0 0 1 1 1 1 1 0 1 1 0 1 1 0 1 1 1 1 0 1 1
30 30 27542 1 1 1 0 1 0 1 1 0 1 1 1 1 1 1 0 0 1 1 1 0 1 1 1 0 1 0 1 1 1
31 30 27630 1 0 1 1 0 1 1 0 0 1 1 1 0 1 1 1 1 0 1 1 0 0 1 0 1 1 1 1 1 1
32 30 26769 0 1 0 0 1 1 1 1 1 1 1 1 1 0 1 1 0 0 1 1 1 0 0 1 1 1 1 0 1 1
33 30 26588 1 0 1 0 0 0 0 1 1 1 1 0 0 1 1 1 0 1 1 1 1 1 0 1 1 1 1 1 1 1
34 30 30209 0 1 1 1 0 1 0 1 0 1 1 1 0 1 1 1 1 0 1 1 1 0 1 1 0 0 0 1 1 1
35 30 24002 1 1 0 1 1 0 0 1 0 0 1 1 1 1 1 1 1 1 0 1 0 1 1 0 1 1 0 1 0 1
36 30 27455 1 0 1 1 1 1 1 1 0 1 0 1 1 1 1 0 0 1 1 1 0 0 1 0 0 1 1 1 1 0
37 30 25433 0 0 0 1 0 1 0 1 1 1 1 1 1 1 1 1 1 1 0 1 1 0 1 1 1 0 1 1 1 0
38 30 27790 1 1 1 0 1 0 1 1 1 0 1 1 1 0 1 0 1 0 1 1 0 1 0 1 0 1 1 1 1 1
39 30 24422 1 0 0 0 1 1 1 1 0 1 0 1 1 1 1 0 1 1 0 1 0 1 1 0 1 1 1 1 1 1
40 30 29222 1 1 1 1 0 0 0 0 0 1 0 1 1 0 1 1 0 1 1 1 1 1 1 1 1 1 1 0 1 1
41 30 26409 1 1 0 0 1 0 1 0 0 1 1 1 1 0 0 1 1 1 1 0 1 1 1 1 1 1 1 1 1 1
42 30 27625 1 0 1 0 0 1 0 1 1 1 1 1 1 1 0 0 1 0 0 1 1 1 1 1 1 1 1 0 1 1
43 30 25716 1 1 1 1 1 0 1 1 0 0 0 1 1 1 0 1 1 1 1 1 1 1 1 1 1 0 0 0 1 1
44 30 26376 1 1 1 1 1 1 0 1 0 1 1 1 1 1 1 0 0 1 1 0 1 1 1 0 0 0 1 0 1 1
45 30 26348 1 1 1 1 1 1 1 1 1 0 1 1 1 0 1 0 0 0 1 0 0 1 1 0 1 1 1 0 1 1
46 30 25770 1 0 0 1 1 1 1 1 0 1 1 1 1 0 1 0 1 1 1 1 0 1 1 1 1 1 0 1 1 1
47 30 25901 1 1 1 0 1 1 1 1 0 0 1 1 1 1 1 1 1 1 0 1 1 1 1 0 0 1 1 1 1 0
48 30 24307 1 1 1 1 0 1 1 1 1 0 0 1 0 0 1 1 1 0 0 1 1 1 1 1 0 1 1 1 0 0
49 30 26999 1 0 1 1 0 1 1 1 1 1 1 0 0 1 1 1 1 0 0 1 1 0 1 1 1 1 1 0 0 1
50 30 27573 1 1 0 1 0 1 1 0 1 1 0 1 1 0 0 1 1 0 1 1 1 1 1 1 0 1 0 1 1 1
51 30 27696 1 1 0 1 1 1 0 1 1 1 1 0 1 1 1 1 1 0 1 0 1 1 0 1 1 0 1 1 1 1
52 30 24689 1 0 1 0 1 1 0 1 1 0 1 1 1 0 1 1 1 1 1 1 1 1 0 1 0 1 1 0 0 1
53 30 24756 1 1 1 0 1 0 1 1 1 1 1 1 0 1 1 0 0 1 1 1 1 1 0 0 1 0 1 1 1 1
54 30 25625 1 1 1 1 1 1 1 1 1 1 1 1 0 0 1 0 1 0 1 1 1 0 1 0 0 1 1 1 1 0
55 30 26474 1 1 1 1 1 0 1 0 1 1 1 1 1 1 1 1 0 0 0 1 1 0 1 1 1 0 1 0 0 0
56 30 27541 1 1 1 1 0 1 0 1 0 1 1 1 1 0 0 1 1 1 1 1 1 0 1 0 1 1 0 1 1 1
57 30 26424 1 1 1 0 1 1 0 1 1 1 1 1 1 0 1 1 1 0 0 1 1 1 0 1 1 1 0 1 0 1
58 30 26323 0 1 0 1 1 1 0 1 0 1 0 0 1 1 1 1 0 1 1 1 1 1 1 1 1 1 1 1 0 1
59 30 26345 1 0 1 0 1 0 1 1 1 1 1 1 1 1 0 0 1 1 0 1 1 1 1 1 1 1 0 1 0 0
60 30 24496 1 1 0 1 1 0 1 1 0 0 1 0 1 1 0 0 0 1 0 1 1 1 1 1 1 1 0 1 1 1
61 30 24745 1 1 1 1 0 1 0 1 1 0 1 1 1 0 1 0 1 1 1 1 1 0 0 1 0 1 0 1 1 1
62 30 27560 1 0 1 0 1 1 1 1 1 1 1 1 0 0 0 0 1 0 0 1 1 1 1 1 1 1 1 0 1 1
63 30 25526 0 1 1 1 1 0 1 1 1 1 0 1 1 0 1 1 1 1 1 1 1 1 1 1 1 0 0 1 0 0
64 30 25841 1 1 1 1 1 1 1 1 1 1 1 1 0 1 0 0 0 1 1 1 1 1 0 0 0 1 1 1 0 0
65 30 24680 0 0 1 1 1 1 1 1 1 1 1 1 1 1 1 1 1 0 1 1 1 0 0 1 1 1 1 0 1 0
66 30 23146 1 0 0 1 1 1 0 0 1 1 1 1 1 1 1 1 0 0 1 1 1 1 0 1 1 0 1 1 1 1
67 30 27830 1 1 0 0 1 1 0 0 0 1 1 1 1 0 1 1 1 1 1 1 0 1 0 1 1 1 1 1 1 1
68 30 29790 0 1 0 1 0 0 1 1 1 1 1 1 1 1 0 1 0 0 1 1 1 0 1 1 0 1 1 1 1 1
69 30 25423 1 1 1 1 1 0 0 1 0 1 0 0 1 0 1 1 0 1 1 0 0 1 1 1 1 1 1 1 1 1
70 30 28128 1 1 1 1 1 0 1 1 0 1 0 1 1 0 1 1 1 0 1 0 1 0 1 1 1 1 1 1 0 0
71 30 26721 1 1 0 0 1 1 0 1 1 1 1 1 1 1 0 1 1 0 1 1 0 1 0 1 1 1 1 0 1 1
72 30 27245 1 1 1 1 1 0 1 1 1 1 1 0 0 1 1 1 1 0 1 1 0 1 0 1 0 0 1 0 1 1
73 30 25229 1 1 0 1 0 1 1 0 1 1 1 1 0 1 1 1 1 0 1 1 0 1 1 0 1 0 1 1 1 1
74 30 24056 1 1 0 1 1 0 1 1 1 1 1 1 1 0 0 0 1 1 1 1 1 0 1 1 1 0 0 1 0 0
75 30 22607 1 1 1 1 1 0 1 1 1 1 1 1 0 1 0 1 1 0 1 1 0 0 1 1 0 1 0 1 1 0
76 30 26940 1 1 1 1 1 1 0 1 1 1 0 0 1 0 1 1 0 1 1 0 0 1 0 1 1 1 0 1 1 1
77 30 27353 1 0 1 1 1 1 1 1 0 1 1 1 1 0 1 1 0 1 1 0 1 0 1 1 1 0 1 0 1 1
78 30 26426 1 0 1 1 1 1 1 0 1 1 1 0 1 1 1 1 0 1 0 1 1 1 1 1 1 0 1 1 0 0
79 30 27552 0 1 1 1 0 0 1 0 1 1 1 0 1 0 1 1 1 0 0 1 1 1 1 1 1 0 1 1 0 1
80 30 24560 0 1 1 1 1 0 0 1 1 1 1 1 0 1 1 1 0 0 1 1 1 1 1 0 1 1 0 1 1 0
81 30 27324 1 0 1 1 0 0 1 1 1 1 0 1 0 0 1 1 1 1 0 1 1 1 1 1 1 1 1 1 0 1
82 30 25042 0 1 1 0 0 1 1 1 1 1 1 1 1 0 0 0 1 1 1 0 1 0 1 1 0 1 1 1 1 1
83 30 28554 1 1 0 1 1 1 1 1 0 0 1 1 1 1 0 1 1 0 1 0 1 1 1 1 1 0 1 1 0 1
84 30 24758 1 1 0 0 1 1 1 0 1 1 1 0 1 1 0 1 1 1 1 1 0 1 1 1 0 1 1 0 1 1
85 30 26435 1 1 1 0 1 1 1 1 1 1 0 1 1 1 0 0 0 1 1 0 1 0 1 0 1 1 0 1 1 0
86 30 23204 0 1 1 1 1 0 1 1 0 1 0 0 1 0 1 1 1 1 1 0 1 1 1 1 1 1 1 1 0 0
87 30 24383 1 0 1 0 1 1 1 1 0 1 1 1 1 1 1 0 1 0 1 1 1 1 1 1 0 1 0 1 0 0
88 30 25945 1 1 1 0 1 1 0 1 1 1 1 1 1 1 1 0 0 0 1 1 1 0 1 1 1 0 0 1 1 1
89 30 29884 0 0 1 1 0 1 1 1 1 1 1 0 0 1 1 1 1 1 0 1 1 1 0 0 1 1 0 1 1 1
90 30 28244 1 1 0 1 1 1 0 1 1 1 1 1 0 0 1 0 1 1 1 0 1 0 1 0 1 1 1 0 1 1
91 30 24166 1 1 1 1 1 1 1 0 0 0 1 1 1 0 1 1 1 0 1 0 1 1 0 1 0 0 1 1 1 1
92 30 27554 1 1 0 1 0 1 1 1 0 1 0 1 1 1 1 1 1 0 1 1 1 1 1 1 1 0 1 1 0 1
93 30 25256 1 1 0 1 0 1 0 1 1 1 1 0 1 0 0 1 1 1 0 1 0 1 1 1 1 1 1 1 1 0
94 30 25018 0 1 1 1 0 1 1 1 1 0 1 1 1 0 1 1 0 0 1 1 1 0 1 1 0 1 1 1 0 1
95 30 28344 1 1 1 1 1 0 0 0 0 1 1 1 1 0 1 1 1 1 1 0 1 1 0 1 1 0 1 1 1 1
96 30 29010 0 0 0 0 1 1 1 0 1 1 1 1 1 1 1 0 0 1 1 1 1 0 1 1 1 1 1 1 0 1
97 30 23576 0 1 1 1 0 0 1 1 1 0 1 1 1 0 1 1 0 1 1 1 0 1 0 1 1 1 1 1 1 0
98 30 25742 1 1 1 1 0 1 1 1 1 1 1 1 0 1 1 0 0 0 1 1 0 0 1 0 1 1 1 1 0 1
99 30 28075 1 0 1 0 1 0 1 1 1 1 1 1 0 0 1 0 1 0 1 1 1 1 1 1 1 1 1 1 1 0
100 30 26417 0 1 1 0 1 1 1 1 0 1 1 1 0 1 1 1 1 0 1 1 0 1 1 1 1 1 1 0 0 1
