1 15 1127 0 1 1 1 0 1 0 1 1 1 1 1 1 1 0
2 15 1051 1 1 0 1 1 1 1 1 1 0 1 1 1 0 1
3 15 1478 0 1 1 0 1 0 1 0 1 1 1 1 1 1 1
4 15 1129 1 0 0 0 1 1 0 1 1 1 1 1 1 0 0
5 15 1316 1 1 1 0 0 1 1 0 1 0 1 1 1 1 1
6 15 1388 0 1 1 1 1 0 1 1 0 1 0 1 1 1 1
7 15 1051 1 1 1 1 0 0 0 1 0 1 1 1 1 1 1
8 15 1320 1 0 1 1 1 0 1 1 0 1 1 1 1 1 0
9 15 1365 1 1 1 0 0 1 1 1 1 1 0 0 1 1 1
10 15 1128 1 0 1 1 1 1 0 0 0 1 1 1 1 1 1
11 15 937 1 0 1 0 1 1 1 1 1 0 1 0 1 0 1
12 15 1111 1 1 1 0 1 1 1 0 1 1 0 1 1 1 1
13 15 1237 0 0 0 1 1 1 0 0 0 1 1 1 1 1 1
14 15 1147 0 1 1 1 1 1 1 1 0 0 1 1 1 1 1
15 15 1110 1 0 1 1 1 0 1 1 1 0 0 1 1 1 1
16 15 1322 0 1 1 0 1 1 0 0 1 1 1 1 1 0 1
17 15 1422 1 0 1 1 0 1 1 0 1 0 1 1 1 1 1
18 15 1472 1 1 1 1 1 1 1 1 1 0 1 0 0 1 0
19 15 1229 0 0 1 0 0 1 1 1 1 1 1 1 1 1 0
20 15 1492 1 1 1 1 1 1 1 1 0 1 1 0 0 1 1
21 15 975 1 1 1 1 1 1 1 1 1 1 0 0 0 1 1
22 15 1266 1 1 1 1 1 1 1 0 1 1 1 1 0 1 1
23 15 1336 1 1 1 1 1 0 0 1 1 1 1 0 1 0 1
24 15 1125 1 1 1 1 1 1 1 1 1 0 1 0 1 0 1
25 15 1380 1 0 1 1 1 1 1 0 0 1 1 0 1 0 1
26 15 1224 1 1 1 1 1 0 0 1 1 0 1 1 1 0 1
27 15 1354 0 0 1 1 1 1 1 0 1 1 0 1 0 1 1
28 15 1326 1 0 1 1 1 1 1 1 1 1 1 1 1 1 0
29 15 1223 1 1 1 0 0 0 1 1 1 1 1 1 1 1 1
30 15 1049 0 1 1 1 1 0 1 1 1 1 1 1 1 1 1
31 15 1413 1 0 1 1 1 1 1 0 1 0 1 1 1 1 1
32 15 1246 1 1 1 0 0 1 1 1 0 0 1 1 1 1 1
33 15 1247 0 1 1 1 1 1 1 0 0 1 1 1 1 1 0
34 15 1221 1 1 1 1 1 1 0 1 1 1 1 0 1 0 1
35 15 1144 0 1 0 1 1 1 1 1 0 1 1 0 1 1 1
36 15 1104 1 1 1 1 1 1 0 0 1 1 0 1 1 0 0
37 15 1435 0 1 1 1 1 1 1 0 1 1 1 1 1 0 1
38 15 1324 1 0 1 1 0 0 1 0 1 1 1 1 1 0 0
39 15 1234 0 1 1 0 1 1 1 1 1 1 0 1 1 1 1
40 15 1168 1 1 1 1 0 1 1 1 0 1 1 0 1 1 1
41 15 1257 1 1 0 1 0 1 1 1 1 0 1 0 1 1 1
42 15 1307 1 1 1 0 1 1 0 0 1 1 1 1 1 1 1
43 15 1255 0 1 1 0 1 1 1 1 0 1 0 1 1 0 1
44 15 1371 1 1 1 1 1 1 1 1 1 0 0 1 0 1 0
45 15 1340 1 1 1 1 1 1 1 1 1 0 1 1 1 0 0
46 15 845 0 1 1 0 1 0 1 1 1 1 1 1 1 0 1
47 15 1184 1 1 1 0 1 1 1 1 0 1 0 1 1 1 0
48 15 954 1 0 1 1 1 0 1 1 0 0 1 1 1 1 0
49 15 1520 0 0 1 1 1 1 1 1 0 1 1 0 1 1 1
50 15 1533 1 1 0 1 0 1 1 0 1 1 1 1 0 0 1
51 15 966 1 1 1 1 0 1 0 0 1 0 1 0 0 1 1
52 15 1182 1 0 1 1 1 1 1 1 1 0 1 1 0 1 1
53 15 1053 0 1 1 0 1 1 0 0 1 1 1 1 1 1 1
54 15 1310 1 1 1 0 1 1 1 0 1 1 1 1 1 0 0
55 15 1230 1 0 0 1 1 1 0 1 1 1 0 1 1 1 0
56 15 1232 1 1 1 1 0 1 0 1 1 1 1 1 1 1 0
57 15 1511 1 1 0 1 1 1 0 1 0 1 1 1 1 1 0
58 15 1163 1 1 1 1 0 1 1 1 1 1 1 0 0 1 1
59 15 1245 0 1 1 1 1 1 1 0 0 1 1 0 1 0 1
60 15 1074 1 1 1 0 0 1 1 1 0 1 0 1 1 1 1
61 15 1473 1 1 0 0 1 1 1 1 0 1 1 0 1 1 1
62 15 1313 1 1 1 1 1 1 1 1 0 1 0 1 1 0 0
63 15 1392 1 1 0 1 1 1 1 1 1 0 1 0 0 1 1
64 15 1117 0 1 1 1 0 1 0 1 1 0 1 1 1 1 1
65 15 1145 1 0 1 0 0 1 1 1 1 1 1 1 0 1 1
66 15 1184 1 0 1 1 1 1 1 1 1 1 1 1 1 0 0
67 15 1313 0 1 1 1 1 1 1 1 1 0 1 1 0 1 1
68 15 1185 1 0 1 0 1 1 1 1 1 0 1 1 0 0 1
69 15 1241 1 1 1 1 0 1 1 1 1 1 0 0 1 0 1
70 15 1221 1 0 1 1 1 1 0 1 1 0 1 1 1 1 0
71 15 1294 1 1 1 1 1 0 1 1 1 0 1 1 1 1 0
72 15 1171 1 1 1 0 1 1 1 1 1 1 0 1 1 0 0
73 15 1027 1 1 1 1 1 0 0 1 1 1 0 1 0 1 1
74 15 987 0 1 0 0 1 1 1 1 0 1 0 0 1 1 1
75 15 1268 0 1 0 0 0 1 0 1 1 1 1 1 1 1 1
76 15 1389 1 1 1 0 1 1 1 1 1 1 1 0 0 1 1
77 15 1126 0 1 0 0 1 1 0 1 1 1 1 0 1 1 0
78 15 1384 1 1 1 1 1 1 1 0 1 1 1 0 0 1 1
79 15 1125 1 0 1 1 0 0 1 0 1 1 1 1 1 1 0
80 15 1253 0 1 0 1 0 0 1 1 0 1 1 1 1 1 1
81 15 1130 1 1 1 1 1 0 1 1 1 0 1 1 1 1 0
82 15 1196 1 0 0 0 1 1 1 1 1 1 1 1 1 0 0
83 15 1112 1 0 1 1 1 0 1 1 0 1 1 1 1 1 1
84 15 1179 1 1 1 0 1 1 1 1 1 1 0 0 1 1 1
85 15 1122 1 1 1 0 1 1 0 0 0 1 0 1 1 1 0
86 15 1080 0 0 1 1 1 1 0 0 1 1 0 1 1 1 1
87 15 1274 1 1 1 1 1 1 0 0 0 0 1 1 1 0 1
88 15 1434 1 0 1 0 1 1 1 1 1 0 1 1 0 1 1
89 15 1200 1 1 1 1 1 1 1 1 1 1 0 0 1 0 1
90 15 1086 1 1 1 1 0 0 1 1 0 1 0 1 1 1 1
91 15 1273 1 1 1 0 1 1 1 1 0 1 1 1 0 1 0
92 15 954 1 1 0 1 1 1 1 0 1 1 1 1 0 1 1
93 15 1218 1 0 0 0 1 1 1 1 1 1 1 1 1 1 0
94 15 1270 1 0 0 0 1 1 1 1 0 1 1 1 1 1 0
95 15 1294 1 1 0 1 1 1 1 1 1 1 1 1 1 1 0
96 15 1177 0 0 1 1 0 1 1 1 1 1 0 1 1 1 1
97 15 1652 1 1 0 1 0 1 1 1 1 1 0 1 0 1 1
98 15 1049 0 1 1 0 1 1 1 0 0 1 1 0 0 1 1
99 15 1438 0 0 1 1 1 1 1 1 0 1 1 0 1 0 1
100 15 1060 1 1 1 1 1 1 0 0 1 1 1 0 1 1 1
