1 30 23247 1 1 0 1 1 1 1 0 1 1 1 1 1 1 1 0 1 0 1 1 1 1 0 0 1 0 1 1 1 0
2 30 25006 1 1 1 0 1 1 1 1 1 1 1 1 0 0 1 0 1 0 0 1 0 1 1 1 1 1 1 0 1 1
3 30 29502 0 1 0 1 1 1 0 0 1 1 1 1 0 1 1 1 1 1 1 1 1 1 0 1 0 1 1 0 1 0
4 30 26188 1 1 0 0 0 1 1 1 1 1 1 1 1 1 1 1 1 0 0 0 1 0 0 1 1 0 1 1 0 1
5 30 26836 1 1 1 1 1 0 1 1 1 1 0 1 1 0 1 0 1 1 1 1 1 0 0 1 1 1 0 0 1 1
6 30 27929 1 1 1 0 1 1 1 1 1 1 0 0 1 1 0 0 1 1 1 1 1 0 0 1 0 1 1 1 0 0
7 30 27353 1 0 1 1 0 1 1 0 1 1 0 1 1 1 0 0 1 0 0 1 1 0 1 1 1 1 1 1 1 1
8 30 28317 1 1 1 0 0 1 1 1 1 0 0 1 0 1 1 0 1 1 1 1 1 1 1 0 0 1 1 1 0 1
9 30 28215 1 1 1 1 0 1 0 0 0 1 1 1 1 1 0 1 1 0 0 1 1 0 1 1 1 1 1 1 1 1
10 30 28105 1 1 1 1 1 1 1 0 0 1 1 1 1 0 0 1 1 1 1 1 1 0 1 1 0 0 1 1 0 1
1 30 23266 0 1 1 0 1 1 0 1 1 1 0 1 1 1 0 1 1 1 0 1 1 0 0 1 1 1 1 1 1 1
2 30 24927 0 0 1 1 1 1 1 1 1 0 1 1 0 0 1 0 1 1 1 1 1 1 1 0 0 1 1 1 1 1
3 30 29493 0 1 0 1 0 1 0 0 1 1 1 1 0 0 1 0 1 1 1 1 1 1 1 1 0 1 1 1 1 1
4 30 26204 1 1 0 0 1 1 1 1 1 0 1 0 1 0 1 1 1 0 0 0 1 1 1 0 1 1 0 1 1 1
5 30 26887 1 1 1 1 1 0 0 1 1 1 1 1 1 1 1 1 1 0 1 1 0 0 1 1 0 1 0 0 1 1
6 30 27946 1 1 1 1 1 0 1 0 0 1 0 0 1 0 1 1 1 1 1 0 1 1 0 1 0 1 0 1 1 1
7 30 27381 0 0 1 1 0 1 1 0 1 1 1 1 1 1 0 1 1 1 1 0 1 0 1 1 1 1 0 1 1 0
8 30 28307 0 1 1 1 1 1 1 1 1 0 1 0 0 1 1 1 0 1 0 0 1 0 1 1 1 1 0 1 1 1
9 30 28193 1 1 1 1 0 1 1 0 1 1 1 1 1 1 0 1 0 1 1 1 1 0 1 1 0 1 1 0 1 0
10 30 28132 1 1 0 1 1 1 1 0 0 1 1 1 0 1 1 1 0 1 1 1 1 1 1 0 1 1 1 1 0 1
1 30 23518 1 1 1 0 1 1 1 0 1 1 1 1 1 1 1 1 1 1 1 0 0 1 0 1 0 1 1 1 1 0
2 30 24969 1 1 1 1 0 1 1 1 1 1 1 1 0 1 1 0 1 1 0 0 1 1 1 0 0 1 1 0 1 1
3 30 29171 1 0 1 1 1 1 0 0 1 1 1 0 0 0 1 0 1 1 1 1 1 0 1 1 0 1 1 1 0 1
4 30 26429 0 1 1 0 1 1 1 1 1 1 1 1 1 0 1 1 0 0 1 1 1 1 1 0 0 1 1 1 0 0
5 30 26893 1 1 0 1 0 0 0 0 1 1 1 1 1 1 1 1 1 1 1 0 0 1 1 0 1 1 1 1 1 1
6 30 27943 0 0 1 1 0 1 1 1 0 1 1 0 1 1 1 0 1 0 1 0 1 1 0 1 1 1 0 1 1 1
7 30 27593 1 1 0 0 1 1 1 0 0 1 1 1 1 1 1 1 1 0 1 1 0 1 0 0 1 1 1 1 1 1
8 30 28266 0 0 1 1 1 0 1 0 1 1 1 1 1 1 0 0 1 1 0 1 1 0 1 1 1 1 1 1 0 1
9 30 28211 1 1 1 1 0 1 0 1 1 1 0 0 1 1 0 0 1 0 1 1 1 1 1 1 1 1 1 0 1 1
10 30 28113 1 0 1 1 1 0 1 0 0 1 1 1 0 0 1 1 0 1 0 1 1 1 1 1 1 1 1 1 1 1
1 30 23492 1 1 1 1 1 1 1 0 1 1 1 1 1 1 1 0 1 1 1 0 1 0 0 1 1 0 1 1 1 0
2 30 25002 1 1 1 1 1 0 1 1 1 0 1 1 0 0 1 0 1 1 0 1 1 1 1 1 0 1 0 1 1 1
3 30 29258 1 1 1 1 1 1 1 0 1 1 1 1 0 1 0 0 1 0 1 1 1 1 0 0 1 0 1 0 0 1
4 30 26430 1 1 1 1 1 1 1 1 1 0 0 0 1 1 1 1 0 1 0 0 1 1 1 0 1 1 0 1 1 0
5 30 26657 1 1 0 1 1 1 1 1 1 0 1 1 0 1 1 0 0 1 1 1 1 0 0 0 1 1 1 0 1 1
6 30 27918 0 1 1 1 1 1 1 1 1 1 0 0 1 1 1 0 1 0 1 0 1 0 1 1 0 1 1 1 0 0
7 30 27370 0 0 1 1 1 1 0 1 0 1 0 1 1 1 1 1 1 0 1 1 0 1 1 0 1 1 0 1 1 1
8 30 28564 0 1 1 1 0 1 1 0 0 1 1 1 0 1 1 0 1 1 1 1 1 1 1 1 1 1 0 1 0 1
9 30 28453 1 1 1 1 0 1 0 1 1 1 1 1 1 1 0 1 0 0 1 1 1 0 1 1 1 1 1 0 1 1
10 30 28103 1 1 0 1 1 0 1 0 1 1 1 1 0 0 0 1 0 1 1 1 1 1 1 1 1 1 1 1 0 1
1 30 23027 1 1 0 0 1 1 0 1 1 0 0 1 1 1 0 1 1 1 1 1 1 0 0 1 1 0 1 1 1 1
2 30 24985 1 1 1 1 1 0 0 1 1 1 1 1 1 1 0 0 1 1 0 1 1 1 1 0 0 1 0 1 1 1
3 30 29730 0 0 0 1 0 1 1 1 1 1 1 0 1 1 1 1 1 1 1 1 1 1 1 0 0 1 1 1 1 0
4 30 26455 1 1 1 0 0 1 1 1 1 1 1 0 1 0 1 1 0 1 1 0 0 0 1 1 1 1 1 1 0 1
5 30 26885 1 1 1 0 1 1 0 0 1 1 1 1 1 1 1 0 1 1 1 1 1 1 0 0 0 0 1 1 1 1
6 30 27939 1 1 1 1 0 0 1 1 1 1 0 0 1 1 1 1 1 0 1 0 1 1 1 0 0 1 1 1 0 0
7 30 27359 1 1 1 0 1 0 1 1 0 0 0 1 1 0 1 1 1 1 1 1 1 0 1 1 0 1 1 1 0 1
8 30 28041 1 1 1 0 0 0 1 0 1 0 0 0 1 1 1 1 1 1 1 1 0 1 1 1 1 0 0 1 1 1
9 30 27981 1 1 1 1 0 0 0 0 1 1 1 1 1 1 1 1 0 1 1 0 0 0 1 1 0 1 1 1 1 1
10 30 27619 1 0 1 1 1 1 1 0 0 1 0 0 1 1 1 1 0 1 1 0 0 0 1 1 1 1 1 0 1 1
