1 32 25277 1 1 1 1 0 1 1 0 1 1 1 1 1 1 1 1 1 1 0 1 1 0 0 1 0 1 1 1 1 1 1 1
2 32 26540 1 0 1 1 1 1 1 1 1 0 0 1 1 0 1 1 0 1 1 1 1 0 1 1 1 1 1 1 1 0 1 0
3 32 29521 0 1 1 1 1 1 1 1 1 1 0 1 1 1 1 1 1 0 1 0 1 0 0 1 1 0 1 1 1 1 0 1
4 32 29014 1 1 1 1 1 1 1 1 1 1 0 1 1 0 1 0 0 1 1 1 0 1 1 0 1 1 1 1 0 1 0 1
5 32 26418 1 1 1 1 0 1 1 0 1 1 1 1 1 1 1 0 1 1 0 1 1 1 0 1 0 1 1 1 1 1 0 1
6 32 30891 0 0 1 1 1 1 0 0 1 1 1 0 1 1 1 1 0 1 1 1 1 1 1 1 0 1 0 1 0 1 1 1
7 32 28265 1 1 1 1 1 1 1 1 0 0 0 1 1 1 1 1 0 1 1 1 1 1 0 1 0 1 1 0 1 1 1 0
8 32 29692 1 1 1 1 0 1 1 1 1 0 1 1 0 1 1 1 0 1 1 1 1 1 1 0 1 1 1 1 1 1 0 0
9 32 30601 1 0 1 1 1 1 1 1 1 1 1 1 1 1 0 1 0 1 1 1 1 1 0 0 1 0 1 0 0 1 1 1
10 32 27195 1 1 1 1 1 0 1 1 1 1 0 1 0 1 1 0 0 1 1 1 1 1 1 1 1 1 1 0 1 1 1 0
11 32 25803 0 1 1 1 0 1 1 1 1 1 1 1 1 1 1 1 1 0 1 1 1 1 1 1 1 1 0 0 1 1 1 0
12 32 27223 1 1 1 0 0 1 0 1 1 0 1 1 1 1 1 1 1 1 0 0 0 1 1 1 1 1 1 1 1 1 1 1
13 32 27023 1 1 1 0 1 1 0 1 0 1 1 1 1 0 1 1 1 1 1 1 1 0 1 0 1 0 1 1 1 1 1 1
14 32 25237 1 1 1 1 1 0 1 1 0 1 1 1 1 0 1 1 1 0 1 1 1 1 0 1 1 1 1 1 1 1 1 0
15 32 27976 1 1 1 1 1 1 1 0 0 1 1 1 1 0 1 1 1 1 1 0 1 1 1 1 1 1 1 1 0 0 1 1
16 32 28737 1 1 1 1 1 1 0 0 1 1 1 0 1 1 0 1 1 1 0 0 1 1 1 0 1 1 1 1 1 1 1 1
17 32 31276 1 0 1 0 1 1 1 1 0 1 0 1 1 0 1 0 1 1 1 1 1 1 1 1 1 0 1 1 1 1 1 1
18 32 26480 1 1 1 1 1 1 1 1 1 1 1 0 1 1 1 1 0 1 1 0 1 1 0 0 1 0 1 0 0 1 1 1
19 32 30011 1 1 0 1 1 1 1 1 1 0 1 0 1 0 1 1 1 1 1 0 0 1 0 1 1 1 1 1 0 0 1 1
20 32 24984 1 1 0 1 1 0 1 0 1 1 1 1 1 1 1 1 0 1 1 1 1 1 0 0 1 1 1 1 1 1 1 1
21 32 29789 1 1 0 1 1 1 0 0 1 1 1 1 1 1 1 0 1 0 1 1 1 1 1 1 1 0 1 1 1 1 0 1
22 32 26753 1 1 1 1 0 1 0 0 0 1 0 1 1 1 1 1 0 1 1 1 1 1 1 1 1 1 1 0 1 1 0 1
23 32 25047 1 1 1 1 0 1 1 0 1 1 0 0 1 1 1 1 1 1 0 1 1 1 1 1 0 1 1 1 1 1 1 0
24 32 31203 0 1 0 1 1 1 0 0 1 1 1 1 1 1 1 1 1 1 0 0 1 1 0 1 1 1 1 1 0 1 1 1
25 32 25190 1 1 1 1 0 1 1 1 1 1 1 1 0 1 1 1 1 1 1 1 0 1 1 1 1 1 0 0 1 1 1 0
26 32 29189 1 1 0 1 0 1 0 1 1 1 1 1 1 1 1 1 1 1 1 1 1 0 1 1 1 0 1 0 1 0 1 1
27 32 28961 1 1 1 1 1 1 1 0 1 1 0 0 0 1 1 0 1 0 1 0 1 1 1 1 1 1 1 1 1 1 1 1
28 32 28531 1 1 1 1 1 1 1 0 1 0 1 1 1 1 0 1 1 0 1 1 1 1 1 1 0 1 1 1 0 1 0 1
29 32 29309 1 1 1 0 1 1 1 0 1 1 1 1 0 1 1 0 1 1 0 1 1 1 1 1 1 1 0 0 1 1 1 1
30 32 27349 1 0 1 1 1 1 1 0 1 1 1 1 0 0 1 1 1 1 0 1 0 0 1 1 1 1 1 1 1 1 1 0
31 32 27583 0 1 1 1 1 0 0 1 1 1 1 0 1 1 0 1 1 1 0 1 1 0 1 1 1 1 1 0 1 1 1 1
32 32 31522 1 1 1 1 0 1 1 1 0 0 1 1 1 1 1 1 1 1 1 0 1 0 1 0 1 1 1 0 0 1 1 1
33 32 25617 0 0 1 1 1 1 0 1 1 0 0 0 1 1 1 0 1 1 1 1 1 1 1 1 1 1 1 1 1 1 1 1
34 32 28959 1 1 0 1 1 0 0 1 1 1 1 1 0 1 0 1 1 0 1 0 1 0 1 1 1 1 1 1 1 1 1 1
35 32 27737 1 1 1 1 0 1 1 1 1 1 1 1 1 1 1 1 0 1 1 0 1 1 1 0 1 1 0 1 0 1 0 1
36 32 30026 0 0 1 1 1 1 1 1 1 1 1 1 1 0 0 1 1 1 1 1 1 1 1 1 1 1 0 1 0 1 1 0
37 32 28128 1 1 1 1 1 1 1 1 1 1 0 1 1 1 0 1 1 1 1 1 1 1 1 1 0 1 0 0 1 0 1 0
38 32 28038 0 1 1 1 1 1 1 0 1 0 1 1 1 1 0 0 1 1 1 1 1 1 1 1 0 1 1 1 0 1 1 0
39 32 27734 0 1 1 0 1 0 1 1 0 1 1 1 1 1 0 1 0 1 0 1 1 1 1 1 1 1 1 1 1 1 1 1
40 32 28924 1 1 1 1 1 1 0 0 1 1 0 1 1 0 1 1 1 1 1 1 1 0 1 0 1 0 1 1 1 1 0 1
41 32 26710 1 1 1 1 0 1 1 1 1 1 1 1 0 1 1 1 1 0 1 1 1 0 1 0 1 1 1 1 1 1 0 0
42 32 27813 1 1 1 1 1 0 1 0 0 1 1 0 1 1 1 1 1 1 1 1 0 1 1 1 1 0 1 1 1 1 1 0
43 32 28107 1 1 1 1 0 1 0 1 1 1 0 0 1 1 1 1 1 0 1 1 1 1 1 1 1 0 1 1 1 0 1 1
44 32 24609 1 0 0 1 1 1 0 1 1 1 1 1 1 1 1 1 0 1 1 1 1 1 1 1 1 1 1 1 0 1 0 0
45 32 28824 1 1 1 0 0 1 0 0 1 1 1 1 1 1 1 0 1 1 1 1 0 1 1 1 1 1 1 1 1 1 0 1
46 32 28310 1 1 1 1 1 1 0 1 1 1 1 1 0 1 1 1 1 1 1 1 1 0 1 1 1 1 0 1 0 1 0 0
47 32 29310 1 1 1 1 1 1 1 0 0 1 1 1 1 1 1 0 1 0 0 1 1 0 1 1 1 1 1 0 1 1 1 1
48 32 27686 1 0 1 1 0 1 0 1 0 1 1 0 1 1 1 1 0 1 1 1 1 0 1 1 0 1 1 1 1 1 1 1
49 32 26060 1 1 1 1 1 1 0 1 1 1 1 1 1 0 1 0 0 1 1 1 1 0 1 1 0 1 1 1 1 0 1 1
50 32 24253 1 1 0 1 1 1 1 0 1 1 0 0 1 1 1 1 1 1 0 1 1 0 1 1 1 1 1 1 1 1 1 1
51 32 30078 1 1 1 1 0 0 0 1 1 1 1 1 0 1 0 1 0 1 1 1 1 1 1 1 1 1 1 1 1 1 0 0
52 32 25869 0 1 0 0 1 1 1 1 1 1 1 1 1 1 1 1 1 0 0 0 1 1 1 1 1 0 0 1 1 1 1 1
53 32 27076 1 1 1 0 1 1 1 1 0 1 0 1 0 0 1 1 0 1 1 1 1 1 1 0 1 1 1 1 1 1 1 1
54 32 31133 1 0 1 1 1 1 1 1 1 0 1 1 1 1 1 0 0 1 0 1 0 1 1 1 1 1 0 1 1 1 0 1
55 32 27326 1 1 1 1 1 1 1 0 1 1 1 0 1 1 1 1 1 1 1 0 1 1 1 0 0 1 1 0 1 1 0 1
56 32 25823 0 0 1 1 1 1 0 1 1 1 1 1 1 1 0 1 0 1 1 1 1 1 0 1 1 0 1 1 1 1 1 1
57 32 24775 1 1 1 1 0 0 0 1 1 1 1 1 0 0 1 1 1 1 0 1 1 1 1 1 1 1 1 1 0 1 1 1
58 32 28167 1 1 1 1 1 0 1 1 1 0 1 1 0 0 1 1 1 1 1 1 1 0 1 0 1 1 1 1 1 1 0 0
59 32 26438 1 1 1 1 0 1 1 0 0 1 1 1 0 1 1 1 0 1 1 1 1 0 1 1 1 1 0 1 1 1 1 1
60 32 28339 1 0 1 0 1 1 0 1 1 1 1 1 1 1 1 0 1 1 1 1 0 1 1 1 1 1 0 1 1 1 0 1
61 32 26031 1 1 0 1 0 1 1 1 1 0 1 1 1 1 1 1 1 1 1 1 1 0 0 1 1 1 0 1 1 1 1 0
62 32 23850 0 1 1 1 1 1 0 1 0 1 1 1 1 1 1 1 1 1 1 0 1 1 1 1 0 1 0 0 1 1 1 0
63 32 30746 1 1 1 1 1 0 0 0 1 1 0 1 1 1 1 1 0 0 1 1 0 1 1 1 1 1 1 1 1 1 1 1
64 32 30143 1 0 1 0 1 1 1 1 0 1 1 1 1 1 1 1 1 1 1 0 1 1 1 0 1 1 0 0 1 1 1 0
65 32 27563 1 1 0 1 1 1 0 0 1 0 1 1 1 1 1 1 0 1 1 1 1 1 0 1 0 0 1 1 1 1 1 1
66 32 30328 1 1 0 0 0 1 0 1 1 1 1 1 0 1 1 1 1 1 1 1 1 1 1 1 1 1 1 0 0 1 0 1
67 32 26412 0 1 1 1 1 1 0 1 1 1 1 1 0 1 0 1 1 1 1 1 1 0 1 0 0 1 1 0 1 1 1 1
68 32 27131 1 0 1 1 0 1 1 0 1 1 0 1 1 1 1 0 1 1 1 1 1 1 1 1 1 0 1 1 1 1 1 0
69 32 25892 0 1 1 1 1 1 1 1 1 0 1 0 1 1 1 1 1 1 1 1 1 0 1 0 0 1 1 0 1 1 0 1
70 32 24810 0 1 0 1 0 1 1 1 1 1 1 1 1 0 1 1 1 1 0 1 1 1 1 1 1 1 0 1 1 1 1 1
71 32 26123 1 1 0 1 1 1 1 1 0 0 1 1 1 0 1 1 1 1 1 1 1 1 1 1 1 0 1 1 0 1 0 1
72 32 27483 1 1 0 1 1 0 1 0 0 1 1 1 1 1 1 1 1 1 1 1 1 0 1 1 0 1 0 1 1 0 1 1
73 32 28476 0 1 1 1 1 0 0 0 1 1 1 1 1 1 1 1 1 1 0 1 1 1 1 1 1 1 1 0 1 0 1 0
74 32 26823 1 1 1 0 1 1 1 1 0 0 0 0 1 1 1 1 1 1 1 1 1 1 1 1 0 1 1 1 1 0 0 1
75 32 27191 1 0 1 1 0 1 0 1 1 1 1 1 0 1 1 0 1 0 1 1 1 1 1 1 0 1 1 1 1 1 1 1
76 32 27862 0 1 1 1 1 0 1 1 1 0 0 1 1 1 1 1 1 1 1 1 1 1 0 0 1 1 1 1 1 1 0 1
77 32 26576 0 1 1 1 1 0 0 1 1 1 1 1 1 1 1 0 1 1 0 1 1 1 1 1 0 1 0 1 1 1 1 1
78 32 30963 0 1 0 1 1 1 0 0 1 1 1 1 1 1 1 1 1 1 0 1 1 1 1 1 1 1 1 1 0 0 1 1
79 32 25117 0 1 0 1 1 1 1 1 1 1 1 1 1 1 1 1 1 1 0 1 1 1 1 0 1 1 0 0 1 0 1 1
80 32 29084 0 1 1 0 1 0 1 0 1 1 1 1 1 0 1 1 1 1 1 0 0 1 1 1 1 1 0 1 1 1 1 1
81 32 24261 0 0 1 1 1 0 1 0 1 0 1 1 1 1 1 1 1 1 1 1 1 1 1 1 1 1 1 0 1 0 1 1
82 32 26238 1 1 1 1 1 1 1 0 0 1 0 1 0 1 0 1 1 1 1 1 1 1 1 1 1 1 1 1 1 0 0 1
83 32 28483 1 1 0 0 1 1 0 0 1 1 1 1 0 1 1 1 1 1 1 1 1 0 1 1 0 0 1 1 1 1 1 1
84 32 27976 0 1 1 1 1 1 1 0 1 1 1 0 1 1 1 1 0 1 1 0 1 0 0 1 1 1 1 1 1 0 1 1
85 32 30211 0 1 0 1 1 1 1 1 1 1 1 1 0 1 0 1 1 1 1 1 1 1 0 1 1 1 1 1 0 1 1 0
86 32 25483 1 1 1 1 0 1 1 1 1 0 1 1 1 1 0 1 1 1 1 1 0 1 1 1 0 1 0 1 1 0 1 1
87 32 29062 1 1 0 0 0 1 1 1 1 1 1 1 1 0 0 0 1 1 1 1 1 1 1 1 1 1 1 0 1 1 1 1
88 32 25776 0 1 1 1 1 1 1 1 1 1 0 1 1 1 0 1 0 1 1 1 1 0 1 0 1 1 1 1 0 1 1 1
89 32 29881 1 1 0 1 1 1 0 1 1 1 0 1 1 1 1 0 0 0 1 1 1 1 1 1 1 1 1 1 1 1 1 0
90 32 29485 1 0 1 1 1 1 1 1 0 0 1 0 1 1 1 0 1 1 1 1 1 1 0 1 1 1 1 1 1 1 0 0
91 32 27555 0 0 0 1 1 1 1 1 1 1 1 1 0 1 0 0 1 1 1 1 1 1 1 1 0 0 1 1 1 1 1 1
92 32 25634 1 1 1 1 1 1 1 1 1 0 0 1 1 1 1 1 1 1 0 1 1 0 1 1 1 0 0 1 1 1 0 1
93 32 28884 1 1 1 0 1 0 1 0 1 1 0 1 1 0 1 0 1 1 1 1 1 0 1 1 1 1 1 1 1 1 1 1
94 32 29064 0 1 1 1 1 1 1 1 1 0 1 1 1 1 1 1 1 0 1 1 0 1 1 1 1 0 1 1 0 1 1 0
95 32 30624 1 1 1 0 1 1 1 1 0 1 0 1 1 0 1 1 1 1 1 1 0 1 0 1 0 1 0 1 1 1 0 1
96 32 29581 0 0 1 0 1 0 1 1 1 1 1 1 1 1 1 1 0 1 1 1 0 1 1 1 1 0 0 1 1 1 1 1
97 32 24767 1 1 1 1 0 1 0 1 0 0 0 1 1 1 1 1 1 1 1 1 0 1 1 1 1 1 1 1 1 1 0 1
98 32 25825 1 1 0 1 1 1 0 1 1 1 1 1 1 0 0 1 1 1 1 1 1 0 0 1 1 0 1 1 1 0 1 1
99 32 25908 1 1 0 1 0 1 0 1 1 0 1 1 1 0 1 1 1 0 1 1 1 1 1 1 1 1 1 1 1 1 0 1
100 32 28006 1 1 1 1 0 0 0 0 1 1 1 1 0 1 1 1 0 0 1 1 1 1 1 1 1 1 1 1 1 1 0 0
101 32 27357 1 1 1 1 1 1 1 0 1 1 0 1 1 1 0 1 1 1 0 1 0 1 1 1 1 0 1 0 1 1 1 1
102 32 31239 1 1 1 1 1 1 1 0 0 0 1 0 1 0 0 1 1 1 0 1 0 1 1 1 1 1 1 1 1 1 1 1
103 32 23773 1 1 1 1 0 1 1 1 1 1 1 0 1 1 1 1 1 0 0 1 1 1 1 0 0 1 1 1 1 1 1 1
104 32 27142 1 1 1 1 1 1 1 0 1 0 1 1 0 1 1 0 1 1 1 1 1 1 1 1 1 0 1 1 1 1 1 0
105 32 27031 0 1 1 1 0 0 1 0 0 1 1 1 1 1 1 1 1 1 1 1 1 1 1 1 1 1 1 1 0 1 0 1
106 32 28401 0 1 0 1 1 0 1 1 1 0 0 0 1 1 1 1 0 1 1 0 1 1 1 1 1 1 1 1 1 1 1 1
107 32 32196 1 1 1 1 1 1 1 1 1 1 1 0 0 1 0 1 0 1 1 1 1 0 1 0 1 1 0 1 1 0 1 1
108 32 30387 1 1 0 1 1 1 1 1 1 1 0 1 1 1 0 1 1 1 0 0 1 0 1 1 1 1 1 0 1 1 0 1
109 32 29683 0 0 1 0 1 1 1 1 1 1 1 1 1 1 1 0 1 1 0 1 1 1 0 1 0 0 1 1 1 1 0 1
110 32 27012 1 1 1 1 0 1 1 1 1 0 0 1 1 1 1 1 1 1 1 1 0 0 0 1 1 1 1 0 1 1 1 1
111 32 24999 1 0 1 0 0 1 1 1 1 1 1 1 1 1 1 1 0 0 1 1 1 1 1 1 1 1 0 0 1 1 1 1
112 32 25206 1 1 1 1 1 1 0 1 1 0 1 1 1 1 0 1 1 1 1 1 0 1 1 1 1 1 0 1 1 1 0 1
113 32 33152 0 1 0 1 1 1 0 1 1 1 1 0 1 1 1 1 1 1 0 1 1 1 1 1 0 1 1 1 1 1 0 0
114 32 29596 1 1 1 0 0 1 1 1 1 1 1 0 1 0 1 1 1 0 0 1 0 1 1 1 1 1 0 1 1 1 1 1
115 32 31080 1 0 1 1 1 1 0 1 1 1 1 0 0 1 1 1 1 0 1 1 0 1 1 1 0 0 1 1 1 1 1 1
116 32 28433 1 1 0 1 1 1 0 1 1 1 1 0 1 1 1 1 1 1 1 0 1 1 0 0 1 1 1 1 1 0 0 1
117 32 29393 0 1 1 1 0 1 1 1 1 1 1 1 1 1 1 1 1 0 1 0 0 1 1 1 1 1 1 1 1 1 0 0
118 32 26455 1 1 0 1 1 1 1 1 0 1 1 1 1 0 1 0 1 0 1 1 1 1 1 1 0 0 1 1 1 1 1 0
119 32 29331 0 0 1 1 1 1 1 1 1 0 1 1 0 1 1 1 1 1 1 1 1 1 1 1 1 1 0 1 1 1 0 0
120 32 30221 1 1 1 0 1 0 0 0 1 0 1 1 1 1 1 1 0 1 1 0 1 1 0 1 1 1 1 1 1 1 1 1
121 32 26565 1 1 1 0 1 0 1 1 0 1 1 1 1 1 1 1 0 1 0 1 1 1 1 1 1 1 0 1 0 1 1 1
122 32 29406 1 1 0 1 1 1 1 0 1 1 1 1 1 1 0 1 1 1 1 1 1 0 1 0 1 1 1 0 0 1 0 1
123 32 29460 1 0 1 1 1 0 0 1 1 1 1 1 1 1 1 1 1 1 1 1 0 1 1 1 0 1 1 1 1 0 0 1
124 32 27197 1 1 1 1 1 1 1 1 1 0 1 0 1 1 0 0 1 1 0 1 1 0 1 1 1 1 0 1 1 1 1 1
125 32 27839 1 0 0 0 1 0 1 1 1 1 1 0 1 1 1 1 1 1 0 1 0 1 1 1 1 1 1 1 1 1 1 0
126 32 27238 1 1 0 1 1 1 0 1 1 1 1 0 1 0 1 1 1 1 1 0 1 1 1 1 1 1 0 0 1 1 1 1
127 32 26467 1 1 1 1 0 1 1 1 1 1 0 1 1 1 0 1 1 1 1 1 0 1 1 1 1 1 1 0 0 1 1 0
128 32 26617 1 1 1 1 0 1 1 1 1 0 1 1 1 1 1 1 1 0 1 1 0 1 1 1 0 1 1 1 1 1 1 0
129 32 24337 1 1 1 1 1 1 1 1 1 1 0 1 1 1 1 1 1 1 1 0 1 1 1 0 0 0 0 1 1 1 1 0
130 32 28532 1 1 1 1 1 1 0 0 1 1 1 1 1 1 0 1 0 0 1 1 1 1 1 1 1 0 1 1 1 1 0 1
131 32 29852 0 1 1 0 0 0 1 1 1 1 1 1 0 1 1 0 1 1 1 1 1 0 1 1 1 1 1 1 1 1 1 0
132 32 24343 1 1 1 1 0 0 1 0 1 1 1 1 1 1 1 1 1 1 1 1 1 0 1 0 0 1 1 1 0 1 1 1
133 32 23374 1 1 1 0 1 0 1 0 1 1 0 1 1 1 1 1 0 1 1 1 1 1 1 1 1 1 1 1 1 0 1 1
134 32 28553 1 1 0 1 1 0 1 1 1 0 1 1 1 1 1 0 1 1 1 1 1 1 1 1 1 0 0 0 1 1 1 0
135 32 25055 0 0 1 1 1 1 1 1 1 1 1 1 1 1 0 1 1 0 1 0 1 1 1 1 1 1 0 1 0 1 1 1
136 32 28595 0 1 1 1 1 1 1 1 1 1 1 1 0 1 1 1 1 1 0 1 1 1 0 0 1 0 1 1 1 1 1 0
137 32 27812 1 0 1 1 1 1 1 1 1 1 1 0 1 1 0 1 0 1 0 1 1 1 0 0 1 1 1 1 1 1 1 0
138 32 27589 1 1 1 0 1 1 1 1 0 0 1 0 1 1 0 1 1 1 0 1 1 0 1 1 1 1 1 1 1 1 1 1
139 32 27186 1 1 1 0 1 0 1 1 1 0 0 1 1 1 1 0 0 1 1 1 1 1 1 1 1 0 1 1 0 1 1 1
140 32 23987 0 1 1 0 1 1 1 1 0 1 1 1 1 1 1 1 1 1 0 0 1 0 0 1 1 1 1 1 1 1 1 1
141 32 27076 1 1 1 1 1 1 1 1 0 1 1 1 1 0 1 1 1 1 1 1 1 0 1 1 0 1 0 0 1 0 1 1
142 32 29304 1 1 1 0 1 1 0 1 0 1 1 1 1 1 1 1 1 1 1 0 1 0 1 1 1 1 1 1 0 1 1 0
143 32 27007 1 1 1 1 1 1 0 0 1 1 1 1 0 1 1 1 1 1 1 1 0 1 1 0 1 1 1 0 1 0 1 0
144 32 29099 0 1 1 1 1 1 1 1 1 1 0 0 1 1 1 1 1 1 1 1 1 0 1 1 0 0 0 1 1 1 1 1
145 32 26285 0 1 1 0 1 1 0 1 1 1 0 1 1 0 1 1 0 1 1 1 1 1 1 1 1 1 0 0 1 1 1 1
146 32 28466 1 1 1 1 1 1 0 0 1 0 1 1 1 1 1 0 1 1 1 1 1 1 0 1 1 1 1 1 1 0 1 0
147 32 25975 1 1 1 1 1 1 0 0 1 1 0 1 1 0 1 1 1 1 0 1 0 1 1 1 0 1 1 1 1 1 1 1
148 32 28273 1 1 1 1 0 1 0 0 0 1 1 0 1 1 1 0 0 1 1 1 1 1 1 1 1 1 1 1 1 1 1 1
149 32 27487 1 1 1 0 1 1 1 0 1 1 0 1 1 1 1 1 1 1 0 1 1 0 1 1 1 1 0 0 1 1 1 1
150 32 27448 1 1 0 0 1 1 1 1 0 0 1 1 0 0 1 1 1 1 1 1 1 1 1 1 0 1 1 1 1 0 1 1
151 32 28239 1 1 1 1 1 0 1 1 1 1 1 1 1 0 1 1 1 1 1 1 0 1 0 1 0 1 1 1 0 0 0 1
152 32 31307 1 1 1 1 1 1 0 1 1 1 1 1 0 0 1 1 1 1 1 1 1 1 0 0 1 0 1 1 1 1 0 1
153 32 28992 1 1 1 1 1 1 1 0 0 0 1 1 1 1 0 1 1 0 0 1 1 0 1 0 1 1 1 1 1 1 1 1
154 32 31166 1 1 1 1 1 1 1 1 1 1 0 1 1 1 1 0 1 1 0 1 1 1 1 1 1 1 1 1 0 0 0 0
155 32 24694 0 1 0 0 0 1 1 1 1 1 1 1 1 1 1 1 1 1 0 1 1 1 1 1 1 1 1 1 1 1 1 0
156 32 22980 1 0 1 1 1 1 1 1 1 1 0 0 1 1 1 1 1 1 1 0 0 1 1 1 1 1 1 0 1 1 1 1
157 32 31477 0 1 1 0 1 1 0 1 1 0 1 1 1 1 0 1 1 1 1 1 0 0 1 0 1 1 1 1 1 0 1 1
158 32 26910 0 1 0 1 1 1 1 1 1 1 1 0 1 0 1 0 1 1 1 1 1 1 1 1 1 1 1 0 1 1 1 1
159 32 31519 0 1 1 1 1 1 1 0 1 1 1 1 0 0 1 1 1 0 1 1 1 1 1 0 1 1 1 0 1 1 1 1
160 32 25888 1 0 1 0 1 1 1 1 1 1 1 0 1 1 0 1 0 1 1 1 1 1 1 1 1 0 1 1 0 1 1 1
161 32 23811 1 0 1 1 1 1 1 1 0 1 1 1 0 1 1 0 0 1 0 1 1 1 1 0 1 1 1 1 1 1 1 1
162 32 28950 1 1 0 1 1 1 1 0 1 1 1 1 1 1 1 1 1 1 0 1 1 1 0 1 0 1 1 1 0 1 1 0
163 32 26099 1 0 1 0 1 1 1 1 0 1 1 1 1 1 1 1 0 1 1 1 1 0 1 1 1 1 0 1 1 0 1 1
164 32 26534 1 0 1 1 1 1 1 0 1 1 1 1 0 1 1 1 1 0 1 1 0 1 1 1 0 1 1 1 0 0 1 1
165 32 27973 1 1 0 0 1 1 1 1 0 0 1 1 1 1 0 1 1 1 1 0 0 0 1 1 1 1 1 1 1 1 1 1
166 32 29337 0 1 1 1 0 1 0 0 1 1 1 1 1 1 1 0 1 1 1 1 1 1 1 0 1 1 1 1 1 0 1 0
167 32 23282 0 1 1 1 1 1 1 1 1 0 1 1 1 1 1 1 0 1 1 1 1 1 1 1 1 0 1 1 0 1 0 1
168 32 27861 1 1 1 1 1 1 0 1 1 0 1 1 1 1 0 1 1 0 1 0 1 1 1 0 0 1 1 1 1 1 1 0
169 32 25020 1 1 0 1 1 1 1 0 1 1 1 0 1 1 1 1 0 0 1 0 1 1 1 0 1 1 1 1 1 1 1 1
170 32 31449 0 0 1 0 1 1 1 0 0 1 1 1 1 1 1 1 1 1 1 1 1 1 1 0 1 0 0 0 1 1 1 1
171 32 25073 1 1 1 0 1 1 1 0 1 0 1 0 1 1 1 1 0 1 1 1 0 1 1 1 1 1 0 1 1 1 1 1
172 32 27613 1 1 1 1 0 1 1 1 0 1 1 0 0 1 0 1 1 0 1 1 1 1 0 1 1 1 1 1 1 1 1 1
173 32 28501 1 1 1 1 1 0 1 1 1 1 1 0 1 1 1 0 0 1 1 0 1 1 0 1 1 0 1 1 1 1 1 1
174 32 23192 1 0 1 0 1 1 0 1 1 1 0 1 1 1 1 1 1 1 1 1 1 0 1 1 1 1 1 1 0 1 1 0
175 32 26825 1 1 1 1 1 1 1 1 1 1 1 1 1 1 0 0 1 1 1 1 1 1 1 0 1 1 1 0 0 1 0 0
176 32 28509 0 1 1 1 1 1 1 1 1 1 1 1 0 1 0 1 1 1 1 1 0 1 1 0 1 0 1 1 0 1 1 1
177 32 30542 0 1 1 1 0 1 1 1 0 1 1 1 1 1 1 1 1 1 1 1 0 1 0 0 1 1 1 0 0 1 1 1
178 32 27544 1 1 1 0 1 0 1 1 1 1 1 1 1 1 1 1 0 0 0 0 1 0 1 1 1 1 1 1 0 1 1 1
179 32 24621 1 0 1 1 1 1 1 0 1 1 1 0 1 1 0 0 1 1 1 1 1 1 1 1 1 1 0 1 1 1 1 1
180 32 30507 0 1 1 1 1 1 1 0 1 0 1 1 0 1 0 1 1 1 0 1 1 1 1 1 1 1 1 0 1 1 1 0
181 32 25726 1 1 1 1 0 1 1 1 1 1 1 1 1 1 1 0 0 1 1 1 1 1 1 0 0 1 0 1 1 0 1 1
182 32 26332 1 0 0 1 0 1 1 1 1 1 1 1 1 1 1 1 1 0 1 1 1 1 1 1 0 1 1 0 1 0 1 1
183 32 24072 1 1 1 1 0 1 1 0 1 1 1 1 1 1 1 0 0 1 1 1 1 0 0 1 1 1 1 1 1 1 1 1
184 32 26388 0 1 1 1 1 1 1 1 1 1 1 1 1 1 1 1 0 1 1 1 1 1 1 1 1 0 1 1 1 0 0 0
185 32 27062 1 1 1 1 1 0 0 1 1 0 1 1 1 1 1 1 0 1 0 1 1 1 0 1 1 1 1 0 1 1 1 0
186 32 24602 1 1 0 0 1 1 1 0 1 1 1 1 1 1 1 1 1 1 0 1 1 1 1 0 0 1 1 1 0 1 1 1
187 32 28163 0 0 0 1 1 1 1 1 1 1 1 1 0 0 1 1 0 1 1 1 1 1 1 1 1 1 1 1 1 0 1 1
188 32 29244 1 1 0 1 1 0 1 1 1 1 1 0 1 1 0 0 1 1 1 1 0 1 1 1 1 1 0 1 0 1 1 1
189 32 27808 1 0 1 0 1 0 1 0 1 1 1 0 1 1 1 1 1 1 1 1 1 1 1 1 1 0 1 1 1 1 0 0
190 32 24695 1 1 0 1 1 1 1 1 1 1 1 0 0 1 1 1 1 0 1 1 1 0 0 1 1 0 1 1 0 1 1 1
191 32 28550 1 1 1 1 1 1 1 1 1 1 1 1 1 0 0 1 1 1 0 1 1 1 0 1 1 1 1 0 1 0 0 1
192 32 24979 1 1 0 1 1 1 1 1 1 1 0 1 1 1 0 0 1 1 1 1 0 1 1 1 1 0 1 1 1 1 1 1
193 32 26864 1 0 1 1 0 1 1 1 1 1 1 1 0 1 0 1 1 0 1 1 1 1 1 1 1 1 1 1 1 0 1 0
194 32 26426 1 1 0 1 1 1 1 0 1 1 1 1 0 1 1 0 1 1 0 1 1 1 0 1 1 1 1 1 0 1 1 1
195 32 27294 0 1 1 1 1 1 1 1 1 1 1 1 1 1 1 0 0 1 0 1 0 1 1 0 1 1 1 1 1 1 1 1
196 32 23223 0 0 1 1 0 1 1 0 1 1 0 1 1 1 1 1 1 1 1 1 1 1 1 1 1 1 1 0 1 1 1 1
197 32 27177 0 0 1 1 0 1 1 0 1 1 1 1 1 1 1 0 1 1 1 1 1 1 1 1 0 1 1 1 0 1 1 1
198 32 30395 0 1 0 1 1 1 1 1 1 1 1 1 1 1 1 1 0 0 1 0 1 0 1 0 1 1 1 1 1 0 1 1
199 32 28436 0 1 1 1 0 1 1 1 1 1 0 1 1 1 1 0 1 0 1 1 1 1 1 1 1 1 1 0 1 1 1 0
200 32 29212 1 1 1 0 1 1 0 1 1 1 1 1 1 1 1 0 0 0 1 0 1 1 1 1 1 1 0 1 1 0 1 1
201 32 30290 1 1 1 1 0 1 1 1 1 1 0 0 1 1 1 0 1 1 1 1 0 1 1 0 1 1 0 1 1 1 1 0
202 32 28565 1 1 1 1 1 1 0 0 1 1 1 1 0 1 0 1 1 1 0 1 1 0 1 1 1 1 0 0 1 1 1 1
203 32 26922 1 0 1 1 1 1 1 1 1 0 1 0 0 0 0 1 1 1 1 1 1 1 1 1 1 1 1 1 1 0 1 1
204 32 26930 1 1 1 1 0 1 0 1 1 1 1 1 1 1 1 1 1 0 0 1 1 1 1 1 1 1 1 1 1 1 0 0
205 32 23849 1 1 0 0 1 1 1 1 1 0 1 1 1 1 0 1 1 1 0 0 1 1 1 1 1 1 1 1 1 1 1 0
206 32 27058 1 1 1 1 0 0 1 1 1 1 1 0 1 1 1 1 0 1 1 1 1 1 0 1 1 1 1 0 1 0 0 1
207 32 27121 1 0 1 1 0 1 1 1 1 1 1 1 1 1 0 1 1 1 1 1 0 0 1 1 1 1 1 1 0 0 1 1
208 32 32709 0 0 1 0 1 1 1 1 1 1 1 1 1 1 1 1 0 1 1 0 1 1 0 1 1 1 1 1 1 1 0 1
209 32 28851 1 1 1 1 1 0 0 1 0 1 1 1 0 1 1 1 1 1 1 0 0 1 1 1 1 1 0 1 1 1 1 1
210 32 26434 1 1 1 1 1 0 1 1 1 1 1 1 0 1 1 1 1 1 0 1 1 0 0 1 1 1 1 1 1 0 0 1
211 32 29611 1 1 0 1 0 0 1 0 0 1 1 1 1 1 0 0 1 1 1 1 1 1 1 1 1 1 1 1 1 1 1 0
212 32 28441 0 1 1 1 1 1 1 0 1 1 0 0 1 1 1 1 0 1 0 1 1 0 1 1 1 1 0 1 1 1 1 1
213 32 26899 1 1 1 0 1 1 1 1 1 0 1 1 0 1 0 1 1 1 1 1 1 1 1 1 1 0 1 1 1 0 1 1
214 32 26582 1 1 1 1 1 1 1 0 1 1 0 1 0 1 1 1 0 1 1 1 0 1 1 1 1 1 0 0 1 0 1 1
215 32 27071 1 1 1 1 0 1 1 0 1 1 1 1 0 1 1 1 1 1 0 1 1 1 1 1 1 1 0 1 1 1 0 0
216 32 30942 1 1 0 0 1 1 1 1 1 1 1 1 1 1 1 1 0 1 1 1 1 1 1 0 0 1 0 1 1 1 1 0
217 32 21545 1 1 1 1 1 1 1 1 0 1 1 1 1 1 1 0 1 1 1 1 1 1 1 1 1 0 0 1 1 0 1 0
218 32 28863 1 1 1 1 1 1 1 1 0 1 1 1 1 0 1 0 0 1 1 0 1 0 0 1 1 1 1 0 1 1 1 1
219 32 27087 1 1 1 1 1 1 0 0 0 1 1 1 1 1 1 1 0 1 1 1 0 1 1 1 1 1 0 1 1 1 1 0
220 32 26042 1 1 1 1 0 1 0 1 1 1 1 0 0 1 1 0 1 1 1 1 1 1 1 1 0 0 1 1 1 1 1 1
221 32 27621 1 1 0 0 0 1 1 1 1 1 1 1 1 0 1 0 1 1 1 1 1 0 1 1 1 1 1 1 0 1 0 1
222 32 22829 1 1 1 1 1 1 1 1 1 1 0 1 0 1 1 1 0 0 1 0 1 1 0 1 1 1 1 1 1 1 1 1
223 32 24569 1 0 1 0 1 1 1 1 1 0 1 0 1 1 1 0 1 1 1 1 1 1 0 1 1 1 0 1 1 1 1 1
224 32 27079 1 1 0 1 1 1 0 1 1 1 1 1 1 0 1 1 0 1 0 1 1 1 1 1 1 1 1 1 1 0 1 1
225 32 27918 1 1 1 0 1 1 0 1 1 1 1 0 1 1 0 1 1 1 0 1 0 1 1 1 0 1 1 1 1 1 1 1
226 32 27589 1 1 1 0 1 1 0 0 0 1 1 1 1 1 1 1 0 1 1 0 1 1 1 1 1 1 1 0 1 1 1 1
227 32 27194 0 1 1 1 1 0 1 0 1 1 1 0 1 1 1 1 1 1 1 1 1 1 0 1 1 0 1 1 1 0 1 1
228 32 24628 1 1 1 1 1 1 1 1 1 0 1 1 1 1 1 1 0 0 0 1 1 1 1 1 0 1 1 0 1 1 0 1
229 32 25228 1 1 0 0 1 1 1 1 1 1 1 0 1 1 1 1 1 1 1 0 1 1 0 0 1 0 1 1 1 1 1 1
230 32 24887 1 1 1 1 1 1 1 1 0 0 1 1 0 0 1 0 1 1 1 0 1 1 1 0 1 1 1 1 1 1 1 1
231 32 30975 1 1 1 1 0 1 1 1 0 1 1 1 1 1 1 1 1 1 0 1 0 1 0 1 1 1 0 1 1 1 1 0
232 32 27671 1 1 1 1 0 1 1 1 1 1 1 1 0 0 1 1 1 1 1 1 0 1 1 0 1 0 1 1 0 1 0 1
233 32 25831 1 1 1 1 1 1 1 0 1 1 1 1 1 0 1 0 0 1 1 0 1 1 1 1 0 1 0 1 1 1 1 0
234 32 27028 1 1 1 1 1 1 1 1 0 0 1 0 1 1 1 1 1 0 1 1 1 0 1 1 1 1 1 0 1 0 1 0
235 32 28138 1 1 1 1 1 0 1 1 0 1 1 0 1 1 1 1 1 1 1 1 1 1 0 1 1 1 0 0 1 1 0 1
236 32 25089 1 1 1 1 1 1 1 0 1 1 1 1 1 1 1 1 1 0 0 1 1 1 1 1 0 0 1 1 0 1 0 1
237 32 28856 0 1 1 0 1 1 1 1 1 0 1 0 0 1 1 1 1 1 1 1 1 1 1 1 1 0 1 1 1 0 1 0
238 32 23090 1 1 1 1 1 0 1 1 1 1 1 1 1 0 1 1 1 1 1 0 1 0 0 1 1 1 1 1 1 0 1 1
239 32 27971 1 1 1 0 1 0 1 1 1 1 0 1 1 0 0 1 0 1 1 1 0 1 1 1 1 1 1 1 1 0 0 1
240 32 29939 1 1 1 0 1 0 1 0 1 1 1 1 0 0 1 1 0 1 1 1 1 1 1 1 1 1 1 0 0 1 0 1
241 32 25249 1 1 0 1 1 0 1 1 1 1 0 1 1 0 0 1 0 1 1 1 1 0 1 1 1 1 1 1 1 1 1 1
242 32 23521 1 1 1 1 1 0 1 1 0 1 1 0 1 1 0 1 1 1 1 1 0 1 1 1 1 1 1 1 1 0 0 1
243 32 29580 0 1 0 1 1 1 0 0 1 1 0 0 1 1 1 1 1 1 1 0 1 1 1 1 1 1 1 1 1 0 1 1
244 32 26025 0 1 1 1 0 1 1 1 1 1 1 1 1 0 1 1 0 1 1 0 1 1 1 1 1 0 0 1 1 1 1 1
245 32 29166 1 1 1 0 1 1 0 1 0 0 1 0 1 1 1 1 1 1 0 1 1 1 1 1 1 1 1 1 0 0 1 1
246 32 27046 1 1 1 1 1 0 1 1 0 1 1 0 1 0 0 1 1 1 1 1 0 0 1 1 1 1 0 1 1 1 1 1
247 32 28752 1 1 1 1 0 1 1 0 1 1 1 1 0 1 0 1 1 0 1 1 0 1 1 1 1 1 1 0 0 1 1 1
248 32 27240 0 1 1 0 1 1 0 1 1 1 1 1 1 1 1 1 0 1 1 1 1 1 1 1 1 1 1 1 0 0 0 0
249 32 24627 1 1 1 1 0 1 0 1 0 1 0 0 1 1 1 1 1 1 1 1 0 1 1 1 1 1 1 1 0 1 1 0
250 32 28575 1 1 1 1 1 0 1 0 0 1 1 1 1 1 0 1 1 1 1 1 1 1 1 1 1 1 0 0 0 1 0 1
251 32 31846 1 1 1 0 1 0 0 1 1 1 0 1 1 1 1 1 1 0 1 0 0 1 1 1 1 0 1 1 1 1 1 1
252 32 28878 1 1 1 1 1 1 0 0 1 1 0 0 1 0 1 1 1 1 1 1 0 1 1 1 1 1 0 0 1 1 1 1
253 32 29481 1 1 1 1 1 1 1 1 1 1 1 1 0 1 0 1 1 0 0 1 1 0 1 1 1 0 1 0 1 1 1 1
254 32 27097 1 1 1 0 1 0 1 1 1 1 1 1 1 1 1 1 0 1 0 1 0 1 1 0 1 1 0 1 1 1 1 1
255 32 28538 0 1 1 1 1 1 0 1 1 1 1 1 1 1 0 1 0 1 0 0 1 0 1 0 1 1 1 1 1 1 1 1
256 32 28513 1 0 1 1 1 1 1 1 1 1 1 0 1 1 1 0 0 1 1 0 1 1 1 0 1 1 1 1 1 1 0 1
257 32 29643 1 1 0 1 1 0 0 1 1 1 1 1 1 1 0 1 0 1 1 0 1 0 1 1 1 1 1 1 0 1 1 1
258 32 26264 1 1 0 0 1 0 1 1 1 1 1 1 1 1 0 1 1 1 1 1 1 1 1 0 0 1 1 0 1 1 1 1
259 32 26931 0 1 1 1 1 1 1 1 0 1 1 1 1 1 0 1 1 1 1 0 0 1 1 1 1 0 1 1 1 1 0 1
260 32 24898 1 0 1 0 1 1 1 1 0 0 0 1 1 1 1 1 0 1 1 1 1 0 1 1 1 1 1 1 1 1 0 1
261 32 29230 1 1 1 1 0 1 0 1 1 0 1 1 0 1 1 1 1 1 1 1 1 1 1 1 0 1 1 1 1 1 0 0
262 32 28349 1 1 1 0 1 1 1 1 1 1 1 0 1 0 1 1 1 1 0 0 1 1 1 1 0 1 0 1 1 1 1 0
263 32 29500 1 1 1 1 1 1 1 1 0 1 1 1 1 1 0 1 0 0 1 1 1 1 1 1 1 0 1 1 1 0 1 1
264 32 24794 0 1 1 1 1 1 1 1 1 1 1 1 1 1 0 1 1 1 1 1 0 0 1 1 1 1 1 0 1 1 1 0
265 32 30791 1 1 1 0 1 1 1 0 1 1 0 1 1 0 1 1 1 0 1 1 0 1 0 1 1 1 0 1 1 1 1 1
266 32 26489 1 0 1 1 1 0 1 1 0 1 1 1 0 1 1 1 1 1 1 1 1 1 1 0 0 1 1 1 1 1 0 1
267 32 23445 1 1 1 1 1 1 1 0 1 1 1 1 1 1 1 0 1 1 1 1 1 0 1 0 1 1 1 1 0 0 1 1
268 32 26279 0 1 1 1 1 1 1 0 1 1 1 0 1 1 1 1 1 1 0 1 1 0 1 1 1 1 1 1 1 1 0 1
269 32 28616 1 1 0 1 0 1 1 1 1 1 0 1 0 1 1 1 1 1 1 1 1 0 1 0 1 1 0 1 1 0 1 1
270 32 25708 0 1 1 1 0 1 1 1 1 1 1 1 1 1 0 0 0 1 1 1 1 1 1 1 1 0 1 1 0 1 1 1
271 32 28296 0 1 1 0 1 0 1 0 1 1 1 1 1 1 1 1 1 0 1 1 1 1 1 0 1 1 0 1 1 0 1 1
272 32 25659 1 1 1 0 1 1 0 1 1 0 1 1 1 1 1 0 1 1 1 1 1 1 1 1 0 1 1 0 1 1 1 1
273 32 30299 1 1 1 1 0 1 1 1 0 1 1 1 1 0 1 1 0 1 0 1 1 1 1 0 0 1 0 1 1 1 1 1
274 32 26934 0 1 1 1 1 1 1 1 1 0 0 1 1 1 0 1 1 0 1 1 1 1 0 1 1 1 1 1 1 1 0 1
275 32 29529 1 1 0 1 1 1 1 0 1 1 0 0 1 0 1 1 1 1 1 1 1 1 1 1 0 1 1 0 1 1 1 1
276 32 26763 1 1 1 1 1 1 1 1 1 1 1 1 1 1 1 0 1 1 0 0 1 1 1 1 0 0 0 1 0 1 0 1
277 32 31718 1 0 1 0 1 1 1 1 1 1 1 1 1 1 1 0 1 1 1 1 1 1 0 0 1 1 0 1 1 0 0 1
278 32 30556 1 1 0 0 0 1 1 1 0 1 1 1 0 1 1 0 1 1 0 1 1 1 0 1 0 1 1 1 1 1 1 1
279 32 25025 1 1 1 1 1 1 0 1 1 1 1 0 1 1 1 0 0 0 1 1 1 0 1 1 1 0 0 1 1 1 1 1
280 32 26338 1 1 1 1 1 1 1 1 0 1 1 1 1 1 0 1 0 0 1 0 1 1 0 1 1 1 1 1 1 1 0 1
281 32 25509 1 1 1 1 0 1 1 1 1 0 1 1 1 1 1 0 1 1 1 0 0 1 1 1 1 1 1 1 0 1 1 0
282 32 26513 1 1 0 1 1 0 1 1 0 0 1 0 0 1 1 1 0 1 0 1 1 1 1 1 1 1 1 1 1 1 1 1
283 32 25304 1 1 1 1 1 1 1 1 0 1 0 0 0 1 1 1 1 1 0 1 1 1 1 1 1 1 1 1 0 1 1 1
284 32 28063 1 1 1 0 1 1 1 1 1 1 1 1 1 1 1 0 0 0 1 0 1 0 1 1 1 1 1 1 1 1 1 0
285 32 28600 1 1 1 0 0 1 1 1 0 1 1 1 1 0 0 1 1 1 1 1 1 0 0 1 1 1 1 1 1 1 1 1
286 32 27961 1 0 0 1 1 1 0 1 0 1 0 0 1 0 1 1 1 0 1 1 1 1 1 1 1 1 1 1 0 1 1 1
287 32 28560 0 1 1 1 1 1 0 1 1 0 1 1 1 1 1 1 0 1 1 1 0 1 1 1 1 0 1 0 1 1 0 1
288 32 29172 1 1 1 1 1 0 1 1 1 0 1 1 0 0 0 1 0 1 1 1 1 1 1 0 1 1 1 1 1 1 1 1
289 32 23756 1 1 1 1 0 1 0 0 1 1 1 1 1 1 1 1 1 1 1 1 1 1 1 0 0 1 0 1 1 0 1 1
290 32 29634 1 1 0 0 1 0 1 1 1 1 0 1 0 1 1 1 1 1 1 0 1 1 1 0 1 1 1 1 1 0 1 1
291 32 28754 0 0 0 1 1 1 1 0 1 1 1 1 0 1 1 1 1 1 1 0 1 1 1 0 0 1 1 1 1 1 1 1
292 32 28591 1 1 0 1 1 1 1 0 1 1 0 1 1 1 1 0 1 1 0 1 1 1 1 1 1 1 1 1 1 0 0 1
293 32 26952 1 0 1 1 1 0 1 1 0 1 1 0 1 1 1 1 1 1 1 0 1 0 1 1 1 1 1 1 1 0 1 1
294 32 28027 0 1 1 1 0 1 0 1 1 0 1 1 1 1 1 1 1 0 1 0 1 1 1 1 1 1 1 0 1 1 1 1
295 32 30058 1 0 1 0 1 0 1 1 1 1 1 0 1 1 1 1 1 1 0 1 1 0 1 1 1 1 1 1 1 0 1 1
296 32 26142 1 1 1 1 1 1 1 0 1 1 1 1 1 1 1 0 0 1 0 0 0 1 1 1 1 1 1 0 0 1 1 1
297 32 28532 0 1 1 1 1 1 1 1 1 1 0 1 1 1 1 0 0 1 1 1 0 1 1 1 0 0 1 1 1 1 1 1
298 32 25213 1 0 1 0 0 1 0 1 1 1 1 1 0 1 1 0 1 1 1 1 1 1 0 1 1 1 1 1 1 1 1 1
299 32 30664 1 0 0 1 1 0 1 1 1 1 1 0 1 1 1 1 1 1 0 0 1 1 1 1 1 1 0 1 1 1 1 1
300 32 24908 1 1 1 0 1 0 1 1 1 1 1 0 0 1 0 1 1 1 1 1 1 1 1 1 1 1 0 1 1 1 0 1
301 32 26166 1 1 1 1 1 1 1 1 0 1 1 1 1 1 0 0 0 1 1 1 0 1 0 1 1 1 0 1 1 1 1 0
302 32 24327 1 1 1 1 0 1 1 0 1 0 1 1 1 1 0 1 0 1 1 1 1 1 1 1 0 1 1 1 0 1 1 0
303 32 25482 0 1 1 1 1 1 1 1 0 0 1 1 0 1 1 0 1 1 1 1 1 1 1 1 1 1 1 0 1 1 1 1
304 32 29711 1 1 0 1 1 1 1 1 0 1 0 1 1 1 1 0 1 1 1 1 0 1 0 1 1 0 1 1 1 1 1 1
305 32 27914 1 1 0 1 1 1 0 1 1 1 1 1 1 1 1 1 1 1 1 0 0 1 0 1 0 1 1 0 1 1 0 0
306 32 26524 1 1 1 1 0 1 1 1 1 1 1 1 1 1 0 1 1 0 1 0 1 1 1 0 0 1 1 1 1 1 1 0
307 32 30338 1 1 1 1 0 1 0 1 0 0 1 1 1 1 0 0 1 1 1 1 1 1 1 0 1 1 1 1 0 1 1 1
308 32 30046 0 1 1 1 0 1 0 1 0 1 0 1 1 1 1 1 1 1 1 1 1 1 0 1 1 1 1 0 1 1 0 1
309 32 28541 0 1 1 0 1 0 1 1 1 0 1 1 1 0 1 1 1 1 1 0 1 1 1 1 1 1 1 0 1 1 1 1
310 32 26889 1 1 1 1 1 1 0 1 0 0 1 1 1 1 1 0 1 1 1 1 0 1 1 1 0 1 1 0 1 1 1 1
311 32 28933 0 0 1 1 1 1 1 1 1 1 0 1 1 1 1 1 1 1 1 1 0 0 1 1 1 0 0 1 1 1 1 1
312 32 27724 1 1 1 0 1 1 0 1 1 1 1 0 1 1 1 1 0 1 1 1 0 1 1 0 1 1 1 1 1 0 1 1
313 32 27112 1 0 1 0 1 1 1 1 1 0 1 1 1 1 0 1 1 1 1 1 1 0 1 1 1 1 0 0 1 1 1 1
314 32 27664 0 0 1 1 0 1 1 1 1 1 0 1 1 1 1 1 1 1 0 0 1 0 1 1 1 0 1 1 1 1 1 1
315 32 31354 1 1 1 0 1 0 1 1 0 1 0 1 1 1 1 1 1 1 1 1 0 1 0 1 1 1 1 0 0 1 1 1
316 32 27179 1 1 1 1 1 1 1 1 1 0 1 0 0 1 0 1 1 0 1 1 1 1 0 1 1 1 1 1 1 1 0 1
317 32 30089 1 0 1 1 1 1 1 1 0 0 1 1 1 1 1 1 1 1 1 1 0 0 1 0 1 1 1 1 0 1 0 0
318 32 29443 1 1 0 1 0 1 1 1 1 1 1 1 1 1 1 1 0 1 1 1 0 1 0 1 0 1 1 1 1 0 1 1
319 32 26258 1 1 1 0 1 1 0 1 1 0 1 1 0 1 1 1 1 1 1 0 1 1 0 1 1 1 1 1 1 1 0 1
320 32 25017 1 1 0 1 1 0 1 1 1 0 1 1 1 1 0 1 1 0 1 1 1 1 1 1 1 1 1 1 1 0 0 1
321 32 22343 0 1 1 1 1 0 0 1 1 1 1 1 1 1 1 0 1 1 1 1 1 0 1 1 1 0 1 1 0 1 1 1
322 32 26985 1 0 1 0 1 0 1 1 1 1 1 1 1 1 1 0 0 1 0 1 1 1 1 1 0 1 0 1 1 1 1 1
323 32 31080 1 1 1 1 1 0 0 0 1 1 0 1 1 0 1 1 1 1 1 1 1 0 1 1 1 1 0 1 1 0 1 1
324 32 27914 1 1 1 0 0 1 0 1 1 1 1 1 0 1 1 1 1 0 1 1 1 1 1 0 0 1 1 0 1 1 1 1
325 32 22781 1 1 1 1 1 1 0 1 1 1 1 0 1 1 1 0 0 1 1 1 1 0 0 1 1 1 1 1 1 0 1 1
326 32 28714 1 1 1 1 1 1 1 1 0 0 0 1 1 0 0 1 1 1 0 1 1 1 1 1 1 1 1 1 0 1 1 1
327 32 27275 1 0 0 1 1 1 1 1 0 1 1 1 1 1 1 1 1 0 1 1 1 0 1 0 1 1 1 1 1 1 1 1
328 32 23873 1 1 1 1 1 1 1 1 0 1 0 1 1 1 0 1 1 1 1 0 1 1 1 1 0 1 1 1 0 1 1 1
329 32 32484 1 1 1 1 0 0 1 1 0 0 1 1 0 1 1 1 1 1 1 1 1 0 1 1 1 0 1 1 1 1 1 0
330 32 26008 1 1 1 1 1 1 0 1 1 1 1 0 1 1 1 1 1 1 1 0 0 0 0 1 1 1 1 1 1 0 0 1
331 32 29578 1 0 1 1 1 1 0 1 1 1 1 0 0 0 0 1 1 1 1 1 1 1 1 0 1 1 1 1 1 0 1 0
332 32 27262 1 1 1 1 1 1 1 1 0 1 1 0 1 1 1 1 0 1 1 1 1 1 1 0 1 1 1 1 1 1 0 0
333 32 31437 1 1 0 0 1 1 1 1 1 1 0 0 0 1 1 1 1 1 1 1 0 1 1 1 1 0 0 1 0 0 1 1
334 32 26314 1 1 1 1 1 1 1 1 1 0 1 1 1 1 1 1 1 1 0 0 0 1 0 0 1 1 1 1 0 1 1 1
335 32 29315 1 1 1 1 0 1 0 1 1 1 1 1 0 0 1 1 1 0 1 1 1 0 1 1 1 0 1 1 0 1 1 1
336 32 30641 1 1 0 1 1 1 0 0 1 1 1 1 0 0 1 1 1 1 0 1 1 1 1 0 1 0 1 1 1 1 1 1
337 32 29295 1 1 1 1 0 0 0 1 0 1 1 0 1 1 1 1 1 1 0 0 1 1 1 1 1 1 1 1 1 1 1 1
338 32 31035 1 0 1 0 0 1 1 1 0 1 0 0 1 1 1 1 1 1 1 1 1 1 1 1 1 1 0 1 0 1 1 0
339 32 29530 1 1 1 1 0 0 1 1 1 1 1 1 1 1 1 0 1 1 1 1 1 1 0 0 0 1 1 0 1 1 1 1
340 32 28262 1 1 0 0 1 1 0 1 0 0 1 1 1 1 1 1 1 1 1 1 1 0 1 1 1 0 0 1 1 1 1 1
341 32 30462 0 1 0 1 1 1 1 1 1 1 1 1 1 0 1 1 0 1 1 1 1 1 1 0 1 0 1 1 1 0 1 1
342 32 26752 1 1 1 0 1 0 1 1 1 1 0 1 1 1 1 1 1 1 0 1 1 0 1 0 1 1 1 1 1 0 1 1
343 32 29495 1 1 1 1 1 1 0 0 1 1 1 1 1 1 1 1 0 1 1 0 1 1 1 0 1 0 1 0 0 1 1 1
344 32 29916 1 1 1 0 0 0 1 1 1 0 0 1 1 0 0 1 1 1 0 1 1 1 1 1 1 1 1 1 1 1 0 1
345 32 25587 1 1 1 1 0 1 1 1 1 1 1 0 1 1 0 1 1 1 1 1 0 1 0 0 1 1 1 1 1 1 1 0
346 32 26138 1 1 1 1 1 1 1 0 1 0 1 1 0 1 1 1 1 1 0 1 1 1 1 1 0 1 0 1 1 0 1 1
347 32 29629 1 0 1 1 1 1 1 1 0 1 0 1 1 1 0 1 1 0 1 1 0 1 1 1 0 1 1 1 1 1 0 1
348 32 27291 1 1 1 1 1 0 0 1 1 1 1 1 0 1 1 1 1 0 1 1 1 1 0 1 1 1 1 1 0 1 1 1
349 32 26968 1 1 1 1 1 0 1 1 0 1 1 1 0 0 1 1 1 1 1 1 1 0 0 1 1 1 1 0 0 1 1 1
350 32 27866 1 1 1 1 1 1 0 1 1 1 1 1 1 1 1 0 0 1 1 1 1 0 1 1 1 1 0 1 0 1 0 0
351 32 25227 1 1 1 1 1 1 0 1 1 1 1 1 1 1 1 1 0 1 1 1 1 1 1 1 0 1 0 1 0 1 0 0
352 32 27574 1 0 0 1 0 1 1 1 1 0 1 1 1 1 1 1 1 1 1 1 0 1 1 1 1 0 1 1 0 1 1 1
353 32 29320 1 1 1 1 1 0 0 1 0 1 1 1 1 1 0 1 1 1 1 1 1 1 0 0 1 0 1 1 1 1 1 1
354 32 27080 0 1 1 1 0 1 0 1 1 1 1 1 1 1 0 1 1 1 0 1 1 1 0 1 1 1 0 1 1 1 1 1
355 32 22353 1 1 0 1 1 1 1 1 1 1 1 1 1 1 1 1 1 1 1 1 1 1 0 1 0 1 0 1 0 1 1 1
356 32 31057 1 1 1 1 0 1 1 1 1 1 1 1 0 1 1 0 0 1 1 1 1 1 1 1 0 1 1 1 0 1 0 0
357 32 26841 0 1 1 1 1 0 1 0 1 1 1 0 1 1 1 0 0 0 1 1 1 1 1 1 1 1 1 1 1 1 0 1
358 32 26793 0 1 0 1 0 0 0 1 1 0 0 1 1 1 1 1 1 1 1 1 1 1 1 1 1 1 1 1 1 1 1 1
359 32 25177 1 1 1 1 1 1 0 1 1 1 1 1 0 1 1 1 1 1 1 0 0 1 1 1 1 0 0 1 1 1 1 1
360 32 31487 1 1 1 1 1 1 1 0 1 1 1 0 1 1 1 0 1 0 1 1 1 0 1 1 0 1 0 1 1 1 0 1
361 32 26174 1 0 1 1 1 0 1 1 0 1 1 1 1 1 1 1 1 0 0 1 1 1 1 0 1 1 1 0 1 1 1 1
362 32 27019 1 1 1 0 1 1 1 0 0 1 0 1 1 1 1 0 1 0 1 1 1 1 1 0 1 1 1 1 1 1 1 1
363 32 26161 1 0 1 0 0 1 1 0 0 1 1 1 1 1 1 1 1 1 1 1 1 1 1 1 1 1 0 1 1 0 1 1
364 32 30278 0 1 1 1 1 0 0 1 1 1 1 0 1 1 1 0 1 0 1 1 1 1 0 1 1 1 1 1 1 1 1 1
365 32 26725 0 1 1 1 1 1 1 0 1 1 0 1 1 1 1 1 0 1 1 1 1 0 1 1 1 1 1 1 0 1 1 1
366 32 30063 1 0 0 0 1 1 1 1 1 1 1 1 0 1 1 1 1 1 1 0 1 1 1 1 1 0 0 1 1 1 1 0
367 32 29813 1 1 1 0 1 1 0 1 1 1 1 1 1 1 1 0 1 0 0 1 1 1 1 1 1 1 0 0 1 1 1 0
368 32 28703 0 0 1 1 1 1 1 1 1 1 0 1 0 1 1 1 1 0 1 1 1 1 0 0 1 1 1 1 1 1 0 1
369 32 29172 1 1 1 0 1 1 1 0 0 1 1 1 1 1 0 1 1 1 1 1 0 1 1 0 1 1 1 1 1 0 1 1
370 32 27024 0 1 1 1 1 0 1 1 1 0 1 1 1 1 1 0 1 0 1 0 1 1 1 1 1 0 1 1 1 1 1 1
371 32 27814 1 1 1 1 1 1 0 1 1 0 0 1 1 0 1 1 1 0 1 1 1 1 1 1 1 1 0 1 1 1 0 1
372 32 25403 0 1 1 1 1 1 1 1 0 1 0 1 0 1 1 0 1 0 1 1 1 1 1 1 1 1 1 1 1 1 1 1
373 32 28424 1 1 0 1 1 0 0 1 1 1 1 1 1 1 0 1 1 0 0 0 1 1 1 1 0 1 1 1 1 1 1 1
374 32 25300 1 1 1 1 0 1 0 0 1 1 1 1 1 1 1 1 1 1 1 1 1 1 0 1 1 1 0 1 1 1 0 1
375 32 27473 0 1 1 1 0 1 1 1 1 1 1 1 1 1 0 1 1 1 0 0 1 1 1 1 1 1 0 1 1 1 1 0
376 32 26509 0 1 1 1 1 0 1 1 1 1 1 1 1 1 1 0 1 1 1 1 0 0 1 0 1 1 1 1 0 1 1 0
377 32 29888 0 1 1 1 0 1 1 1 1 1 1 1 1 0 0 1 0 1 0 1 1 1 1 1 1 1 1 0 1 1 1 1
378 32 28854 0 1 1 1 1 1 1 1 0 1 1 0 1 1 1 1 0 1 1 0 0 1 1 1 1 1 0 1 1 0 1 1
379 32 28385 1 1 0 1 1 0 1 1 1 1 1 1 1 1 0 1 1 1 1 0 1 1 1 0 0 1 1 1 0 1 1 1
380 32 30116 1 1 1 0 0 1 0 1 0 1 1 1 1 1 1 1 1 1 1 1 0 0 1 1 1 0 1 1 1 1 1 1
381 32 27681 0 1 1 0 0 1 0 1 0 1 1 1 0 1 1 1 1 1 1 1 1 1 1 1 1 0 1 1 1 1 1 1
382 32 27096 1 0 1 0 0 1 1 1 1 1 1 1 0 0 1 1 1 1 1 1 1 1 1 1 1 0 1 1 0 1 0 1
383 32 28258 1 1 1 1 0 1 1 1 1 1 0 1 1 0 1 0 1 1 1 1 1 1 0 1 0 1 1 1 1 1 1 1
384 32 25567 1 1 0 1 1 1 1 1 1 1 1 1 1 0 1 1 1 1 1 1 1 1 0 1 0 1 0 0 0 1 1 1
385 32 26905 1 1 1 1 1 1 1 1 0 1 0 1 1 1 1 0 1 1 0 1 0 1 1 1 1 1 0 1 1 0 1 1
386 32 29696 1 1 1 1 0 1 1 1 1 1 1 0 0 1 1 0 1 1 1 1 1 1 1 0 1 1 1 1 1 0 1 1
387 32 27960 1 1 1 1 0 1 1 1 0 1 1 1 1 1 1 1 1 1 0 1 1 1 1 1 1 1 0 1 0 1 0 1
388 32 30994 0 1 1 1 0 1 1 1 1 1 1 1 1 0 0 1 1 1 0 0 1 1 1 1 1 1 1 1 1 1 1 0
389 32 26373 0 1 1 1 1 1 0 1 1 1 1 1 0 1 0 1 1 1 1 0 1 1 0 1 1 1 1 1 1 1 1 0
390 32 25019 0 0 1 1 1 1 0 1 1 1 1 1 1 1 0 0 1 1 1 0 1 1 0 1 1 1 1 1 0 1 1 0
391 32 27058 1 1 0 1 1 1 1 1 1 1 0 1 0 1 1 1 1 0 0 1 0 0 1 0 1 1 1 1 1 1 1 1
392 32 30123 1 1 1 1 1 1 1 1 0 1 1 0 1 0 1 1 0 1 1 0 1 1 1 1 1 1 1 1 0 0 1 0
393 32 24786 1 1 0 1 1 0 1 1 1 1 1 1 1 0 1 0 1 1 0 1 1 1 1 1 1 1 1 1 1 0 1 1
394 32 27699 1 1 1 0 1 1 1 1 0 1 0 1 0 1 1 0 0 1 1 1 1 1 1 0 0 1 1 1 1 1 1 1
395 32 28739 1 0 1 1 1 1 1 0 1 1 1 0 0 1 1 1 1 1 1 1 0 1 1 1 1 0 0 1 1 1 1 1
396 32 26504 1 1 0 1 1 1 1 1 1 1 1 0 1 1 1 0 1 0 1 1 1 0 1 1 1 1 1 1 0 1 1 0
397 32 25944 1 1 1 1 1 0 1 0 1 1 0 0 0 1 1 1 1 1 1 1 1 1 1 1 1 0 1 0 1 1 1 1
398 32 27525 1 1 0 1 1 1 1 0 1 1 0 1 1 1 0 1 0 0 1 1 1 1 1 1 1 0 0 1 1 1 1 1
399 32 29356 0 1 1 0 1 1 1 1 1 0 1 0 1 1 1 1 1 1 0 1 1 1 1 1 1 1 0 1 1 0 1 1
400 32 26826 0 1 1 1 1 1 1 1 0 1 1 0 1 1 1 1 1 1 1 1 0 1 1 1 0 1 0 1 1 1 1 0
401 32 29339 0 1 1 0 1 1 1 0 1 1 1 1 0 0 1 1 1 1 1 1 1 0 1 1 1 1 0 1 1 1 1 1
402 32 27205 0 1 1 1 0 1 1 1 1 1 1 1 1 1 1 1 0 0 1 1 0 1 1 1 0 1 1 1 1 1 1 0
403 32 29260 1 1 0 0 1 1 1 1 1 1 1 1 0 1 1 1 0 1 1 1 1 1 1 1 0 0 1 0 0 1 1 1
404 32 26208 1 0 1 1 1 0 1 1 1 1 1 0 1 1 1 1 1 1 1 1 0 1 1 1 1 0 1 0 0 0 1 1
405 32 27713 1 0 1 1 1 1 1 1 1 0 1 1 1 0 1 1 1 1 0 0 1 1 1 1 1 1 1 1 0 1 1 0
406 32 28605 0 0 1 0 1 1 1 1 1 1 0 1 1 1 0 1 1 1 1 0 0 1 1 1 1 1 1 1 1 1 1 1
407 32 28185 1 1 1 0 1 1 1 1 1 0 1 1 1 0 1 1 0 0 1 1 1 1 0 1 1 0 1 1 1 1 1 1
408 32 28078 1 1 1 0 1 1 1 1 1 1 1 1 1 1 1 0 0 0 1 1 1 0 1 0 1 1 1 0 1 1 1 1
409 32 24148 1 1 0 1 1 0 1 1 1 1 1 1 1 1 0 1 0 0 1 1 1 1 1 1 1 1 1 1 0 0 1 1
410 32 29908 1 1 0 1 0 1 1 1 0 1 1 1 0 0 1 1 1 1 1 1 1 1 0 1 1 0 1 0 1 1 1 1
411 32 26282 0 1 0 1 0 1 0 1 1 1 1 1 1 1 1 1 0 1 1 1 1 1 1 1 1 0 1 1 1 1 1 0
412 32 27639 1 1 1 1 1 1 1 0 1 0 1 1 0 1 0 1 1 1 1 1 0 0 1 1 1 1 1 1 1 0 1 1
413 32 24024 1 1 1 1 1 0 0 1 1 1 1 1 1 1 1 0 1 1 1 1 1 1 0 1 1 1 1 0 1 0 1 0
414 32 28545 1 1 1 1 0 1 1 1 0 0 1 1 1 1 1 1 1 1 1 0 1 1 1 1 1 0 1 1 0 1 1 1
415 32 28128 0 1 0 1 1 1 1 0 1 1 0 1 0 1 1 1 1 1 1 1 1 1 1 1 1 0 1 0 1 1 1 0
416 32 28168 0 1 1 1 1 1 1 1 1 1 1 1 1 0 1 0 1 1 1 1 0 1 1 0 1 1 0 0 1 1 1 1
417 32 30428 1 0 1 1 0 1 1 1 1 1 1 1 0 1 1 1 1 1 0 1 1 1 0 0 1 1 0 1 1 1 0 1
418 32 23659 1 1 1 1 0 1 1 0 0 1 0 1 0 1 1 1 1 0 1 1 1 1 1 1 1 1 1 1 1 1 1 1
419 32 31140 0 0 1 0 1 0 1 1 1 1 1 1 1 0 1 1 0 1 1 1 1 1 1 0 1 1 1 0 1 1 1 1
420 32 24951 1 1 0 1 0 0 1 1 1 1 1 0 1 0 0 1 1 1 1 1 1 1 1 1 1 1 1 1 1 1 1 0
421 32 26753 1 0 0 1 1 1 1 1 1 1 1 0 1 1 1 1 1 1 1 0 1 1 1 0 1 1 0 1 1 1 0 1
422 32 32726 0 1 1 0 1 1 0 1 0 1 1 1 1 0 1 1 0 1 1 1 1 1 1 1 0 1 1 1 1 1 1 0
423 32 31811 1 1 1 1 1 1 1 1 1 1 0 1 0 1 1 1 1 1 1 1 1 0 1 0 1 1 1 0 0 0 1 1
424 32 32639 1 1 1 1 1 0 1 0 0 1 1 1 0 1 1 1 1 0 1 1 1 1 1 0 1 1 1 0 1 1 1 1
425 32 24699 1 1 1 0 1 1 1 1 0 1 1 0 1 1 1 1 1 0 1 1 1 1 0 1 1 0 1 1 0 1 1 1
426 32 29536 1 1 1 1 1 0 0 1 1 1 1 1 0 1 0 1 0 1 1 1 1 1 1 1 1 1 1 0 0 1 1 0
427 32 27751 1 1 0 1 1 1 0 0 1 1 1 1 1 1 1 1 1 1 1 1 1 1 1 0 1 1 1 1 1 0 1 0
428 32 23284 1 1 1 1 1 1 0 1 0 1 1 1 1 1 1 1 1 1 0 0 1 0 1 1 1 1 1 1 0 0 1 1
429 32 29574 1 1 0 1 1 1 1 1 1 1 0 1 1 0 1 1 1 1 1 1 0 0 1 1 1 0 1 1 1 0 1 1
430 32 31761 0 1 1 1 1 1 0 0 1 0 0 1 1 1 0 1 0 1 1 1 1 1 1 1 1 1 1 1 1 0 1 1
431 32 27762 0 1 1 1 1 1 1 1 1 1 1 1 1 0 1 1 1 1 1 1 1 1 1 0 0 1 1 1 0 1 0 1
432 32 29385 1 1 1 1 1 1 0 1 1 1 1 1 1 1 1 1 0 0 0 1 1 1 0 0 1 0 1 1 1 1 1 1
433 32 26854 0 1 1 1 1 0 1 0 0 1 1 1 1 1 1 1 1 1 1 1 1 1 1 1 1 0 1 0 1 1 1 0
434 32 28743 1 1 1 1 1 1 0 0 1 0 1 1 1 1 1 1 1 0 1 1 0 1 1 1 1 1 1 0 1 0 1 1
435 32 26121 0 1 1 1 1 1 1 0 1 1 0 1 1 0 1 1 1 1 1 0 0 1 1 1 1 0 1 1 1 1 1 1
436 32 30043 0 1 1 1 1 1 1 1 1 1 1 0 1 1 1 1 1 1 0 1 1 0 1 0 1 1 1 1 0 1 1 0
437 32 26395 1 1 1 1 1 1 1 1 1 1 0 0 1 1 1 1 1 0 1 1 1 1 1 0 1 0 1 0 1 0 1 0
438 32 24688 1 1 1 1 0 1 1 1 0 1 1 1 1 1 0 1 1 0 1 1 1 1 1 1 1 1 0 1 1 1 0 0
439 32 29338 0 1 1 1 0 1 1 1 1 1 1 1 1 1 1 1 1 0 1 1 1 1 1 0 0 1 1 1 1 0 1 0
440 32 25517 1 1 1 1 0 0 1 1 1 1 1 1 1 1 1 1 0 1 1 0 1 1 1 1 1 1 0 1 0 0 1 1
441 32 28593 1 1 1 1 1 1 1 1 1 0 1 1 0 1 1 0 1 1 1 0 0 1 1 1 1 1 1 1 1 0 1 0
442 32 27224 1 1 0 1 1 1 0 1 1 1 0 1 1 1 1 1 1 0 1 0 1 1 1 1 1 1 1 0 1 1 1 1
443 32 24391 1 1 0 1 0 1 1 1 1 1 1 1 1 1 0 1 1 0 1 0 0 1 1 1 1 1 1 1 1 1 0 1
444 32 31016 1 0 1 1 1 1 0 1 0 0 0 1 0 0 1 1 1 1 1 0 1 1 1 1 1 1 1 0 1 1 1 1
445 32 27961 1 1 1 1 1 1 1 0 0 1 1 1 1 1 1 1 1 1 0 1 1 0 1 1 0 1 1 0 1 0 1 0
446 32 26807 1 1 0 1 1 1 1 1 0 1 0 0 1 1 1 1 1 1 0 1 1 1 0 1 0 1 1 1 1 1 1 1
447 32 28142 0 0 1 1 1 1 1 0 1 0 1 1 1 1 1 1 1 1 1 1 1 1 1 1 1 1 1 1 0 0 0 1
448 32 26344 1 1 0 1 1 1 1 0 0 0 1 0 1 1 1 1 1 0 1 0 1 1 1 1 1 1 1 1 1 1 1 1
449 32 28411 1 1 1 0 1 1 1 1 1 1 1 0 0 1 1 1 0 1 0 1 1 1 1 1 1 0 1 1 1 1 1 1
450 32 30077 1 1 0 1 1 1 1 0 1 1 1 1 1 1 1 1 0 1 1 0 1 1 0 1 1 1 1 1 0 0 0 1
451 32 29018 1 1 1 1 1 0 0 1 1 1 1 1 1 0 1 1 1 0 1 1 1 0 1 1 0 1 1 1 1 1 1 0
452 32 26811 1 1 1 0 1 1 0 0 1 1 0 1 1 0 1 1 1 1 1 1 0 1 1 1 1 1 1 1 1 1 0 1
453 32 27886 1 1 1 1 1 0 1 1 1 1 1 1 1 1 1 1 1 0 0 1 1 1 1 0 1 1 1 0 0 1 0 1
454 32 30216 1 1 0 1 1 1 1 1 1 0 1 1 0 1 1 1 0 0 1 0 0 1 1 1 1 1 1 1 1 1 1 0
455 32 29284 1 0 1 0 1 1 1 1 0 0 1 1 1 1 1 1 0 1 1 1 1 1 1 1 1 1 0 1 1 0 1 1
456 32 24330 1 1 0 1 0 1 1 1 1 1 1 0 1 1 0 1 0 1 0 1 1 0 1 1 1 1 1 1 1 1 1 0
457 32 27902 1 1 1 1 0 1 0 0 0 0 1 1 1 1 1 1 1 1 1 0 1 0 1 1 1 1 1 1 1 1 0 1
458 32 26492 1 1 1 1 0 1 0 1 1 1 0 0 1 0 1 1 1 1 1 1 1 1 1 1 1 1 0 1 1 0 1 1
459 32 24920 1 1 1 0 1 1 1 0 1 0 1 0 1 1 0 1 1 1 1 1 0 1 1 1 1 1 1 1 1 1 1 1
460 32 26530 0 0 1 1 1 1 1 1 0 1 1 1 1 1 0 0 1 1 1 1 1 1 1 1 0 1 0 1 1 1 1 1
461 32 28069 0 1 1 1 1 0 1 1 1 1 1 0 1 1 0 1 1 1 1 1 1 1 0 1 1 1 0 1 1 1 1 0
462 32 27568 1 1 1 1 1 1 1 1 1 1 1 1 1 0 1 0 0 0 1 1 1 1 1 0 1 0 1 1 1 0 0 1
463 32 27551 1 1 1 1 1 1 1 1 1 1 1 0 1 1 1 0 1 0 1 1 0 1 1 1 0 1 1 1 0 1 0 1
464 32 24319 0 1 0 1 1 1 0 1 1 1 1 1 1 1 1 1 0 1 1 1 1 1 1 1 1 0 1 1 1 0 1 1
465 32 30884 0 1 1 1 1 1 0 1 1 1 1 0 1 1 1 1 1 1 0 1 1 1 1 0 1 0 1 1 1 0 1 1
466 32 25673 1 0 1 1 1 1 1 1 1 0 1 0 1 1 1 1 1 1 1 1 1 1 0 1 0 0 1 0 1 1 1 1
467 32 30024 1 1 1 1 1 1 1 1 1 1 0 0 0 1 1 1 0 0 1 1 1 1 1 1 1 1 1 0 0 1 1 0
468 32 27055 1 1 1 1 1 0 1 0 1 1 1 1 0 1 0 1 0 0 1 1 0 1 1 1 1 1 1 1 1 0 1 1
469 32 28718 1 0 1 0 0 1 1 1 1 0 1 1 0 1 1 1 1 1 1 1 1 1 1 0 1 0 0 1 1 1 1 1
470 32 29771 1 1 1 1 1 0 1 1 1 1 1 1 1 0 1 0 1 1 1 1 1 0 0 1 1 0 1 0 0 1 1 1
471 32 28624 0 1 1 1 1 1 1 1 1 1 1 1 0 1 1 1 1 1 1 1 1 1 0 1 0 1 0 1 0 1 0 0
472 32 25722 1 1 1 1 1 0 1 1 0 1 1 0 1 1 1 1 1 0 1 0 1 1 0 1 1 1 0 1 1 1 1 1
473 32 29136 1 1 1 1 0 1 1 1 1 1 1 1 1 0 1 1 1 1 1 1 1 1 1 0 0 0 1 1 0 1 0 1
474 32 24566 1 1 1 1 1 1 1 1 0 1 0 1 1 0 0 1 1 1 1 1 1 0 1 0 1 1 1 1 1 1 1 0
475 32 29353 1 1 0 0 1 0 1 1 1 1 1 0 0 1 0 1 1 1 1 1 1 1 1 1 1 1 1 1 1 0 1 1
476 32 22499 0 0 1 1 1 0 1 1 1 1 0 1 1 1 1 1 1 1 1 0 1 0 1 1 1 1 1 1 1 1 0 1
477 32 25583 0 0 1 1 1 1 1 1 1 1 1 0 1 0 1 1 1 1 1 1 1 1 0 1 1 0 1 1 1 0 1 1
478 32 29538 0 1 0 1 0 1 1 1 1 0 1 0 0 1 1 1 1 0 1 1 1 1 1 1 1 1 1 1 1 1 1 1
479 32 25696 0 0 0 1 1 1 1 1 1 1 0 1 1 1 0 1 1 1 0 1 1 1 1 1 1 1 0 1 1 0 1 1
480 32 30477 0 1 0 1 1 1 1 1 1 1 1 0 1 1 1 1 0 1 1 1 1 0 1 1 0 0 1 1 1 1 0 1
481 32 30112 1 1 0 0 1 1 1 1 1 0 1 1 0 1 1 0 1 1 1 1 1 1 0 1 1 1 1 0 1 1 1 1
482 32 30407 1 0 0 1 1 1 1 1 0 1 1 1 1 1 0 1 1 1 1 1 1 1 1 1 1 0 0 1 1 0 1 0
483 32 28891 1 1 1 1 1 1 1 1 1 1 1 1 1 1 0 1 0 0 1 1 1 0 1 1 1 1 0 1 0 1 0 1
484 32 28144 1 1 1 1 0 1 1 1 0 1 1 1 1 1 1 1 1 1 1 1 1 0 0 1 1 1 1 0 1 0 0 0
485 32 28942 0 0 1 1 1 1 1 0 1 1 1 1 1 1 0 1 0 0 1 1 1 1 1 1 1 0 1 1 1 1 0 1
486 32 29963 1 1 1 1 1 0 1 1 1 1 1 1 1 0 1 1 1 0 1 1 1 0 1 1 1 1 1 0 1 0 1 0
487 32 27142 1 1 1 1 1 1 1 1 1 1 1 1 0 1 0 1 1 1 0 1 0 1 1 0 1 0 1 1 0 1 0 1
488 32 30567 1 0 1 1 0 1 1 1 1 1 0 0 1 1 0 0 1 1 1 0 1 1 1 1 1 0 1 1 1 1 1 1
489 32 32682 1 0 1 1 1 0 1 0 1 1 1 1 1 1 0 1 1 1 0 0 0 1 1 1 1 1 1 1 1 1 1 0
490 32 27429 0 0 1 1 1 0 1 1 1 1 1 1 1 1 0 0 1 1 0 0 0 1 1 1 1 1 1 1 1 1 1 1
491 32 30558 1 1 1 0 1 1 0 0 1 1 0 1 1 1 1 0 1 1 1 1 1 1 1 1 1 1 0 1 0 1 0 1
492 32 27001 1 1 1 1 0 1 0 1 1 1 1 1 1 1 1 1 1 0 1 1 0 1 0 1 1 1 1 0 1 1 1 1
493 32 27142 1 1 1 1 1 1 1 1 0 1 1 1 1 0 0 0 1 1 1 0 1 0 1 1 1 1 1 0 1 1 1 1
494 32 27625 1 1 1 0 1 1 0 0 1 1 0 1 0 1 1 1 1 1 1 0 1 1 1 1 0 1 1 1 1 1 1 1
495 32 25311 0 1 1 1 1 1 0 0 1 1 0 1 1 0 1 1 1 1 1 1 1 1 1 1 1 0 1 0 1 1 1 1
496 32 28610 1 0 0 0 1 1 1 1 1 0 1 0 1 1 1 1 1 1 1 1 1 1 1 1 1 1 1 1 1 1 0 0
497 32 25858 1 1 1 0 0 1 1 1 1 1 1 1 0 0 1 1 1 1 1 1 1 1 1 0 1 1 0 1 1 0 1 0
498 32 27927 0 1 1 1 0 1 1 1 1 1 1 1 1 1 0 0 0 1 1 1 1 1 1 0 1 0 1 1 1 1 1 1
499 32 26713 0 1 1 1 1 1 0 0 1 1 1 0 1 1 1 1 1 1 0 0 1 1 1 0 0 1 1 1 1 1 1 1
500 32 31351 0 1 1 1 1 1 1 1 1 1 0 1 1 1 1 1 0 0 1 1 1 1 0 0 1 1 1 1 0 1 1 1
