2 10 1214 0 0 0 0 0 0 0 1 0 0
16 10 2768 1 0 0 0 0 0 0 0 0 1
21 10 2483 0 0 0 0 0 0 0 0 1 0
27 10 4073 0 1 0 1 0 0 0 0 0 0
28 10 2245 0 0 0 0 0 0 0 0 0 1
36 10 3186 0 0 0 0 0 0 0 1 0 1
40 10 3786 0 0 1 1 0 0 0 1 0 0
49 10 3829 0 0 0 0 0 0 0 1 0 1
69 10 2485 0 0 0 0 0 1 1 0 0 0
76 10 2170 0 0 0 0 0 0 0 1 0 0
90 10 924 0 0 0 0 0 0 0 0 0 1
101 10 4670 1 0 1 0 1 0 0 0 0 0
103 10 2332 0 0 1 0 0 0 0 0 0 0
107 10 3183 0 0 1 0 0 0 1 0 0 0
110 10 4015 1 0 0 0 0 0 0 0 1 0
114 10 3575 0 1 0 0 0 0 0 1 0 0
115 10 2686 0 0 0 0 0 1 0 1 0 0
122 10 4112 0 0 1 0 1 0 0 1 0 0
133 10 9086 0 0 0 1 0 0 0 0 0 0
136 10 3164 1 0 0 0 0 1 0 0 0 0
138 10 1615 0 0 0 0 0 0 0 0 0 1
141 10 5454 0 1 0 0 0 1 0 0 0 1
151 10 2228 0 0 1 0 0 0 0 0 0 0
173 10 2078 0 0 1 0 0 0 0 0 0 0
179 10 7330 0 0 0 0 0 1 0 1 1 1
181 10 6620 0 0 1 0 0 0 1 0 1 1
191 10 2190 0 0 1 0 0 0 0 0 0 0
196 10 3954 0 0 1 0 0 0 0 0 1 0
202 10 2258 1 0 0 0 0 0 0 0 0 0
204 10 2367 0 0 0 0 0 0 0 0 0 1
206 10 6119 0 1 0 0 1 1 1 1 0 1
208 10 4188 0 0 0 0 1 1 0 0 0 1
218 10 2174 0 0 0 0 0 0 0 1 1 0
219 10 2301 0 0 0 0 1 0 0 0 0 0
223 10 11415 0 0 0 0 0 0 0 1 0 0
234 10 34848 0 0 1 0 0 0 0 0 0 0
245 10 1859 0 0 1 0 0 0 0 0 0 0
250 10 3025 0 0 0 1 0 0 0 0 0 1
251 10 2737 0 0 0 1 0 0 0 0 0 1
264 10 6281 0 0 1 1 0 1 0 0 0 0
268 10 1960 0 0 0 0 0 0 0 0 0 1
271 10 4511 0 0 0 0 0 1 0 0 1 0
280 10 775 0 0 0 0 0 0 1 0 0 0
287 10 2319 0 0 0 1 0 0 0 0 0 0
293 10 5090 0 1 0 1 0 0 0 1 0 0
304 10 867 0 0 0 0 0 0 0 1 0 0
305 10 4392 0 0 0 1 0 0 1 0 0 0
317 10 4546 0 0 0 0 1 1 0 0 0 0
333 10 6127 1 0 0 0 1 0 0 0 0 1
344 10 5231 0 0 1 1 0 0 0 1 0 0
346 10 6133 1 0 1 0 0 0 0 1 1 0
351 10 2537 0 0 0 0 0 0 0 1 1 0
357 10 6571 1 0 0 1 1 1 0 0 0 0
359 10 3908 0 0 1 0 0 0 0 0 1 0
360 10 3105 0 0 0 1 0 0 0 0 0 0
365 10 2827 1 0 0 0 1 0 0 0 0 0
377 10 2294 0 0 0 1 0 0 0 0 0 0
387 10 3174 0 0 0 0 0 1 0 0 0 1
388 10 5398 1 0 0 0 0 1 1 0 0 0
402 10 2504 0 0 0 0 1 0 0 1 0 0
419 10 3747 0 0 0 1 0 0 0 0 1 0
421 10 2395 0 0 0 0 1 0 0 0 0 0
427 10 2967 0 1 1 0 0 0 0 0 0 0
438 10 5477 0 1 0 0 1 1 0 0 0 0
439 10 5574 1 0 0 1 0 0 0 0 1 0
451 10 5619 0 0 0 0 0 1 1 1 0 0
452 10 5534 0 1 1 1 0 0 0 0 0 0
453 10 75019 0 0 0 0 1 0 0 0 0 0
467 10 4723 1 0 1 0 0 0 1 0 0 0
468 10 6028 0 0 1 0 1 0 1 1 0 0
469 10 2317 0 0 0 0 0 1 0 0 0 0
474 10 4793 0 0 0 1 1 0 1 0 0 0
499 10 1684 0 0 0 0 1 0 0 0 0 0
503 10 6192 1 0 1 1 1 0 1 0 1 0
506 10 5308 0 1 0 0 1 0 0 0 0 1
507 10 6528 0 0 1 0 1 0 1 0 0 0
508 10 2766 0 1 0 1 0 0 0 0 0 0
525 10 3780 0 1 0 0 0 0 0 0 1 0
528 10 8094 1 0 0 0 0 1 1 0 1 0
538 10 4142 0 0 0 1 0 0 0 1 0 0
541 10 5832 1 1 0 0 0 0 1 1 0 1
549 10 5790 1 1 0 0 1 1 0 0 1 0
552 10 2907 1 0 0 0 0 0 1 0 0 0
557 10 1498 0 0 0 1 0 0 0 0 0 0
559 10 2329 1 0 0 0 0 0 0 0 0 0
564 10 679 0 0 0 1 0 0 0 0 0 0
568 10 2179 0 1 0 1 0 0 0 0 0 0
594 10 5976 0 0 0 1 0 1 0 0 1 0
603 10 2960 0 0 0 0 0 0 0 1 0 1
608 10 2979 0 0 0 0 0 0 0 1 0 1
610 10 7454 0 1 0 0 0 1 1 1 0 0
619 10 6761 1 1 0 0 0 0 1 0 0 1
623 10 5546 0 0 0 0 0 1 1 1 0 0
625 10 5900 0 0 0 1 0 1 0 0 0 1
640 10 1484 0 0 0 0 0 1 0 0 0 0
647 10 2039 0 0 0 0 1 0 0 0 0 0
653 10 3687 1 0 0 0 0 0 0 1 0 0
656 10 2437 0 0 0 1 0 0 1 0 0 0
660 10 2874 1 0 0 0 0 1 0 0 0 0
668 10 787 1 0 0 0 0 0 0 0 0 0
677 10 4793 0 1 1 0 0 1 1 0 0 0
720 10 1511 0 0 0 0 0 0 1 0 0 0
721 10 969 0 0 0 1 0 0 0 0 0 0
723 10 4097 0 1 0 0 0 1 0 0 0 0
736 10 4967 0 1 1 0 0 0 0 0 1 0
739 10 2714 0 1 0 0 1 0 0 0 0 0
749 10 3664 0 1 0 0 0 0 1 0 0 0
762 10 2460 0 0 1 0 0 0 0 0 0 0
768 10 5540 1 0 0 0 1 0 0 1 0 0
770 10 400 1 0 0 0 0 0 0 0 0 0
771 10 10387 0 1 0 1 1 0 1 1 1 0
772 10 5722 0 0 1 0 1 0 1 0 0 0
781 10 6045 0 0 0 0 0 1 0 0 1 1
783 10 2849 1 0 0 0 0 0 0 1 0 0
790 10 9597 1 0 0 1 1 0 1 1 1 0
794 10 4428 0 1 0 0 0 0 0 0 1 1
798 10 1209 0 1 0 0 0 0 0 0 0 1
803 10 3015 0 0 0 0 0 0 1 1 0 0
807 10 5304 0 0 0 1 1 1 0 0 1 0
810 10 1684 0 0 0 1 0 0 0 0 0 0
815 10 2069 0 0 0 0 0 0 0 1 0 0
827 10 4191 0 0 0 1 0 1 0 1 0 0
828 10 482 0 0 0 0 0 0 0 0 0 1
834 10 7270 1 0 1 1 0 0 0 1 1 0
842 10 2236 0 1 0 0 0 0 0 0 0 0
844 10 5152 0 0 1 0 0 0 0 1 1 0
847 10 3202 0 0 1 0 0 0 0 0 0 1
877 10 4482 0 0 1 0 0 0 0 1 1 0
879 10 2348 0 0 0 0 0 0 0 0 0 1
884 10 3345 1 0 0 0 0 1 0 0 0 0
889 10 2094 0 0 1 0 0 0 0 0 0 0
893 10 6622 0 0 1 1 0 0 0 1 1 0
895 10 2605 0 1 0 0 1 0 0 0 0 0
900 10 2497 0 0 0 0 1 0 1 0 0 0
904 10 1123 1 0 0 0 0 0 0 0 0 0
906 10 7497 1 1 1 0 1 0 0 0 0 0
911 10 4007 0 0 0 0 0 1 0 0 0 1
915 10 5723 0 0 0 1 1 0 1 1 0 0
922 10 5043 0 0 0 0 0 1 0 1 1 0
931 10 6466 0 0 0 0 0 0 1 0 1 1
936 10 6704 0 1 1 0 0 0 1 0 1 0
951 10 1723 0 0 0 0 0 0 0 0 0 1
962 10 6215 0 1 1 0 1 0 0 0 1 0
981 10 1833 0 0 0 0 0 1 0 0 0 0
984 10 5752 1 1 0 0 0 0 0 1 0 0
993 10 1138 0 0 0 0 0 0 0 0 0 1
1005 10 2155 0 1 0 0 0 0 0 0 0 0
1012 10 3018 0 0 0 0 0 0 1 0 0 1
1013 10 2337 0 0 0 0 0 0 0 1 0 0
1015 10 2116 0 1 0 0 0 0 0 0 0 0
1027 10 3975 0 1 0 0 1 0 1 0 1 0
1028 10 1402 0 0 0 0 1 0 0 0 0 0
1042 10 1484 0 0 0 1 0 0 0 0 0 0
1043 10 13473 0 0 0 0 1 0 0 0 0 0
1046 10 2766 0 1 0 0 0 0 0 0 0 1
1054 10 909 0 0 0 0 0 0 1 0 0 0
1055 10 1132 1 0 0 0 0 0 0 0 0 0
1063 10 923 0 0 0 0 1 0 0 0 0 0
1064 10 1733 0 0 0 1 0 0 0 0 0 0
1068 10 4890 0 1 0 0 0 0 1 0 1 0
1082 10 7577 0 0 0 0 1 0 0 1 1 1
1083 10 4339 0 0 0 1 1 0 0 1 0 0
1086 10 1505 0 0 0 0 0 0 0 0 1 0
1097 10 3538 0 0 1 0 0 1 1 0 0 0
1104 10 2608 0 0 0 0 0 1 0 1 0 0
1105 10 4371 1 0 1 1 0 0 0 0 0 0
1115 10 4398 1 1 0 1 0 0 0 0 0 1
1116 10 3913 0 0 0 0 1 1 0 0 0 0
1117 10 11659 1 0 1 0 0 1 0 1 1 1
1123 10 462 0 0 0 0 0 0 0 1 0 0
1139 10 870 1 0 0 0 0 0 0 0 0 0
1168 10 2034 0 0 0 0 0 1 0 0 0 0
1171 10 5043 0 0 1 0 0 0 0 0 1 1
1183 10 4183 1 1 0 0 0 0 0 1 1 0
1197 10 5002 1 0 0 0 0 1 1 0 0 0
1202 10 3692 0 1 1 0 0 0 0 0 0 0
1206 10 1000 0 0 0 0 0 0 0 0 1 0
1222 10 11848 0 0 0 1 0 1 1 1 1 1
1230 10 3440 0 1 0 0 1 0 0 1 0 0
1231 10 5261 0 0 0 1 0 0 0 1 1 0
1236 10 4422 0 1 0 0 1 0 0 0 0 0
1241 10 4985 0 0 0 0 1 0 1 0 1 0
1254 10 2662 1 0 0 0 0 0 0 0 0 1
1270 10 1498 1 0 0 0 0 0 0 0 0 0
1272 10 3197 1 0 0 0 1 1 0 0 0 0
1273 10 2197 0 1 0 0 0 0 1 0 0 0
1275 10 616 0 0 0 0 0 0 0 0 0 1
1280 10 4620 0 1 0 0 1 1 0 0 0 1
1286 10 1075 0 0 1 0 0 0 0 0 0 0
1320 10 3845 0 0 0 1 1 0 0 0 0 0
1326 10 6657 0 1 0 0 1 0 0 1 0 0
1330 10 2048 0 0 0 0 0 1 0 0 1 0
1347 10 1780 0 0 0 0 1 0 0 0 0 0
1348 10 4768 0 0 0 0 0 0 1 1 0 1
1361 10 5048 1 0 0 1 1 1 0 0 0 0
1363 10 5058 0 1 0 0 0 0 0 1 1 0
1368 10 4357 1 0 0 0 0 1 0 0 0 1
1378 10 6182 0 1 1 1 0 1 0 0 1 1
1381 10 3375 0 0 0 1 0 0 1 0 0 0
1396 10 4277 1 1 0 0 0 0 0 0 0 0
1401 10 1657 1 0 0 0 0 0 0 0 0 0
1406 10 8245 0 0 0 1 0 0 1 0 1 1
1410 10 1211 0 1 0 0 0 0 0 0 0 0
1423 10 1617 0 0 0 0 0 0 0 0 1 0
1424 10 2782 0 0 0 1 0 0 0 0 1 0
1426 10 2397 0 0 0 0 0 0 0 1 0 0
1444 10 1149 0 0 0 0 1 0 0 0 0 0
1448 10 4194 0 0 0 0 0 1 0 0 0 1
1467 10 4176 0 0 1 0 0 0 1 0 0 0
1473 10 1423 0 0 0 1 0 0 0 0 0 0
1475 10 3913 0 1 0 0 0 0 1 0 0 0
1484 10 3074 1 1 0 0 0 0 0 0 0 0
1487 10 2663 0 1 0 0 0 0 0 0 0 1
1492 10 3991 0 1 0 0 1 1 0 0 0 0
1499 10 243425 1 0 0 0 0 0 0 0 0 0
1501 10 3981 0 1 1 1 0 0 0 0 0 0
1529 10 2185 1 0 0 0 0 0 0 0 0 0
1536 10 5433 1 0 0 0 1 0 1 0 0 0
1541 10 7118 1 0 1 1 0 1 1 0 1 0
1543 10 2071 0 0 0 0 0 0 0 0 0 1
1544 10 2343 0 0 0 0 0 0 1 0 0 0
1550 10 4376 0 1 0 0 0 0 1 0 1 0
1556 10 6358 1 0 0 0 0 0 1 1 0 0
1558 10 3026 0 0 1 0 0 0 0 0 1 0
1577 10 1990 0 0 0 0 0 0 0 0 0 1
1578 10 291 0 0 0 0 0 0 1 0 0 0
1580 10 4762 0 1 0 0 0 0 0 0 1 1
1597 10 2432 0 0 1 0 1 0 0 0 1 0
1613 10 3948 1 0 0 1 0 0 1 0 0 0
1630 10 1159 0 0 0 0 0 0 1 0 0 0
1636 10 3702 0 0 0 0 1 0 0 0 0 1
1637 10 2197 0 0 0 0 0 0 1 0 0 0
1639 10 3638 0 0 1 0 0 0 1 0 0 0
1642 10 6744 0 1 0 0 1 0 0 1 0 0
1643 10 5356 0 0 0 0 0 1 1 1 0 0
1657 10 3957 0 1 0 0 0 0 1 0 0 1
1665 10 9699 0 0 1 0 0 1 0 1 1 1
1666 10 1881 0 0 0 0 0 0 1 0 0 0
1672 10 2299 0 0 0 1 1 0 0 0 0 0
1673 10 1924 0 0 0 0 0 0 0 0 0 1
1674 10 3987 0 0 1 0 0 1 1 0 0 0
1679 10 6638 1 0 0 0 1 0 0 0 1 0
1681 10 1743 0 0 0 0 0 0 0 1 0 0
1682 10 6483 0 0 1 1 0 0 1 1 0 0
1687 10 3971 1 0 0 1 0 0 1 1 0 0
1690 10 2421 0 0 0 0 0 1 0 0 0 0
1693 10 7540 1 1 0 0 0 1 0 0 0 1
1696 10 1924 0 0 0 0 0 0 0 0 1 0
1698 10 1153 0 0 1 0 0 0 0 0 0 0
1699 10 3976 0 1 0 0 0 0 1 0 0 0
1710 10 1543 1 0 0 0 0 0 0 0 1 0
1716 10 3666 0 0 1 0 0 0 1 1 0 0
1724 10 3648 0 0 0 0 0 0 0 1 1 0
1731 10 2135 0 0 0 0 0 0 0 1 0 0
1732 10 4835 1 0 1 1 0 0 0 0 0 0
1737 10 2033 0 0 0 0 0 0 0 0 1 0
1738 10 6854 1 1 0 0 0 1 0 0 1 1
1749 10 7183 0 1 1 0 0 0 0 1 0 1
1754 10 4780 1 0 0 0 0 0 0 1 1 0
1756 10 3781 0 1 0 0 0 0 0 0 0 1
1758 10 3715 0 0 0 0 1 0 0 0 0 1
1785 10 4000 0 1 0 0 0 1 0 0 0 0
1787 10 859 0 0 0 0 0 0 0 0 0 1
1788 10 2675 0 0 0 0 0 0 0 0 1 1
1791 10 4634 0 0 0 0 1 0 0 1 0 1
1794 10 5357 0 1 0 0 0 0 1 1 0 0
1805 10 3737 0 0 0 0 0 1 0 0 0 1
1826 10 5044 1 1 1 0 0 1 0 0 0 0
1830 10 858 0 0 0 0 1 0 0 0 0 0
1834 10 6500 1 0 0 1 1 0 0 0 1 0
1837 10 707 0 0 0 0 0 0 0 0 0 1
1843 10 3607 1 1 0 0 1 0 0 0 0 0
1848 10 8326 0 0 1 0 1 1 0 1 1 0
1861 10 3869 0 0 0 0 0 0 1 0 0 1
1864 10 917 0 0 0 0 0 0 0 1 0 0
1870 10 3320 0 1 0 0 0 1 0 0 0 0
1872 10 1403 1 0 0 0 0 0 0 0 0 0
1874 10 5128 0 0 1 0 0 0 0 1 1 0
1875 10 1472 0 0 0 0 0 0 0 1 0 0
1887 10 3698 0 0 0 1 0 1 0 0 0 0
1894 10 7476 1 0 1 1 1 0 0 1 0 0
1900 10 4993 0 1 0 1 0 0 0 0 1 0
1915 10 2463 0 0 0 0 0 0 0 1 0 0
1919 10 3814 0 0 0 0 0 0 0 1 0 1
1922 10 1687 0 0 0 0 0 0 1 0 0 0
1935 10 2455 0 0 1 0 0 0 0 0 0 0
1940 10 2282 0 0 0 0 1 0 0 0 0 0
1944 10 1800 1 0 0 0 0 0 0 0 0 0
1945 10 4774 0 0 1 0 0 0 0 0 0 0
1949 10 1717 0 1 0 0 0 0 0 0 0 0
1951 10 7217 1 0 1 1 0 1 0 0 0 0
1953 10 3991 0 1 0 0 0 0 1 0 0 0
1967 10 2094 0 0 0 0 1 1 0 0 0 0
1975 10 1374 1 0 0 0 0 0 0 0 0 0
1986 10 2626 1 0 1 0 0 0 0 0 0 0
1991 10 917 0 1 0 0 0 0 0 0 0 0
