6 15 4319 1 0 0 1 0 0 0 0 0 0 0 0 0 0 0
15 15 633 0 0 0 0 0 0 0 0 0 0 0 0 1 0 0
17 15 5176 0 1 0 0 0 0 1 0 0 0 0 0 0 1 0
48 15 5287 1 0 0 0 1 0 0 0 0 0 0 1 0 0 0
58 15 1675 0 0 0 0 0 0 0 0 0 1 0 0 1 0 0
59 15 2000 0 0 0 0 0 1 0 0 0 0 0 0 0 0 0
107 15 2390 0 0 0 0 0 0 0 0 0 0 1 0 0 0 0
123 15 2652 0 0 0 0 0 1 0 0 1 0 0 0 0 0 0
151 15 1427 0 0 1 0 0 0 0 0 0 0 0 0 0 0 0
164 15 8093 0 0 0 0 0 1 0 0 0 1 1 0 0 0 1
168 15 1651 0 0 0 0 0 0 0 0 0 0 0 0 0 0 1
183 15 6013 0 0 1 0 1 0 0 0 1 0 0 0 0 0 0
224 15 4496 0 0 0 0 0 0 1 0 0 0 1 0 0 0 0
230 15 2326 0 0 0 0 0 0 0 0 0 0 0 0 0 1 0
237 15 2106 0 0 0 0 0 0 0 0 0 1 0 0 0 0 0
242 15 1630 0 0 0 0 0 0 0 0 0 0 0 0 0 0 1
262 15 1905 0 0 0 0 0 0 0 0 1 0 0 0 0 0 0
301 15 5721 0 1 1 1 0 0 0 0 1 0 0 0 0 1 0
357 15 1853 0 0 0 0 0 0 0 0 0 0 0 1 0 0 0
358 15 4731 0 0 0 0 0 1 0 0 0 0 0 0 1 0 0
364 15 3659 0 0 0 0 0 0 0 0 1 0 0 1 0 0 0
371 15 5212 0 0 1 0 1 0 1 0 0 0 0 0 0 0 0
397 15 6327 0 0 1 0 0 0 1 0 0 0 0 1 0 0 1
404 15 4101 0 0 0 0 1 0 0 0 1 0 0 0 0 0 0
446 15 4745 0 0 0 0 0 0 0 1 0 0 1 0 1 0 0
454 15 10129 1 0 0 0 1 0 0 0 1 1 0 0 1 0 0
463 15 1802 0 0 0 0 0 0 0 0 0 0 0 1 0 0 0
467 15 1274 0 0 0 0 0 0 0 1 0 0 0 0 0 0 0
468 15 1811 0 0 1 0 0 0 0 0 0 0 0 0 0 0 0
486 15 1396 0 0 0 1 0 0 0 0 0 0 0 0 0 0 0
489 15 1148 0 0 0 0 0 0 0 1 0 0 0 0 0 0 0
535 15 3770 0 0 0 0 0 0 0 0 0 1 1 0 0 1 0
538 15 2422 0 1 0 0 0 0 0 0 0 0 0 0 0 0 0
540 15 2955 0 0 0 0 1 0 0 0 0 0 0 0 1 0 0
546 15 6668 0 1 0 0 0 0 0 0 0 0 0 0 0 0 0
557 15 2736 0 0 0 0 1 0 0 0 0 0 0 0 0 0 0
576 15 2805 0 0 0 1 0 0 0 0 0 0 0 0 0 1 0
581 15 6972 1 0 1 0 0 1 0 1 0 0 0 0 0 0 0
586 15 911 0 0 0 0 0 0 0 0 0 0 0 1 0 0 0
599 15 4285 1 0 0 0 0 0 0 0 0 0 0 1 0 0 0
635 15 7712 0 0 0 0 1 1 0 1 0 0 0 0 1 0 0
636 15 8446 0 0 1 0 0 0 0 0 1 0 1 1 0 0 0
653 15 1505 0 1 0 0 0 0 0 0 0 0 0 0 0 0 1
662 15 21144 1 0 0 0 0 0 0 0 0 0 0 0 0 0 0
685 15 3113 0 0 1 0 0 0 0 0 0 1 0 0 0 0 0
706 15 4723 0 0 0 0 0 0 1 0 0 0 0 0 0 1 1
721 15 746 0 1 0 0 0 0 0 0 0 0 0 0 0 0 0
727 15 581 1 0 0 0 0 0 0 0 0 0 0 0 0 0 0
731 15 1833 0 0 0 0 0 0 0 0 0 0 1 0 0 0 0
747 15 6731 0 1 0 0 0 1 0 0 1 0 0 0 0 1 0
762 15 1040 0 0 0 0 0 0 0 0 0 0 1 0 0 0 0
779 15 2306 0 0 0 0 0 0 0 0 0 0 0 1 0 0 0
802 15 2130 0 0 0 0 0 0 0 0 0 1 0 0 0 0 0
808 15 2104 0 0 0 0 0 0 0 0 0 0 0 0 0 0 1
824 15 2340 0 0 0 1 0 0 0 0 0 0 0 0 0 0 0
834 15 2731 1 0 0 0 0 0 0 0 1 0 0 0 0 0 0
858 15 4306 0 0 0 0 0 0 1 0 1 0 0 0 0 0 0
868 15 3715 1 0 0 0 0 0 0 0 1 0 0 0 1 0 0
871 15 4118 1 0 0 0 0 0 0 1 0 0 0 0 0 0 0
879 15 4525 0 0 0 0 0 0 0 1 0 0 0 1 0 0 1
880 15 7805 1 0 1 0 0 1 1 0 0 0 0 0 1 0 0
890 15 10118 0 0 1 0 1 1 1 0 0 0 1 0 0 1 0
899 15 2892 0 0 0 0 1 1 0 0 0 0 0 0 0 0 0
901 15 5920 0 0 0 0 0 0 0 0 1 0 0 0 0 0 0
910 15 3257 1 0 0 0 0 0 0 1 0 0 0 0 0 0 0
927 15 2367 0 0 0 0 0 0 0 0 0 0 0 0 1 1 0
929 15 4324 0 0 0 0 0 1 0 0 0 0 0 1 0 0 0
946 15 8218 1 1 0 0 0 0 0 0 0 0 1 0 0 1 0
976 15 5429 1 0 1 0 0 0 0 1 0 0 0 0 0 1 0
989 15 6598 1 0 1 0 0 0 0 0 0 0 0 0 1 0 1
1002 15 6123 0 0 0 0 0 0 0 0 1 0 1 0 0 1 0
1014 15 2389 0 0 0 1 0 0 1 0 0 0 0 0 0 0 0
1018 15 2284 0 0 0 0 0 0 0 0 0 0 0 0 0 0 1
1025 15 2771 0 0 0 0 1 0 0 0 0 0 0 0 0 1 0
1035 15 3607 0 0 0 0 0 0 1 1 0 0 0 0 0 0 1
1038 15 2949 0 0 0 1 1 0 0 0 0 0 0 0 0 0 0
1117 15 2209 0 0 0 1 0 0 0 0 0 0 0 0 0 0 0
1126 15 1153 0 0 0 0 0 0 0 0 0 0 0 1 0 0 0
1130 15 4050 0 0 0 1 0 1 0 0 0 0 0 0 0 0 0
1136 15 3097 0 0 0 1 0 0 0 0 0 0 0 1 1 0 0
1179 15 1452 0 0 0 0 0 0 0 0 1 0 0 0 0 0 0
1185 15 3308 1 0 0 0 0 0 0 0 0 0 0 0 1 0 0
1200 15 3528 0 0 1 0 0 0 0 0 0 0 0 0 0 0 0
1203 15 397 0 0 0 0 0 0 0 0 1 0 0 0 0 0 0
1215 15 4737 0 0 0 0 1 0 0 0 0 0 0 0 0 1 0
1216 15 5370 1 1 0 0 0 0 0 0 0 1 0 0 0 0 0
1245 15 3531 0 0 0 0 0 1 1 0 0 0 0 0 0 1 0
1253 15 2757 0 0 0 0 0 0 1 0 0 0 0 0 1 1 0
1264 15 5508 1 0 0 0 1 0 1 0 0 0 0 0 0 0 0
1271 15 6168 0 0 1 0 1 0 0 0 1 0 0 0 0 0 1
1275 15 9510 1 1 0 0 0 0 1 1 0 1 0 1 0 0 0
1283 15 1904 0 0 0 0 0 0 0 0 0 0 0 0 0 1 0
1308 15 6961 1 0 0 0 1 0 1 0 0 0 0 0 0 1 0
1357 15 570 0 1 0 0 0 0 0 0 0 0 0 0 0 0 0
1363 15 5084 0 0 1 0 0 1 1 0 0 0 0 0 0 0 0
1366 15 1748 0 0 0 0 0 0 0 0 0 0 0 1 0 0 0
1369 15 13462 1 0 0 1 1 1 0 0 0 0 0 1 1 1 0
1370 15 2967 0 0 0 0 0 0 0 0 0 0 0 0 0 1 1
1379 15 6142 0 0 1 0 0 0 0 0 0 1 1 0 0 0 0
1389 15 5428 0 0 1 1 0 0 0 0 0 0 0 0 0 0 1
1394 15 995 0 0 0 0 0 0 1 0 0 0 0 0 0 0 0
1400 15 181 0 0 0 0 0 0 1 0 0 0 0 0 0 0 0
1450 15 1841 0 0 0 0 0 0 0 1 0 0 0 0 0 0 0
1465 15 3525 0 1 0 0 0 0 0 0 0 0 1 0 0 0 0
1466 15 4550 0 0 0 1 0 0 0 0 0 0 0 0 1 0 0
1469 15 1502 0 0 0 0 0 0 1 0 0 0 0 0 0 0 0
1474 15 4326 1 0 1 0 0 0 0 0 0 1 0 0 0 0 0
1486 15 159 0 0 0 0 1 0 0 0 0 0 0 0 0 0 0
1491 15 2129 0 0 0 0 0 0 0 0 0 0 0 0 0 1 0
1497 15 7915 1 1 0 1 0 0 0 0 0 0 0 0 0 0 1
1515 15 4397 0 0 0 0 0 1 1 0 1 0 0 0 0 0 0
1516 15 1972 0 0 0 0 0 0 0 0 0 1 1 0 0 0 0
1554 15 5868 0 0 0 0 0 0 1 1 0 0 0 0 1 1 0
1556 15 7823 0 0 1 0 1 0 0 1 0 0 0 1 0 0 0
1563 15 8719 1 0 0 0 0 0 0 0 1 1 0 1 0 0 1
1570 15 3277 1 0 0 0 0 0 1 0 0 0 0 0 0 0 0
1572 15 5268 0 0 0 0 0 0 1 0 1 1 0 0 0 0 0
1582 15 1836 0 0 0 1 0 0 0 1 0 0 0 0 0 0 0
1589 15 2294 0 0 0 0 0 0 1 0 0 0 0 0 1 0 0
1591 15 3336 0 1 0 0 0 0 0 0 0 0 0 1 0 0 0
1608 15 2125 0 0 0 0 0 0 0 1 0 0 0 0 0 0 0
1620 15 1362 0 0 0 0 0 0 0 0 0 0 0 1 0 0 0
1637 15 2238 0 0 0 0 0 0 0 0 0 0 1 0 0 0 0
1646 15 1206 0 0 0 0 0 1 0 0 0 0 0 0 0 0 0
1662 15 5320 1 0 0 1 1 1 0 0 1 0 0 0 0 0 0
1665 15 5746 0 0 0 0 1 0 0 0 1 0 0 0 0 1 0
1671 15 3613 1 0 0 0 0 0 0 0 1 0 0 0 0 0 0
1679 15 2354 0 1 0 0 0 0 0 0 0 0 0 0 0 0 0
1696 15 2388 0 0 0 0 0 0 0 0 0 1 0 1 0 0 0
1703 15 39088 0 0 1 0 0 0 0 0 0 0 0 0 0 0 0
1713 15 3018 1 1 0 0 0 0 0 0 0 0 0 0 0 0 0
1734 15 4586 0 0 0 0 0 0 0 0 0 1 0 0 0 1 0
1743 15 9818 0 1 1 1 0 1 0 0 1 0 0 1 1 0 0
1758 15 4606 0 0 0 1 0 0 0 0 0 0 1 1 0 0 0
1777 15 3765 0 0 0 0 0 0 0 0 1 0 0 0 0 0 1
1786 15 4050 0 0 0 0 0 0 0 1 0 0 0 0 1 0 0
1796 15 2526 0 1 0 0 0 0 0 0 0 0 0 0 0 0 0
1806 15 5828 0 0 1 0 1 0 0 0 0 1 0 0 0 0 1
1808 15 6542 1 1 0 0 0 0 0 0 0 0 0 0 0 1 0
1839 15 3600 0 0 0 0 0 1 0 1 0 0 0 1 0 0 1
1848 15 2358 0 0 0 0 0 0 0 0 0 0 0 0 0 1 0
1862 15 1851 0 0 1 0 1 0 0 0 0 0 0 0 0 0 0
1865 15 3939 0 0 0 1 0 1 0 0 0 0 0 0 0 0 0
1866 15 5590 0 0 0 0 0 1 0 0 0 1 1 0 0 0 0
1872 15 3924 0 0 0 0 0 0 0 0 0 0 1 0 1 0 0
1892 15 6544 1 0 0 0 0 0 0 0 1 1 0 0 0 0 0
1898 15 4319 0 0 1 0 0 0 0 0 0 1 1 0 0 0 0
1911 15 1144 0 0 0 0 0 0 0 0 0 1 0 0 0 0 0
1918 15 4670 1 0 0 0 1 0 0 0 0 0 0 0 0 0 0
1926 15 1924 1 0 0 0 0 0 0 0 0 0 0 0 1 0 0
1969 15 3449 0 0 1 0 0 0 0 0 1 0 0 0 0 0 0
1989 15 6906 1 0 0 0 0 0 1 0 0 0 0 1 0 1 0
1998 15 7974 1 0 0 0 0 0 1 1 0 1 1 0 1 0 0
1999 15 1765 0 0 0 0 0 0 0 1 0 0 0 0 0 0 0
