1 30 23537 1 1 1 1 1 1 1 0 1 1 1 1 0 1 0 0 1 1 1 1 1 0 1 1 0 0 1 1 1 1
2 30 24758 0 1 1 0 1 1 1 1 1 1 1 1 0 1 1 0 1 0 0 1 0 1 1 1 1 1 1 1 0 0
3 30 29487 1 1 1 1 0 1 1 0 1 1 0 1 0 1 1 0 1 1 0 1 1 0 1 0 0 1 1 1 1 1
4 30 26202 0 1 1 0 0 0 1 1 1 1 1 1 1 0 1 1 1 1 1 0 1 1 1 0 0 1 0 0 1 1
5 30 26863 1 1 0 1 0 1 0 1 1 1 0 1 1 1 1 1 1 1 1 1 1 0 1 1 0 1 0 0 1 1
6 30 27934 0 1 1 1 1 1 1 1 0 0 1 0 1 0 1 1 1 0 1 1 1 0 0 1 0 1 0 1 1 1
7 30 27580 1 1 1 0 0 0 0 0 1 0 1 1 1 1 1 1 1 0 1 1 0 1 1 1 1 1 1 1 1 1
8 30 28554 0 1 1 0 1 1 1 0 1 1 1 1 0 1 1 1 1 0 1 1 1 0 1 1 1 1 0 1 0 1
9 30 27740 1 1 1 1 0 1 0 0 0 1 0 0 0 1 1 1 1 0 1 1 1 0 1 1 1 0 1 1 1 1
10 30 28299 1 0 1 1 1 0 1 0 0 1 1 1 1 0 1 1 1 1 1 1 1 1 1 1 1 1 0 1 0 1
11 30 24595 1 1 0 1 1 1 1 1 0 1 1 1 1 1 1 1 1 1 0 1 0 0 1 1 0 1 1 0 1 0
12 30 26523 0 1 1 1 1 1 0 1 1 0 1 1 0 1 1 0 1 1 1 1 1 1 0 1 1 0 1 1 1 0
13 30 25947 1 1 1 1 0 1 1 1 1 1 1 0 1 1 1 1 1 0 1 1 0 1 0 0 1 0 1 0 1 0
14 30 24665 1 1 1 1 0 1 1 1 0 1 1 0 1 1 0 1 0 1 1 0 1 1 1 1 1 0 1 0 1 1
15 30 23166 0 1 1 1 1 1 1 1 0 0 0 1 1 1 1 1 1 1 1 1 0 0 1 1 0 0 1 0 1 0
16 30 26717 1 0 1 1 0 0 1 1 0 1 1 1 0 1 1 1 1 1 0 1 1 1 1 1 1 0 0 1 1 1
17 30 26115 1 1 1 0 1 0 1 0 1 1 1 1 1 0 1 1 1 0 1 1 1 1 1 0 0 1 1 0 0 1
18 30 29126 0 0 1 1 1 1 0 1 0 1 1 0 0 1 1 1 0 1 0 1 1 1 1 1 1 1 0 0 1 1
19 30 27246 1 0 0 1 1 1 1 1 1 0 1 1 1 1 1 0 1 0 1 1 1 1 1 0 0 0 1 1 1 1
20 30 29225 0 1 1 1 1 0 1 0 1 0 1 1 0 1 1 1 1 1 1 0 1 1 0 1 0 1 1 1 1 1
21 30 26128 1 1 1 0 0 1 1 1 1 1 1 1 1 1 1 1 1 1 0 0 1 0 1 0 1 1 0 1 1 0
22 30 24775 0 1 1 1 1 1 1 1 0 1 1 0 1 1 1 1 0 0 1 0 1 1 1 1 0 1 1 0 1 0
23 30 27519 1 0 1 0 0 1 1 1 1 1 0 1 1 1 1 1 1 0 0 1 1 1 0 1 1 0 1 1 1 0
24 30 25323 0 1 1 1 1 0 0 0 1 1 0 1 1 0 0 1 1 1 1 1 1 0 1 0 1 1 1 1 1 1
25 30 26494 1 1 1 0 1 1 0 1 1 1 1 0 1 1 1 0 0 0 1 1 1 0 0 1 1 1 1 1 1 1
26 30 24960 0 1 1 0 1 1 0 1 0 1 1 1 1 0 1 0 1 0 1 0 1 0 1 1 1 1 1 1 1 1
27 30 25887 1 1 1 1 1 1 1 1 1 1 1 0 1 0 1 1 1 0 1 0 0 0 1 1 0 0 1 1 1 0
28 30 27269 1 1 1 1 1 1 1 1 1 1 0 1 1 0 1 0 1 1 0 1 0 0 1 1 1 0 0 1 1 1
29 30 26013 1 1 1 1 1 0 1 0 1 1 1 0 1 1 1 1 1 0 1 0 1 1 0 1 1 1 1 0 0 1
30 30 27297 1 1 1 0 1 1 0 1 1 0 1 1 1 1 1 1 0 0 0 1 1 1 1 0 0 1 0 1 1 1
31 30 27861 1 1 1 1 1 0 0 0 1 1 1 1 0 1 1 1 1 1 1 1 0 0 1 1 1 0 0 1 1 1
32 30 27009 1 1 0 0 1 1 1 1 1 0 1 1 0 1 0 1 1 0 1 1 1 1 0 1 1 1 1 0 1 1
33 30 26364 1 0 1 1 1 0 1 0 1 0 0 1 0 1 1 1 0 1 1 1 0 1 1 1 1 1 1 0 0 1
34 30 30671 1 1 1 1 1 1 1 1 0 0 1 0 1 1 1 1 1 0 1 0 1 1 1 1 1 0 0 1 0 1
35 30 24757 1 1 0 0 1 0 1 1 1 1 1 0 0 1 1 1 1 1 1 1 1 1 1 1 1 1 1 0 1 0
36 30 27942 1 1 1 0 1 1 0 1 1 0 1 1 1 1 0 0 1 1 1 1 0 1 1 1 1 0 0 1 1 1
37 30 25689 0 1 1 0 1 1 1 1 0 1 0 1 1 1 0 1 0 1 1 0 1 1 1 1 1 1 1 1 1 0
38 30 27750 1 1 1 1 1 0 0 1 0 1 1 1 1 1 0 0 1 0 1 1 0 1 1 1 1 1 0 1 1 0
39 30 24701 0 0 1 0 1 0 1 1 1 0 1 1 1 1 1 1 1 1 1 1 0 1 1 1 1 1 0 1 0 1
40 30 29214 0 1 1 1 1 0 0 0 0 1 1 1 1 1 1 1 1 1 1 1 1 1 1 1 0 1 1 0 0 0
41 30 26172 0 0 0 1 1 0 1 0 1 1 1 1 1 0 1 0 1 1 1 1 1 1 0 1 1 1 1 1 0 1
42 30 27619 0 0 1 0 1 1 1 1 1 1 1 1 1 0 1 0 1 1 1 1 0 0 0 1 1 1 1 0 1 1
43 30 25469 1 0 1 1 1 0 0 1 1 0 1 1 0 0 1 1 1 1 1 1 1 1 0 1 1 1 1 1 0 0
44 30 26150 1 1 1 1 0 0 1 0 1 1 1 0 1 1 1 1 0 1 1 0 1 1 1 0 1 1 1 0 0 0
45 30 26559 0 1 1 1 1 1 1 1 0 0 1 1 1 1 1 1 1 1 1 0 0 1 1 0 1 1 0 0 1 1
46 30 25574 1 1 0 1 1 1 1 1 1 1 1 1 1 1 0 0 0 0 1 1 1 1 0 1 1 1 0 1 1 0
47 30 25698 0 1 1 0 1 1 1 1 1 1 1 1 0 0 1 1 0 1 1 1 1 1 1 1 1 1 1 0 0 0
48 30 24554 1 1 0 1 1 1 1 0 0 1 1 1 1 1 1 0 1 0 1 1 1 1 1 0 0 0 0 1 1 1
49 30 26991 1 1 1 1 1 0 1 0 0 0 1 0 0 1 1 1 1 1 1 1 1 1 1 1 1 0 1 0 1 0
50 30 27840 1 1 1 1 1 1 0 1 0 1 1 1 1 0 1 1 0 1 1 1 1 0 0 1 1 1 0 1 1 0
51 30 27463 1 1 1 1 1 1 1 0 1 0 0 1 0 1 1 1 1 0 1 0 1 1 1 0 0 1 1 1 1 1
52 30 24690 1 1 1 1 1 1 1 1 0 0 1 1 1 1 0 0 0 1 1 1 1 0 0 1 1 0 1 0 1 1
53 30 24534 1 0 1 1 1 0 1 1 0 1 1 0 0 1 1 0 1 1 0 1 1 1 0 1 1 0 1 1 1 1
54 30 25762 1 1 1 1 1 1 0 1 0 1 1 0 1 0 1 1 1 1 1 0 1 0 1 0 1 1 1 1 1 1
55 30 26957 1 1 1 0 1 0 1 0 1 1 1 0 0 1 1 0 1 1 1 1 1 1 1 1 1 0 1 0 1 1
56 30 27297 1 1 1 1 1 1 1 0 1 1 1 1 1 0 0 1 1 0 0 1 1 0 1 0 1 1 1 0 0 1
57 30 26397 1 1 1 0 1 1 1 1 0 1 1 1 1 0 0 1 1 0 1 1 1 1 0 1 1 1 0 1 1 0
58 30 26108 1 1 0 1 1 1 1 1 0 1 0 1 0 1 1 1 0 0 0 1 1 1 1 1 0 1 0 1 1 1
59 30 26387 0 1 1 0 0 0 1 0 0 1 1 1 1 1 1 1 1 1 1 1 0 1 1 0 1 1 0 1 1 1
60 30 24489 1 0 1 0 1 1 1 1 1 0 0 0 1 0 0 1 0 1 1 1 1 1 1 1 1 0 1 0 1 1
61 30 24979 1 0 0 1 1 1 0 1 1 1 1 1 1 1 1 1 0 1 1 1 1 1 0 1 1 0 0 1 0 1
62 30 27572 0 1 1 1 1 1 1 1 1 1 1 1 1 0 0 0 1 0 0 1 0 1 1 1 1 1 1 0 1 0
63 30 25564 1 1 1 1 1 1 1 1 1 0 1 1 1 0 0 1 0 1 0 1 1 1 1 1 1 1 0 0 0 1
64 30 25847 0 0 1 1 0 1 1 1 1 1 1 1 1 0 0 1 1 1 1 1 0 1 0 1 1 1 0 1 1 0
65 30 24431 1 1 1 1 0 0 1 1 0 1 1 1 0 1 1 0 1 1 0 1 1 1 0 1 1 1 1 0 1 1
66 30 23146 1 1 1 1 0 0 0 1 0 1 1 1 1 1 1 1 0 1 1 1 1 1 0 0 1 0 1 1 1 1
67 30 27554 0 1 0 0 1 1 0 0 1 0 0 1 1 0 1 1 1 0 1 1 1 1 1 1 1 1 1 1 1 1
68 30 29789 0 0 0 1 1 0 1 1 1 1 1 1 1 1 0 1 1 0 1 0 1 1 1 0 1 1 1 1 0 1
69 30 25650 1 1 0 1 0 1 1 1 1 1 0 1 1 1 1 1 1 0 1 0 0 1 1 1 1 1 1 1 0 0
70 30 28355 1 1 1 1 1 1 1 1 0 0 1 0 0 1 1 0 1 1 0 1 1 0 1 1 1 1 1 1 1 0
71 30 26759 1 1 0 0 1 1 0 1 1 1 1 1 0 1 0 1 1 1 0 1 1 1 0 1 1 1 1 1 1 0
72 30 27013 0 1 0 1 0 1 1 1 0 1 1 0 0 1 1 1 0 1 1 1 0 1 1 1 1 1 0 1 1 0
73 30 24978 1 0 0 1 1 1 1 0 0 1 1 1 0 1 1 1 1 0 1 1 1 0 1 1 0 0 1 1 1 1
74 30 24564 1 0 1 0 0 1 1 1 0 1 1 1 1 1 1 1 0 0 0 1 1 0 1 1 1 1 1 1 1 1
75 30 22858 1 0 1 1 1 1 1 1 1 0 0 1 1 1 0 1 1 0 0 1 1 1 0 1 1 1 1 1 0 1
76 30 27173 1 1 1 1 1 1 1 1 1 0 1 1 1 1 1 0 0 0 1 1 0 1 0 0 1 1 0 1 1 1
77 30 26857 1 1 1 1 1 1 1 1 1 1 1 0 0 1 0 1 0 1 0 1 1 0 1 0 0 1 1 0 0 1
78 30 26200 1 1 1 1 1 1 0 1 0 1 0 1 1 1 1 1 0 1 0 1 1 1 0 1 1 0 0 1 1 0
79 30 27798 1 1 1 1 1 1 1 1 1 1 1 1 1 0 0 1 0 1 0 1 1 0 1 0 0 0 1 1 0 1
80 30 24829 1 1 1 1 1 0 0 1 1 1 0 1 0 1 1 1 0 1 1 1 1 1 0 1 0 1 0 1 1 1
81 30 27157 0 1 1 1 1 1 1 1 1 1 0 1 1 1 1 1 0 0 1 1 1 1 0 1 1 0 0 1 0 0
82 30 25286 1 1 0 0 0 1 1 1 1 1 0 0 1 1 0 1 1 1 1 0 1 1 1 0 1 1 1 1 1 1
83 30 28543 1 0 0 1 0 1 0 1 1 1 1 1 1 1 1 1 1 0 0 1 1 1 1 0 1 0 1 1 1 1
84 30 24282 1 0 0 1 1 1 1 1 1 0 0 0 1 1 0 1 1 0 0 0 1 1 1 1 1 1 1 0 1 1
85 30 26698 1 1 0 1 1 1 0 1 0 1 0 1 1 1 1 1 0 1 1 1 0 1 1 0 1 0 0 1 1 1
86 30 23215 1 0 1 0 1 0 1 1 0 1 0 1 1 0 0 1 1 0 1 1 1 1 0 1 1 1 1 1 1 1
87 30 24594 1 1 0 0 1 1 0 1 1 1 1 1 1 1 0 0 1 1 1 0 1 1 1 1 1 1 1 0 1 0
88 30 25970 1 0 1 1 1 1 1 1 1 0 0 0 1 0 1 1 1 1 1 1 1 0 1 0 1 1 1 1 0 1
89 30 30112 1 1 0 1 0 1 1 1 1 1 1 1 0 1 1 0 0 1 0 1 0 1 1 0 1 1 1 1 1 1
90 30 28220 1 0 1 0 1 1 1 1 1 1 0 1 1 1 0 0 1 1 1 1 1 0 1 0 1 0 1 1 1 0
91 30 24423 1 0 1 1 0 1 1 1 1 1 0 1 1 0 1 0 1 1 0 0 1 1 1 0 1 1 1 1 1 1
92 30 27644 1 1 0 1 0 1 1 1 0 1 0 1 1 1 1 1 1 1 1 1 0 1 1 1 1 1 1 0 0 1
93 30 25516 0 1 1 1 1 1 0 1 0 1 1 0 1 0 1 1 1 1 1 1 0 1 1 0 1 0 1 1 1 1
94 30 25024 1 1 0 1 0 1 0 1 1 1 1 1 1 0 1 1 1 1 1 1 0 1 0 1 1 0 0 0 1 1
95 30 28363 1 0 1 1 0 0 1 1 1 0 1 1 1 1 1 1 1 1 1 0 1 1 1 0 0 1 1 1 1 0
96 30 29005 1 0 1 0 1 1 0 0 0 1 1 1 1 1 1 0 1 1 1 1 1 0 1 1 0 0 1 1 1 1
97 30 23586 0 0 1 1 0 1 1 1 1 0 1 0 1 0 0 1 1 1 1 1 0 1 1 0 1 1 1 1 1 1
98 30 25983 1 1 1 1 1 0 1 0 1 1 1 1 0 1 0 1 1 0 0 1 0 1 0 1 1 1 1 1 1 1
99 30 28100 1 0 1 1 1 0 1 0 1 1 1 1 1 1 1 0 1 1 1 0 1 1 0 1 0 1 1 1 0 1
100 30 26388 0 1 0 1 1 1 1 1 1 0 1 1 1 1 1 1 0 0 1 1 1 1 0 1 0 1 1 1 0 1
