1 30 23531 1 1 1 0 0 1 1 0 1 1 1 1 1 1 1 1 1 1 1 0 1 1 1 0 0 0 1 1 1 1
2 30 24990 1 1 1 0 1 0 0 1 1 1 1 1 1 0 1 1 1 0 0 1 0 1 1 0 1 1 1 1 1 1
3 30 29469 1 0 0 1 0 1 1 1 1 1 0 0 1 1 0 1 1 1 0 1 1 1 1 0 0 1 1 1 1 1
4 30 26457 0 1 1 0 1 0 1 1 1 1 1 1 1 0 1 1 1 0 1 1 1 0 0 1 0 0 1 1 1 1
5 30 27106 1 1 0 1 1 0 1 0 1 1 1 1 1 1 1 0 1 1 1 1 1 1 0 1 1 1 0 0 1 1
6 30 27931 1 1 1 1 0 1 1 0 0 0 1 0 1 1 1 0 1 1 1 1 1 1 0 1 1 1 0 1 0 0
7 30 27601 1 1 1 0 1 0 1 0 1 1 0 0 1 1 1 1 1 1 1 0 0 1 1 1 1 1 1 1 0 1
8 30 28543 0 0 0 1 1 1 1 1 1 0 1 1 0 1 1 1 1 1 0 1 1 1 1 1 1 1 0 1 0 1
9 30 27976 1 1 1 1 1 0 0 0 1 1 1 1 0 1 0 1 0 1 1 1 1 1 1 1 1 0 1 0 0 1
10 30 28354 0 0 1 1 0 1 1 0 0 1 1 1 1 1 1 1 1 1 1 1 1 1 1 0 1 1 1 1 0 1
1 30 23521 1 1 1 0 0 1 1 0 1 1 1 1 0 1 1 1 1 0 1 1 1 0 1 1 1 0 1 1 1 1
2 30 24913 1 0 1 0 1 1 0 1 0 1 1 0 1 1 1 1 1 0 0 1 1 1 1 1 1 1 1 1 0 1
3 30 29505 0 1 1 1 0 1 0 1 1 1 1 1 1 0 0 0 1 1 1 1 0 0 1 1 1 0 1 1 1 1
4 30 26465 0 1 1 0 1 0 1 0 1 1 1 0 1 0 1 1 1 1 1 1 1 0 1 1 1 1 0 1 0 1
5 30 27137 1 1 0 0 1 0 1 1 1 1 1 1 1 1 1 1 1 1 1 0 0 1 1 0 1 1 0 1 1 1
6 30 28177 1 0 1 1 1 1 0 1 1 1 0 0 1 1 1 1 1 1 1 1 1 0 0 1 0 1 0 1 0 1
7 30 27379 1 0 1 1 1 1 1 1 0 1 0 1 1 1 1 1 1 1 1 0 0 1 0 1 0 1 1 1 0 0
8 30 28293 0 0 1 1 1 1 1 1 1 0 1 0 0 1 1 1 0 1 1 1 0 1 1 1 1 1 0 1 0 1
9 30 27985 1 1 1 1 0 1 0 0 1 1 1 1 0 1 1 1 1 1 0 1 1 0 1 0 1 0 1 0 1 1
10 30 28352 1 0 1 1 1 1 0 0 0 1 1 1 0 1 1 1 1 1 1 1 1 1 1 1 1 0 0 1 1 1
1 30 23277 1 1 1 1 0 1 1 1 0 0 1 1 0 1 1 0 1 1 0 1 1 0 0 1 1 1 1 1 1 1
2 30 24716 1 1 0 1 1 1 1 1 0 0 1 0 1 1 0 0 1 1 1 0 1 1 1 0 1 1 1 0 1 1
3 30 29725 1 1 0 1 0 1 1 1 1 1 1 1 0 1 1 1 1 1 1 1 1 0 1 0 0 0 1 1 0 1
4 30 26410 0 1 0 1 1 0 1 1 1 1 1 0 1 1 1 1 0 1 1 0 1 1 1 0 1 0 1 1 1 0
5 30 26858 1 1 1 1 0 1 0 1 1 1 0 1 1 1 1 0 1 1 0 1 1 1 0 0 1 1 0 1 1 1
6 30 28427 1 1 1 1 1 1 1 0 1 1 0 0 1 1 1 1 1 0 1 1 0 1 0 1 0 1 0 1 1 1
7 30 27865 1 0 1 0 0 1 1 0 1 1 1 1 1 1 1 1 1 0 1 1 1 1 1 0 1 1 1 1 0 1
8 30 28297 0 1 1 1 1 0 1 0 1 1 1 0 1 1 0 1 1 1 0 1 0 1 1 0 1 1 0 1 1 1
9 30 28221 0 1 1 1 0 1 0 1 1 1 1 1 0 0 1 0 1 0 1 1 1 1 1 1 1 1 1 0 1 1
10 30 27897 1 1 0 1 1 1 1 1 0 1 1 1 0 0 1 1 1 1 1 1 1 0 1 1 0 0 1 1 0 1
1 30 22785 1 1 0 1 1 1 0 1 0 1 1 1 0 1 1 1 0 1 1 1 0 0 0 1 0 1 1 0 1 1
2 30 24996 0 1 0 1 1 0 1 1 1 0 1 0 0 1 1 1 1 0 0 1 1 1 1 1 1 1 1 1 1 1
3 30 29446 1 1 1 1 0 1 0 0 1 1 1 1 0 1 1 0 0 1 1 1 1 0 1 1 0 1 1 1 1 0
4 30 26457 0 1 1 1 1 1 1 0 1 0 1 1 1 0 1 1 0 1 1 0 1 1 1 0 1 1 0 1 1 0
5 30 26891 1 1 1 0 1 1 1 0 1 1 0 1 1 1 1 1 1 1 1 0 1 0 1 0 1 1 0 0 1 1
6 30 27946 0 0 1 1 1 0 1 0 1 1 1 0 1 0 1 0 1 0 1 1 0 1 1 1 1 1 1 1 0 1
7 30 27848 0 1 1 1 0 0 1 0 1 1 0 1 1 1 1 1 1 1 1 1 1 0 1 1 1 1 1 1 0 1
8 30 28567 0 0 1 1 1 0 1 0 0 1 1 1 1 1 1 1 1 1 0 1 1 1 1 1 0 1 1 1 0 1
9 30 28197 1 1 1 1 0 1 0 1 1 1 1 1 0 0 0 1 0 1 1 1 1 0 1 1 1 0 1 1 1 1
10 30 28105 1 0 1 1 1 1 1 1 0 0 1 1 1 0 1 0 1 1 1 1 0 1 1 1 1 1 0 1 0 1
1 30 23516 1 1 1 1 1 1 0 0 1 0 1 0 1 1 1 1 1 1 0 1 1 0 1 1 0 1 1 1 1 1
2 30 24997 0 1 0 0 1 1 0 1 1 1 1 1 0 1 1 1 1 0 1 1 1 1 1 0 1 1 0 1 1 1
3 30 29240 1 0 1 1 1 1 1 1 1 1 0 1 0 0 1 1 1 1 1 1 0 0 1 0 1 0 0 1 0 1
4 30 26699 0 1 1 0 1 0 1 1 1 1 1 1 0 0 1 1 0 1 0 1 1 1 0 1 1 1 1 1 1 1
5 30 27148 1 1 1 0 1 1 0 1 1 1 1 1 0 1 1 1 1 1 1 1 1 0 1 0 1 1 0 0 1 1
6 30 27947 1 0 1 1 0 1 1 1 1 1 0 1 1 0 0 0 1 1 1 0 1 0 0 0 1 1 1 1 1 1
7 30 27350 0 0 1 0 0 1 1 1 0 1 0 1 1 1 1 0 1 1 1 1 1 1 1 1 0 1 0 1 1 1
8 30 28554 0 1 1 0 1 0 1 1 1 1 1 1 1 1 1 1 1 1 1 1 0 1 1 0 1 0 0 1 0 1
9 30 28209 0 1 1 1 1 0 0 1 1 1 1 1 1 0 1 1 1 1 0 1 0 0 1 1 1 1 1 0 1 1
10 30 27876 1 1 0 1 1 0 1 0 1 0 1 1 0 1 0 1 0 1 1 1 1 1 1 1 1 1 0 1 0 1
