1 15 6058 1 1 0 1 1 1 0 1 1 1 1 1 1 1 1
2 15 7312 1 1 1 0 1 1 1 1 1 1 1 1 0 1 1
3 15 7372 1 0 0 1 1 1 0 1 1 1 1 1 1 1 1
4 15 7724 0 1 1 1 1 1 1 1 1 1 1 1 1 0 1
5 15 6957 1 1 1 1 1 1 0 1 1 1 1 1 0 1 1
6 15 7662 1 0 1 1 1 1 1 1 1 1 1 1 0 0 1
7 15 7699 1 1 1 1 1 0 1 1 1 1 1 1 1 1 0
8 15 7959 1 1 1 1 1 1 0 1 1 1 1 1 1 0 1
9 15 7613 0 0 1 1 1 1 1 1 1 0 1 1 1 1 1
10 15 7099 1 1 1 1 1 0 1 1 1 1 1 1 1 1 0
11 15 5387 1 1 1 1 1 1 1 1 1 1 0 1 0 1 1
12 15 6156 1 1 1 1 1 1 1 1 0 0 1 1 1 0 1
13 15 7109 1 1 1 1 1 1 0 0 1 0 1 1 1 1 1
14 15 6364 1 1 1 0 0 1 1 1 1 1 1 1 1 1 1
15 15 5740 1 1 1 1 1 1 0 1 1 0 1 1 1 1 1
16 15 6119 1 1 1 0 1 1 1 1 1 0 1 1 1 0 1
17 15 6417 0 1 1 1 1 1 1 0 1 1 1 1 1 1 0
18 15 6629 1 1 0 1 1 1 1 1 1 1 0 1 1 0 1
19 15 7393 1 1 1 1 1 1 1 1 1 1 1 1 1 0 0
20 15 7823 1 1 1 1 1 1 1 0 0 1 1 1 1 1 1
21 15 7470 1 1 1 1 1 1 0 0 1 1 1 1 1 1 1
22 15 7117 1 1 1 1 1 1 1 1 0 0 1 1 1 1 1
23 15 8277 1 1 1 1 0 1 1 1 1 1 1 0 1 1 1
24 15 6777 1 1 1 1 1 1 1 1 1 0 1 1 0 1 1
25 15 6636 0 1 1 1 1 1 1 1 1 1 1 0 1 1 1
26 15 7687 1 1 1 0 1 1 1 0 1 1 1 1 1 1 1
27 15 7590 1 1 1 1 1 1 1 1 1 0 1 1 1 0 1
28 15 6460 1 1 1 1 1 1 1 1 1 0 1 0 1 0 1
29 15 8336 1 0 1 1 1 1 1 1 1 1 1 1 1 1 0
30 15 6469 1 1 1 0 1 1 1 1 0 1 1 1 1 1 1
31 15 6690 1 1 1 1 1 1 0 1 1 1 1 1 1 0 0
32 15 8034 1 1 1 1 1 0 1 0 1 1 1 0 1 1 1
33 15 7451 1 1 1 1 1 1 0 1 0 1 1 1 1 1 1
34 15 9706 1 0 0 1 1 1 1 1 1 1 1 1 1 1 1
35 15 7432 0 1 1 0 1 1 1 1 1 0 1 1 1 1 1
36 15 7888 1 1 1 1 1 1 1 1 0 0 1 1 1 1 1
37 15 7011 1 1 1 1 1 0 1 1 1 1 1 0 1 1 1
38 15 8372 1 1 1 0 1 1 1 1 1 1 1 0 1 1 1
39 15 6832 1 1 1 0 1 1 1 1 1 1 0 1 1 1 1
40 15 7991 1 1 1 1 0 1 0 1 1 1 1 1 0 1 1
41 15 6977 1 1 1 1 1 1 1 1 1 1 1 0 1 0 1
42 15 7735 1 1 1 0 1 1 1 1 1 1 1 0 1 1 1
43 15 6813 1 1 1 0 1 1 1 1 1 1 1 1 1 0 1
44 15 6095 0 0 1 1 1 0 1 1 1 1 1 1 1 1 1
45 15 6335 1 0 1 1 1 0 1 0 1 1 1 1 1 1 1
46 15 5461 1 1 0 1 0 1 1 1 1 1 1 1 1 0 1
47 15 8028 0 1 1 1 1 1 1 1 0 1 1 1 1 1 1
48 15 6504 1 0 1 1 1 0 1 1 1 1 1 1 1 1 1
49 15 7800 1 1 1 1 1 1 0 0 0 1 1 1 1 1 1
50 15 6130 1 1 1 1 1 1 1 0 1 1 1 1 1 0 1
51 15 8283 1 1 1 1 1 1 0 1 1 1 1 1 1 0 1
52 15 6168 1 1 1 0 1 1 1 1 0 1 1 1 1 1 1
53 15 6334 1 1 1 1 1 1 1 1 0 1 1 1 1 0 1
54 15 7344 1 0 1 0 1 1 1 1 1 1 1 1 1 0 1
55 15 7611 1 1 1 1 1 1 1 1 1 0 1 0 1 1 0
56 15 7696 1 1 1 1 0 1 1 1 1 1 1 1 0 1 0
57 15 6072 1 1 1 0 0 1 1 1 1 0 1 1 1 1 1
58 15 4876 1 1 1 0 1 1 0 1 1 1 1 1 1 0 1
59 15 8241 1 1 1 1 0 1 1 1 1 0 1 1 1 1 1
60 15 6525 1 1 0 1 1 1 1 1 0 0 1 1 1 1 1
61 15 6014 1 1 1 1 1 1 1 1 0 1 1 1 1 0 1
62 15 8093 0 1 1 1 1 1 1 1 1 1 1 1 0 1 1
63 15 5292 0 1 1 1 1 0 1 1 0 1 0 1 1 1 1
64 15 5462 1 0 1 1 1 1 1 1 1 1 1 0 1 0 1
65 15 6341 1 0 1 1 1 0 0 1 1 1 1 1 1 1 1
66 15 6574 1 0 1 1 1 1 1 1 1 1 1 0 1 1 1
67 15 6894 1 1 1 1 1 1 1 1 1 1 0 1 1 0 1
68 15 8544 1 1 1 1 0 0 0 1 1 1 1 1 1 1 1
69 15 6821 1 0 1 1 1 1 1 1 1 1 0 1 1 1 1
70 15 7204 1 1 1 0 1 0 1 1 1 1 1 0 1 1 1
71 15 6897 1 1 1 1 0 1 1 1 1 1 0 1 0 1 1
72 15 7000 1 0 1 1 1 1 1 0 1 0 1 1 1 1 1
73 15 6652 1 0 0 1 0 1 1 1 1 1 1 1 1 1 1
74 15 5918 1 1 1 1 1 1 1 0 1 0 1 1 1 1 1
75 15 6658 1 1 1 1 1 1 1 1 1 0 1 0 1 1 1
76 15 8101 1 1 1 1 1 0 1 1 1 1 0 1 1 1 1
77 15 7249 1 0 1 1 1 1 1 1 0 1 1 1 1 1 0
78 15 6834 1 1 1 1 1 1 1 1 0 1 0 1 1 1 1
79 15 6714 1 0 0 1 1 1 1 1 1 1 1 1 1 0 1
80 15 6382 1 1 1 1 1 1 1 1 1 1 1 0 1 0 1
81 15 6850 1 1 1 1 0 1 1 1 1 1 0 0 1 1 1
82 15 7259 1 1 1 1 0 1 0 1 1 1 1 1 1 1 1
83 15 7707 1 1 1 1 1 1 1 0 1 1 1 1 1 1 0
84 15 6924 1 1 1 1 1 1 1 1 1 1 0 1 0 1 1
85 15 7535 1 1 1 1 0 1 1 1 0 1 1 1 1 1 1
86 15 5624 1 1 1 0 1 1 1 0 1 1 1 1 1 1 1
87 15 7682 1 1 0 0 1 0 1 1 1 1 1 0 1 1 1
88 15 7313 1 1 1 0 1 1 1 1 0 1 1 1 1 1 1
89 15 7194 1 1 0 1 1 1 0 1 0 1 1 1 1 1 1
90 15 8877 1 0 1 1 1 0 1 1 1 1 1 1 1 1 1
91 15 6032 1 1 1 1 1 0 1 1 1 1 1 1 0 1 1
92 15 6045 1 1 0 1 0 1 1 1 1 1 1 1 1 1 1
93 15 7387 1 1 1 1 0 1 1 0 1 1 1 1 1 1 1
94 15 7463 1 0 1 1 1 1 1 1 0 1 1 1 1 1 1
95 15 7925 1 1 1 1 0 0 0 1 1 1 1 1 1 1 1
96 15 8023 1 1 1 1 0 1 1 0 0 1 1 1 1 1 1
97 15 6067 1 1 1 0 1 1 1 1 0 1 1 1 1 1 1
98 15 6139 1 0 1 1 1 1 1 1 1 1 1 0 1 0 1
99 15 8829 1 1 1 1 0 1 1 1 1 1 1 1 1 1 0
100 15 7249 1 1 0 1 1 1 1 1 1 0 0 1 1 1 1
