1 30 23490 1 1 1 1 1 1 1 0 0 1 1 1 0 1 1 1 1 1 0 1 1 1 0 0 1 1 1 1 1 0
2 30 24748 1 1 1 0 0 1 0 1 1 1 1 1 0 1 1 1 1 1 0 0 1 1 1 1 0 1 1 0 1 0
3 30 29487 0 1 0 1 0 1 1 0 1 1 1 1 1 1 1 1 1 1 1 1 0 0 1 0 1 1 1 0 0 1
4 30 26215 1 1 1 0 1 1 1 1 1 0 0 1 1 0 1 0 1 0 1 1 1 1 0 0 1 0 0 1 1 1
5 30 26651 1 1 1 1 1 0 0 1 1 1 1 1 1 1 0 1 1 1 0 0 1 1 0 0 1 1 0 1 1 0
6 30 27949 1 0 1 1 1 1 0 0 0 1 1 0 1 1 1 0 0 1 1 0 1 1 1 1 1 1 0 1 0 1
7 30 27292 1 1 0 0 0 0 1 0 1 1 1 1 1 1 1 1 1 0 0 1 1 1 1 1 1 0 1 1 0 1
8 30 28558 0 1 1 0 1 0 1 0 0 1 0 1 0 1 1 1 1 1 1 1 1 1 1 0 1 1 1 1 1 1
9 30 27693 1 0 1 1 0 1 0 1 1 1 1 1 1 1 0 1 1 1 1 1 1 0 0 0 0 1 1 0 0 1
10 30 27874 1 0 1 1 1 0 1 1 1 1 1 1 0 0 0 1 0 1 1 1 1 1 0 1 1 0 0 1 1 1
1 30 23272 1 1 1 1 1 1 0 1 1 1 1 1 1 1 1 0 1 0 1 1 1 0 1 1 0 0 1 0 1 0
2 30 24744 1 1 0 1 1 1 1 1 1 1 1 0 0 0 0 1 1 0 0 1 1 1 1 1 1 0 0 1 1 1
3 30 29467 1 1 1 1 0 1 1 0 1 1 0 1 1 0 0 1 1 1 1 1 1 0 1 0 1 1 0 1 0 1
4 30 26453 0 1 1 1 1 1 1 1 1 1 0 0 1 1 1 1 1 1 0 1 1 0 0 0 1 0 1 1 0 1
5 30 26635 1 1 1 1 0 1 0 1 1 1 1 1 1 0 1 1 1 1 1 1 0 0 0 0 1 1 0 1 1 0
6 30 27689 0 0 1 1 0 1 0 1 1 1 0 0 1 1 0 0 1 1 1 1 0 1 1 1 1 1 1 0 0 1
7 30 27267 0 1 1 0 1 1 1 0 1 1 0 1 0 1 0 1 1 0 1 1 1 0 1 1 1 1 1 1 1 0
8 30 27824 0 1 1 1 0 1 1 0 1 0 1 1 0 0 0 0 1 0 1 1 0 1 1 1 0 1 1 1 1 1
9 30 28196 0 1 1 1 0 1 1 1 1 1 1 1 1 0 0 0 1 0 1 1 1 1 1 1 1 0 1 0 1 1
10 30 27853 0 0 1 1 1 1 1 0 1 0 1 1 0 0 1 1 1 1 1 0 1 1 0 1 1 1 0 1 1 1
1 30 23445 1 1 1 1 0 1 1 0 1 1 1 0 1 1 1 1 1 0 1 1 1 0 1 1 1 0 1 1 1 0
2 30 25239 1 1 1 1 1 1 0 1 1 1 1 0 0 1 1 0 1 1 0 0 1 1 1 0 1 1 1 1 1 1
3 30 29501 1 0 0 1 0 1 0 1 1 1 1 0 1 1 1 0 1 1 1 1 1 1 0 1 0 1 1 1 1 0
4 30 26444 1 0 1 0 1 0 1 1 1 1 1 1 1 0 1 1 0 1 1 1 1 1 0 0 1 1 0 1 0 1
5 30 26656 1 1 1 1 0 1 1 0 1 1 1 1 0 1 1 1 1 1 1 0 1 0 1 1 0 0 0 0 1 1
6 30 28172 0 1 1 1 1 1 1 0 0 1 0 0 1 1 1 1 1 1 1 1 1 1 0 0 1 1 0 1 0 1
7 30 27626 0 0 0 0 0 1 1 1 1 1 0 1 1 1 1 1 1 0 1 1 1 1 1 1 1 1 1 1 0 1
8 30 28266 0 1 1 0 1 0 1 1 1 0 1 1 0 1 0 1 0 1 1 1 1 0 1 1 1 1 1 1 0 1
9 30 28226 1 1 1 1 0 0 1 0 1 1 1 1 1 1 0 0 1 0 1 1 1 1 1 1 1 1 0 0 1 1
10 30 28106 1 0 0 1 1 1 0 1 0 1 1 1 1 1 1 0 1 1 1 1 1 1 1 1 0 0 1 1 0 1
1 30 23704 1 1 1 1 0 1 1 0 1 1 1 1 1 1 1 1 1 0 0 1 1 0 1 1 1 1 1 1 1 0
2 30 25209 1 0 1 1 1 1 1 1 1 1 1 0 1 1 1 1 1 0 0 1 1 1 1 0 0 1 1 0 1 1
3 30 29486 0 1 0 1 0 1 1 1 1 1 1 1 1 0 1 0 1 1 1 1 1 1 0 0 1 0 1 1 0 1
4 30 26704 0 1 1 0 1 1 1 1 1 1 1 1 1 0 1 1 0 1 1 0 0 1 0 1 1 0 1 1 1 1
5 30 26163 1 0 1 0 0 1 1 0 1 0 1 1 0 0 1 1 1 1 1 1 1 0 1 1 1 0 1 0 1 0
6 30 28173 1 1 1 1 1 1 1 1 1 1 0 0 1 1 0 1 1 0 1 1 0 1 0 1 0 1 1 1 0 0
7 30 27614 1 0 1 0 1 1 1 0 1 1 0 1 1 1 0 0 1 1 1 1 1 0 1 1 1 1 1 1 0 1
8 30 28306 0 1 1 0 1 0 1 1 1 1 1 0 1 1 0 1 0 1 1 1 1 1 1 0 1 1 0 1 0 1
9 30 28198 0 1 1 1 0 1 0 1 1 1 1 1 1 1 0 1 1 0 1 1 0 0 0 1 1 1 1 1 1 1
10 30 27871 0 0 0 1 0 1 0 0 1 1 1 1 1 0 0 1 1 1 1 1 1 0 1 1 1 1 1 1 1 1
1 30 23271 1 1 1 0 1 1 0 0 1 1 0 0 1 1 1 1 1 1 0 1 1 0 1 1 1 0 1 1 1 1
2 30 24936 1 1 0 0 1 1 0 1 1 1 1 0 1 0 1 0 1 0 1 1 1 1 1 1 0 1 1 1 1 1
3 30 29182 0 1 1 1 0 1 1 0 1 1 1 1 1 0 0 0 1 1 1 0 0 1 0 1 1 0 1 1 1 1
4 30 26422 0 0 1 0 0 1 1 1 1 1 1 1 1 0 1 1 1 1 1 0 1 1 1 1 1 0 0 1 1 0
5 30 26641 1 1 1 0 0 0 1 1 1 1 0 1 0 0 1 1 1 0 1 1 1 1 1 0 1 1 1 1 0 1
6 30 27929 1 0 1 1 1 0 1 1 1 1 1 0 0 1 1 1 0 1 1 0 1 1 0 0 0 1 1 1 0 1
7 30 27622 1 1 1 1 0 0 1 0 1 1 0 1 1 1 0 1 1 1 1 1 1 0 1 0 1 1 1 1 0 1
8 30 28070 0 1 0 1 1 1 1 0 1 1 1 1 1 0 1 0 1 0 1 1 0 0 1 1 1 1 0 1 0 1
9 30 27941 1 1 1 1 0 1 0 1 1 1 1 1 0 1 1 0 0 0 1 1 0 1 1 1 0 1 0 1 1 1
10 30 28114 1 1 0 1 0 1 1 0 0 1 1 1 0 1 0 1 1 1 1 1 0 1 0 1 1 1 1 1 1 1
