1 15 836 22 59 26 164 122 791 90 622 17 66 33 184 88 554 91 581 10 74 129 855 41 328 143 952 147 978 5 83 82 548
2 15 760 71 494 30 198 92 578 61 406 14 143 106 703 45 323 5 62 141 936 50 284 5 99 101 649 86 576 53 310 91 640
3 15 1087 119 776 141 931 125 844 11 42 44 315 112 723 132 878 36 188 102 664 45 348 83 589 95 662 144 953 89 618 81 566
4 15 832 33 286 65 438 11 38 11 29 98 659 107 720 38 186 145 962 91 626 69 485 113 760 46 336 122 795 68 475 23 91
5 15 980 104 710 70 505 109 725 50 292 93 609 136 901 27 219 17 77 21 132 86 555 103 703 111 719 143 951 8 14 148 981
6 15 1029 33 157 97 635 40 325 76 484 140 934 78 510 101 681 142 949 32 160 87 601 116 782 110 707 126 831 93 616 16 152
7 15 746 21 204 116 791 15 162 96 632 83 525 39 247 25 182 25 205 41 251 133 894 120 801 10 60 29 254 84 583 96 648
8 15 975 131 869 116 752 110 748 88 550 58 439 40 210 96 634 40 308 43 274 102 646 134 893 80 568 35 253 97 673 49 264
9 15 1000 26 183 87 603 99 640 52 292 90 599 130 876 113 758 128 856 47 336 124 825 57 366 52 312 128 839 87 615 30 273
10 15 807 40 268 60 398 146 973 69 511 28 252 132 876 64 386 35 190 45 294 34 212 142 941 117 773 37 312 12 150 48 341
11 15 680 129 850 12 44 58 411 15 40 107 710 43 327 57 395 81 571 69 505 54 290 11 125 16 114 50 313 80 508 68 463
12 15 795 45 299 31 280 44 281 119 772 19 174 25 165 121 814 11 67 8 111 124 818 71 463 129 867 18 205 107 705 122 818
13 15 928 39 217 55 340 61 375 140 933 142 949 75 479 26 101 34 207 23 86 77 539 131 865 75 490 119 786 106 719 58 412
14 15 841 42 219 67 498 45 310 17 67 91 596 36 292 57 432 58 443 94 619 75 454 99 625 140 925 41 244 53 371 137 907
15 15 808 149 993 48 262 1 93 86 580 48 379 26 111 43 295 138 924 9 14 123 802 9 12 147 975 59 404 3 64 121 817
16 15 983 49 258 119 785 135 895 39 217 95 603 145 962 99 626 50 323 117 765 49 389 129 840 31 275 81 535 11 6 80 552
17 15 1050 126 841 53 292 145 964 18 168 84 526 95 661 132 874 58 358 126 836 76 473 49 357 110 713 22 166 130 879 89 623
18 15 1091 89 587 23 216 98 681 71 452 144 954 150 999 96 633 99 630 101 690 89 563 144 954 35 189 79 493 75 541 71 437
19 15 907 25 155 18 120 90 577 32 192 137 911 64 452 18 175 55 397 139 924 95 662 120 786 135 889 128 859 63 404 15 78
20 15 1084 66 484 109 718 23 191 124 828 132 869 144 955 136 910 1 53 120 794 130 877 12 152 48 282 107 685 62 464 141 939
21 15 701 6 7 123 813 104 711 2 82 1 59 30 264 119 773 30 223 68 481 139 921 60 362 62 363 62 388 9 114 62 399
22 15 917 29 203 3 75 147 978 114 736 21 123 41 291 131 877 137 910 70 492 45 332 54 363 146 966 92 577 69 499 48 365
23 15 997 6 49 140 932 129 868 104 686 134 896 31 152 68 399 108 717 95 629 102 672 14 113 79 514 41 335 80 494 116 756
24 15 837 109 702 79 495 117 782 7 134 85 568 137 917 22 162 22 145 55 366 140 929 12 92 27 115 113 742 43 243 79 491
25 15 1022 131 868 128 854 139 930 69 482 125 847 22 190 105 695 40 221 48 314 46 309 133 893 6 42 137 911 35 163 114 760
26 15 940 122 820 36 199 66 394 100 656 136 901 84 518 58 319 71 423 132 873 55 365 70 476 65 392 116 771 41 197 24 186
27 15 1021 128 836 38 190 126 853 40 249 131 877 143 948 135 900 19 56 70 437 81 539 50 272 101 661 25 129 86 613 104 671
28 15 947 131 879 149 990 143 951 12 105 80 548 24 144 75 518 11 136 39 291 138 921 133 879 44 360 35 301 80 568 90 592
29 15 910 52 364 104 661 102 647 96 601 49 313 83 508 39 258 114 750 3 74 3 81 104 698 107 716 146 964 98 685 38 191
30 15 737 92 575 113 778 13 58 86 615 57 430 98 648 2 12 15 172 44 322 69 503 12 97 73 530 43 314 131 875 74 516
31 15 1049 62 435 89 571 62 417 134 898 21 139 48 344 147 978 117 759 95 639 58 402 140 933 112 722 71 508 137 908 19 121
32 15 902 116 754 123 832 81 536 21 119 90 557 15 144 47 352 18 182 36 220 80 514 139 929 113 762 83 545 140 930 26 245
33 15 914 56 331 150 996 58 423 68 431 72 486 82 585 81 545 44 237 3 28 131 875 37 316 21 100 68 488 146 970 126 823
34 15 872 97 630 13 143 77 552 59 442 24 239 125 838 119 806 147 978 55 348 14 155 115 744 67 435 3 74 33 146 142 945
35 15 836 25 125 24 231 69 405 81 534 101 690 3 44 58 414 69 443 60 364 129 843 115 788 62 406 135 910 87 578 27 226
36 15 800 139 919 137 903 99 680 10 128 51 389 102 656 63 396 24 156 30 198 119 800 49 297 99 667 14 163 13 56 52 328
37 15 1036 65 383 106 726 20 161 143 946 8 131 70 492 30 264 73 444 142 946 131 860 140 930 46 359 135 887 126 836 61 443
38 15 991 100 662 21 141 126 850 145 963 54 313 78 472 101 678 16 51 111 726 130 852 144 957 21 209 106 701 52 300 34 219
39 15 910 12 10 65 423 139 915 76 486 116 774 54 360 91 610 45 304 105 684 106 713 143 954 59 442 17 171 69 483 41 272
40 15 845 73 483 55 402 12 162 18 148 97 620 111 752 75 505 88 574 54 355 96 637 146 967 64 433 113 735 4 60 51 393
41 15 921 18 201 59 431 22 103 129 848 17 44 109 703 121 811 124 820 149 994 102 677 85 584 91 569 1 19 6 47 119 804
42 15 960 105 685 49 333 90 637 115 743 58 435 113 756 117 768 8 33 2 38 24 189 138 915 118 788 135 896 33 177 95 664
43 15 936 74 441 97 655 28 254 19 67 114 751 7 8 83 591 101 643 77 474 147 978 26 100 126 831 118 773 40 218 114 770
44 15 1036 122 817 94 599 27 139 56 369 146 967 149 994 70 445 132 881 84 533 17 48 29 113 103 706 78 473 53 381 136 904
45 15 998 103 684 108 740 72 477 78 474 30 238 91 639 110 719 8 104 132 876 60 344 77 514 120 774 69 445 90 588 100 656
46 15 603 64 383 39 329 85 586 70 428 120 804 13 31 37 318 102 646 28 192 37 265 19 106 78 548 55 373 6 49 1 32
47 15 861 88 569 37 292 10 113 107 716 49 349 119 812 146 967 138 925 22 122 70 436 32 172 111 762 4 55 87 616 57 362
48 15 716 28 178 12 23 70 476 142 947 33 251 45 248 79 538 97 662 56 336 16 63 83 569 3 37 99 623 74 464 58 351
49 15 1120 99 672 74 460 113 733 136 905 142 950 127 844 80 568 91 568 46 257 136 911 120 786 63 370 2 103 27 253 144 959
50 15 1146 145 965 74 521 56 318 141 932 95 648 83 525 81 569 64 370 127 850 132 875 121 794 94 659 53 290 23 109 144 962
51 15 708 41 290 137 911 82 587 55 307 9 42 117 781 60 376 44 257 18 154 27 158 131 856 7 39 31 150 90 623 37 299
52 15 864 70 486 55 332 141 938 63 468 77 515 75 529 126 825 28 209 60 396 111 715 30 182 51 387 53 319 140 939 1 11
53 15 784 50 268 96 655 4 31 122 796 61 413 68 422 20 79 8 4 49 346 27 191 78 529 138 925 133 883 23 174 104 671
54 15 972 66 490 21 192 57 371 96 612 75 519 51 350 95 648 21 90 108 733 148 982 121 789 121 812 100 645 98 631 38 238
55 15 917 84 548 47 243 40 283 132 891 122 802 96 650 46 248 133 897 57 360 84 577 33 168 35 240 91 638 82 526 65 387
56 15 909 112 771 70 512 117 754 56 415 61 353 74 517 57 389 124 807 58 410 7 40 5 14 75 508 137 918 72 472 112 727
57 15 1117 77 551 52 358 27 170 56 412 136 908 142 939 127 832 105 715 106 675 135 896 114 765 129 842 81 536 90 609 20 78
58 15 825 27 235 62 396 71 520 10 112 23 78 108 719 38 316 68 481 50 389 141 935 4 82 39 203 150 998 116 786 125 816
59 15 945 30 125 130 853 65 411 70 476 92 569 128 860 140 929 98 616 8 36 133 890 29 247 64 414 56 346 41 200 98 622
60 15 800 11 85 124 827 98 638 78 500 44 265 95 656 2 4 120 799 37 258 91 593 43 246 42 265 135 890 4 79 76 517
61 15 1105 65 433 136 900 56 319 119 798 40 303 124 809 49 318 93 606 49 271 146 971 124 830 56 315 83 564 106 714 136 897
62 15 981 124 822 41 321 70 413 145 966 1 19 136 904 77 472 140 931 48 258 14 183 66 403 96 609 135 897 41 204 93 589
63 15 1032 105 726 30 249 84 532 127 833 110 701 52 367 95 603 23 233 98 670 56 326 145 960 106 682 17 57 127 849 115 747
64 15 837 52 348 2 5 131 869 135 896 79 492 55 401 13 7 69 436 94 598 68 413 1 10 27 209 138 917 46 310 137 912
65 15 851 28 178 107 689 108 715 33 223 65 382 103 682 121 802 98 655 2 18 25 163 62 427 61 432 9 14 130 861 112 766
66 15 844 9 124 12 47 25 200 120 794 134 897 148 984 12 159 98 659 102 655 5 103 122 801 32 289 33 240 88 575 115 777
67 15 963 15 51 60 425 141 939 145 964 141 932 39 274 6 102 14 130 16 137 107 713 94 594 101 666 121 797 61 430 143 954
68 15 877 125 843 74 462 51 381 37 229 73 518 97 628 12 134 120 787 140 926 16 52 96 629 84 577 60 377 42 232 70 480
69 15 908 124 836 42 271 101 680 65 440 87 556 1 90 148 983 50 375 123 818 116 747 85 596 55 312 83 579 2 1 54 367
70 15 888 85 587 88 552 82 575 132 881 141 937 126 850 2 19 48 356 88 577 48 305 58 425 3 115 102 689 22 91 86 540
71 15 947 47 350 132 883 42 309 101 683 70 428 76 490 122 809 32 248 59 418 120 779 1 72 82 546 114 756 142 944 44 238
72 15 863 90 615 105 687 9 130 19 46 102 670 14 130 82 586 80 494 27 187 78 527 59 396 143 953 130 858 86 527 55 343
73 15 737 64 403 94 651 90 613 104 665 8 105 47 263 108 701 51 387 10 152 38 309 14 31 93 591 16 69 37 249 148 986
74 15 732 31 122 148 984 17 35 48 270 98 646 129 855 46 321 60 427 27 122 67 484 24 157 43 262 1 34 101 668 76 500
75 15 953 23 122 76 479 73 471 75 480 23 128 81 567 50 296 150 996 125 829 112 741 54 413 3 9 122 793 127 852 98 640
76 15 1028 105 701 108 718 33 185 57 316 24 205 55 373 128 860 129 851 28 251 55 336 82 586 107 695 97 643 136 914 141 937
77 15 836 13 33 69 448 52 293 19 92 150 996 108 710 92 595 95 640 75 536 38 288 87 609 25 134 71 490 135 896 16 33
78 15 1036 136 911 150 996 45 301 4 16 36 241 116 789 46 323 72 464 136 910 91 582 115 778 65 382 124 814 135 888 24 155
79 15 827 66 489 65 401 112 751 123 817 71 442 28 152 88 617 11 91 1 34 46 325 82 579 61 384 108 703 136 907 36 209
80 15 919 148 983 44 294 6 2 97 663 42 205 14 44 124 843 111 752 24 148 9 145 114 764 116 763 107 710 64 463 129 851
81 15 790 111 743 98 644 40 277 129 849 53 408 60 363 13 134 5 114 53 404 5 3 52 404 44 358 121 797 67 500 137 903
82 15 876 109 738 97 608 12 107 17 27 144 955 28 185 35 290 89 601 128 845 150 995 35 286 115 769 39 304 64 385 34 201
83 15 824 57 329 67 390 86 574 72 451 63 418 98 655 18 127 78 556 42 207 134 893 87 603 3 17 112 736 64 444 50 384
84 15 874 116 780 58 388 28 202 111 719 22 135 102 676 139 930 47 336 54 351 59 445 19 118 90 573 82 530 132 885 34 220
85 15 856 134 894 139 928 104 663 82 521 24 153 87 580 51 295 44 235 12 10 89 578 16 76 114 740 125 826 35 231 15 70
86 15 798 33 160 46 299 122 823 103 706 34 280 73 520 19 53 62 401 8 105 100 669 42 264 93 583 102 652 138 923 23 125
87 15 933 13 142 142 946 97 664 140 922 65 390 42 332 5 6 15 27 89 570 102 656 141 938 58 440 138 922 25 143 95 652
88 15 1072 69 504 95 592 113 761 103 658 150 998 115 763 124 830 90 568 40 318 15 34 114 756 142 949 57 330 61 401 53 299
89 15 869 93 583 71 521 121 820 72 464 50 316 109 736 24 190 9 139 114 775 118 783 35 171 121 784 20 213 66 412 64 436
90 15 784 130 858 31 277 73 451 41 268 53 406 73 438 94 617 145 958 48 260 122 820 23 170 16 157 45 339 2 61 84 599
91 15 924 130 856 45 347 14 80 40 222 96 672 137 917 10 127 132 866 128 850 143 955 147 975 11 143 48 354 56 402 18 34
92 15 683 84 598 123 803 40 197 39 313 94 637 30 205 43 292 79 534 1 48 22 145 52 394 9 109 53 329 62 399 123 810
93 15 892 21 159 7 26 141 932 16 58 38 280 101 692 51 349 57 420 53 358 64 477 121 783 112 743 146 972 125 839 62 413
94 15 937 77 494 21 59 42 241 43 315 2 101 91 625 143 956 64 401 42 309 101 693 125 839 133 878 57 386 143 951 88 552
95 15 948 25 163 136 902 96 606 21 128 6 91 142 947 98 667 145 967 76 496 73 490 90 585 3 25 116 793 16 190 142 942
96 15 872 12 105 60 363 115 750 123 831 71 437 37 225 5 40 107 691 90 634 130 867 76 477 1 4 20 214 114 763 129 849
97 15 1243 118 800 119 777 32 184 122 795 81 513 45 289 132 876 140 927 134 887 93 653 63 377 142 943 136 894 90 571 107 716
98 15 782 27 158 61 361 117 788 24 93 124 817 93 639 81 542 73 448 6 52 74 530 50 356 60 355 10 39 85 599 93 591
99 15 1063 28 204 43 238 142 948 105 729 102 682 122 812 87 600 72 521 15 72 104 706 140 929 122 812 89 620 63 369 95 625
100 15 748 86 602 96 657 62 442 92 637 85 582 19 195 32 210 123 830 62 443 20 201 82 563 37 250 85 559 3 16 52 375
