1 15 1943 51 59 60 164 283 791 209 622 39 66 76 184 205 554 211 581 22 74 300 855 95 328 333 952 342 978 11 83 192 548
2 15 1766 165 494 70 198 214 578 141 406 31 143 246 703 104 323 12 62 328 936 117 284 11 99 235 649 200 576 123 310 211 640
3 15 2525 277 776 328 931 292 844 25 42 103 315 260 723 307 878 82 188 236 664 105 348 193 589 220 662 335 953 206 618 188 566
4 15 1931 76 286 150 438 24 38 25 29 228 659 248 720 87 186 337 962 213 626 159 485 263 760 108 336 285 795 157 475 54 91
5 15 2280 243 710 163 505 253 725 117 292 217 609 317 901 62 219 38 77 48 132 200 555 239 703 259 719 333 951 17 14 344 981
6 15 2392 77 157 225 635 92 325 176 484 325 934 181 510 236 681 331 949 73 160 202 601 270 782 256 707 294 831 216 616 36 152
7 15 1734 49 204 271 791 34 162 224 632 194 525 91 247 57 182 57 205 94 251 311 894 279 801 23 60 66 254 196 583 222 648
8 15 2269 305 869 269 752 257 748 206 550 135 439 93 210 223 634 93 308 99 274 237 646 312 893 185 568 82 253 227 673 114 264
9 15 2323 60 183 202 603 230 640 120 292 210 599 302 876 263 758 299 856 108 336 289 825 132 366 120 312 298 839 203 615 68 273
10 15 1876 93 268 140 398 340 973 160 511 65 252 307 876 148 386 82 190 105 294 78 212 331 941 272 773 86 312 26 150 112 341
11 15 1580 301 850 28 44 136 411 34 40 249 710 99 327 133 395 189 571 161 505 124 290 24 125 37 114 117 313 187 508 157 463
12 15 1845 103 299 71 280 101 281 277 772 44 174 59 165 281 814 25 67 18 111 288 818 164 463 300 867 42 205 249 705 285 818
13 15 2160 90 217 128 340 142 375 325 933 332 949 175 479 61 101 79 207 53 86 178 539 305 865 175 490 276 786 246 719 135 412
14 15 1952 96 219 155 498 105 310 39 67 212 596 82 292 132 432 136 443 218 619 175 454 231 625 325 925 94 244 122 371 319 907
15 15 1877 348 993 111 262 2 93 199 580 112 379 60 111 100 295 322 924 19 14 286 802 21 12 342 975 138 404 6 64 281 817
16 15 2288 114 258 276 785 315 895 91 217 222 603 337 962 231 626 117 323 271 765 114 389 300 840 73 275 188 535 25 6 187 552
17 15 2443 294 841 122 292 337 964 42 168 195 526 222 661 307 874 135 358 293 836 176 473 113 357 256 713 50 166 304 879 208 623
18 15 2539 207 587 53 216 229 681 166 452 335 954 350 999 222 633 231 630 236 690 207 563 335 954 80 189 184 493 173 541 166 437
19 15 2110 58 155 42 120 208 577 74 192 320 911 148 452 42 175 127 397 323 924 222 662 280 786 315 889 298 859 146 404 35 78
20 15 2523 154 484 254 718 53 191 290 828 307 869 336 955 317 910 1 53 279 794 303 877 27 152 112 282 249 685 145 464 327 939
21 15 1628 14 7 287 813 241 711 4 82 2 59 70 264 276 773 70 223 158 481 324 921 138 362 144 363 144 388 21 114 143 399
22 15 2135 68 203 6 75 343 978 264 736 48 123 96 291 305 877 319 910 163 492 105 332 126 363 339 966 215 577 161 499 111 365
23 15 2318 13 49 327 932 300 868 241 686 313 896 71 152 158 399 251 717 221 629 237 672 32 113 183 514 96 335 186 494 269 756
24 15 1945 254 702 184 495 273 782 15 134 199 568 318 917 50 162 51 145 128 366 326 929 26 92 62 115 262 742 100 243 184 491
25 15 2376 304 868 297 854 324 930 160 482 292 847 50 190 243 695 92 221 112 314 108 309 309 893 13 42 320 911 81 163 265 760
26 15 2186 285 820 83 199 153 394 233 656 317 901 195 518 134 319 165 423 307 873 128 365 163 476 150 392 270 771 94 197 56 186
27 15 2373 297 836 87 190 294 853 92 249 304 877 332 948 315 900 43 56 163 437 189 539 116 272 236 661 58 129 200 613 241 671
28 15 2200 306 879 347 990 333 951 27 105 186 548 55 144 173 518 25 136 91 291 321 921 309 879 103 360 80 301 186 568 209 592
29 15 2114 121 364 241 661 237 647 223 601 113 313 193 508 90 258 265 750 7 74 7 81 243 698 248 716 339 964 229 685 87 191
30 15 1710 213 575 264 778 29 58 201 615 132 430 227 648 3 12 35 172 101 322 160 503 27 97 170 530 99 314 305 875 172 516
31 15 2435 143 435 206 571 143 417 313 898 47 139 110 344 343 978 272 759 221 639 135 402 326 933 260 722 164 508 318 908 43 121
32 15 2096 270 754 285 832 188 536 48 119 208 557 35 144 109 352 42 182 83 220 186 514 324 929 264 762 193 545 327 930 59 245
33 15 2120 129 331 349 996 134 423 158 431 168 486 190 585 189 545 101 237 7 28 304 875 85 316 47 100 157 488 340 970 293 823
34 15 2025 225 630 30 143 180 552 137 442 54 239 290 838 277 806 343 978 128 348 31 155 267 744 157 435 6 74 77 146 330 945
35 15 1946 58 125 56 231 160 405 187 534 236 690 6 44 136 414 161 443 140 364 300 843 268 788 144 406 315 910 203 578 63 226
36 15 1859 324 919 319 903 230 680 22 128 118 389 236 656 147 396 55 156 69 198 277 800 114 297 231 667 32 163 30 56 120 328
37 15 2412 151 383 247 726 46 161 333 946 19 131 164 492 70 264 170 444 331 946 305 860 325 930 106 359 314 887 294 836 141 443
38 15 2306 233 662 49 141 293 850 338 963 125 313 182 472 236 678 36 51 258 726 303 852 335 957 49 209 247 701 121 300 78 219
39 15 2113 27 10 150 423 323 915 176 486 270 774 125 360 212 610 105 304 244 684 247 713 332 954 137 442 38 171 161 483 95 272
40 15 1961 169 483 128 402 26 162 41 148 225 620 258 752 175 505 205 574 126 355 224 637 339 967 148 433 263 735 8 60 117 393
41 15 2141 40 201 137 431 50 103 300 848 40 44 254 703 282 811 289 820 348 994 237 677 197 584 212 569 1 19 13 47 277 804
42 15 2231 243 685 113 333 209 637 269 743 134 435 263 756 273 768 19 33 4 38 54 189 322 915 274 788 314 896 76 177 222 664
43 15 2178 172 441 226 655 66 254 43 67 264 751 16 8 192 591 235 643 180 474 343 978 59 100 294 831 275 773 92 218 266 770
44 15 2412 283 817 218 599 63 139 130 369 339 967 348 994 163 445 308 881 196 533 39 48 66 113 239 706 181 473 124 381 318 904
45 15 2324 240 684 252 740 168 477 181 474 69 238 212 639 256 719 19 104 308 876 138 344 179 514 278 774 161 445 210 588 234 656
46 15 1403 150 383 90 329 199 586 162 428 279 804 30 31 86 318 237 646 66 192 86 265 44 106 181 548 128 373 14 49 2 32
47 15 2005 205 569 87 292 23 113 250 716 114 349 277 812 339 967 322 925 51 122 164 436 73 172 258 762 8 55 203 616 133 362
48 15 1663 66 178 28 23 162 476 330 947 77 251 105 248 184 538 226 662 129 336 38 63 192 569 6 37 229 623 172 464 135 351
49 15 2605 231 672 173 460 262 733 317 905 331 950 295 844 187 568 212 568 106 257 316 911 280 786 146 370 4 103 61 253 336 959
50 15 2668 338 965 172 521 131 318 329 932 221 648 193 525 189 569 148 370 296 850 307 875 281 794 219 659 123 290 52 109 336 962
51 15 1647 95 290 320 911 191 587 128 307 21 42 273 781 140 376 102 257 42 154 63 158 304 856 15 39 72 150 208 623 85 299
52 15 2011 163 486 129 332 329 938 147 468 179 515 175 529 294 825 64 209 139 396 258 715 69 182 118 387 122 319 327 939 1 11
53 15 1825 115 268 224 655 8 31 283 796 143 413 159 422 47 79 18 4 113 346 63 191 182 529 321 925 311 883 54 174 241 671
54 15 2263 153 490 49 192 133 371 224 612 174 519 117 350 221 648 49 90 252 733 344 982 283 789 282 812 232 645 228 631 88 238
55 15 2133 195 548 109 243 93 283 308 891 285 802 223 650 107 248 310 897 131 360 196 577 76 168 81 240 212 638 191 526 150 387
56 15 2116 261 771 162 512 272 754 129 415 143 353 172 517 133 389 289 807 134 410 16 40 12 14 175 508 320 918 168 472 260 727
57 15 2599 178 551 120 358 63 170 131 412 318 908 330 939 295 832 245 715 246 675 315 896 266 765 299 842 188 536 209 609 46 78
58 15 1918 63 235 144 396 165 520 22 112 53 78 251 719 89 316 158 481 117 389 329 935 9 82 90 203 349 998 269 786 290 816
59 15 2197 70 125 302 853 151 411 163 476 213 569 298 860 325 929 227 616 18 36 310 890 67 247 149 414 129 346 96 200 229 622
60 15 1859 25 85 289 827 228 638 181 500 102 265 222 656 4 4 279 799 86 258 211 593 99 246 98 265 315 890 8 79 177 517
61 15 2574 152 433 318 900 130 319 276 798 92 303 289 809 114 318 217 606 114 271 340 971 289 830 130 315 194 564 246 714 317 897
62 15 2281 289 822 94 321 162 413 338 966 2 19 317 904 179 472 325 931 112 258 33 183 153 403 223 609 314 897 95 204 216 589
63 15 2396 244 726 68 249 195 532 295 833 255 701 121 367 220 603 53 233 228 670 131 326 337 960 246 682 38 57 296 849 268 747
64 15 1942 120 348 4 5 304 869 313 896 183 492 128 401 30 7 160 436 219 598 157 413 3 10 61 209 321 917 106 310 319 912
65 15 1978 64 178 250 689 251 715 76 223 152 382 240 682 281 802 228 655 4 18 57 163 143 427 143 432 19 14 303 861 262 766
66 15 1961 21 124 27 47 59 200 280 794 312 897 345 984 26 159 227 659 236 655 12 103 284 801 74 289 76 240 206 575 267 777
67 15 2238 34 51 139 425 328 939 337 964 328 932 91 274 13 102 32 130 36 137 248 713 219 594 235 666 281 797 143 430 334 954
68 15 2040 292 843 172 462 118 381 85 229 169 518 225 628 28 134 280 787 326 926 37 52 224 629 195 577 139 377 98 232 162 480
69 15 2109 289 836 98 271 234 680 151 440 202 556 1 90 344 983 116 375 286 818 269 747 198 596 127 312 193 579 4 1 125 367
70 15 2064 198 587 204 552 190 575 308 881 327 937 294 850 4 19 112 356 205 577 111 305 135 425 6 115 237 689 50 91 200 540
71 15 2201 110 350 308 883 96 309 235 683 163 428 177 490 285 809 73 248 138 418 278 779 1 72 191 546 265 756 331 944 101 238
72 15 2004 209 615 244 687 20 130 45 46 237 670 31 130 191 586 185 494 62 187 181 527 137 396 333 953 303 858 199 527 128 343
73 15 1713 148 403 219 651 209 613 241 665 17 105 109 263 252 701 118 387 22 152 88 309 33 31 217 591 37 69 87 249 345 986
74 15 1701 71 122 345 984 40 35 110 270 229 646 301 855 107 321 139 427 62 122 155 484 55 157 100 262 1 34 235 668 177 500
75 15 2213 53 122 176 479 169 471 173 480 53 128 187 567 117 296 349 996 290 829 260 741 126 413 7 9 284 793 296 852 227 640
76 15 2390 244 701 250 718 76 185 133 316 55 205 128 373 299 860 299 851 64 251 128 336 190 586 250 695 227 643 317 914 328 937
77 15 1940 30 33 160 448 120 293 44 92 349 996 251 710 214 595 220 640 174 536 88 288 203 609 57 134 166 490 314 896 36 33
78 15 2408 316 911 349 996 105 301 9 16 84 241 271 789 106 323 168 464 316 910 212 582 268 778 151 382 288 814 313 888 55 155
79 15 1925 153 489 152 401 260 751 287 817 165 442 65 152 205 617 26 91 3 34 107 325 191 579 142 384 251 703 317 907 83 209
80 15 2136 344 983 101 294 14 2 226 663 97 205 31 44 290 843 258 752 56 148 20 145 264 764 269 763 249 710 150 463 301 851
81 15 1838 258 743 229 644 94 277 301 849 123 408 139 363 29 134 11 114 124 404 11 3 121 404 101 358 283 797 156 500 318 903
82 15 2032 254 738 225 608 27 107 38 27 336 955 64 185 81 290 206 601 298 845 348 995 81 286 267 769 90 304 148 385 78 201
83 15 1913 132 329 156 390 199 574 167 451 147 418 227 655 41 127 180 556 97 207 312 893 203 603 7 17 260 736 148 444 116 384
84 15 2032 271 780 134 388 64 202 258 719 51 135 237 676 324 930 109 336 125 351 137 445 44 118 209 573 190 530 308 885 79 220
85 15 1993 313 894 325 928 243 663 192 521 55 153 202 580 118 295 101 235 26 10 207 578 36 76 266 740 292 826 81 231 35 70
86 15 1852 75 160 107 299 284 823 240 706 79 280 171 520 43 53 143 401 18 105 232 669 97 264 217 583 237 652 321 923 52 125
87 15 2167 30 142 330 946 225 664 325 922 151 390 97 332 11 6 34 27 207 570 237 656 327 938 134 440 322 922 58 143 221 652
88 15 2492 161 504 220 592 262 761 240 658 350 998 268 763 289 830 208 568 93 318 35 34 265 756 330 949 131 330 141 401 123 299
89 15 2020 216 583 164 521 282 820 168 464 116 316 254 736 54 190 20 139 266 775 274 783 82 171 281 784 46 213 153 412 149 436
90 15 1820 303 858 71 277 170 451 95 268 124 406 170 438 219 617 337 958 110 260 283 820 53 170 37 157 104 339 4 61 195 599
91 15 2144 303 856 103 347 32 80 93 222 223 672 318 917 23 127 307 866 298 850 333 955 342 975 24 143 112 354 130 402 40 34
92 15 1589 196 598 286 803 94 197 90 313 219 637 69 205 101 292 183 534 2 48 52 145 120 394 21 109 123 329 144 399 287 810
93 15 2070 47 159 17 26 327 932 38 58 88 280 234 692 119 349 132 420 122 358 148 477 281 783 260 743 340 972 292 839 143 413
94 15 2180 180 494 48 59 98 241 99 315 3 101 211 625 334 956 149 401 97 309 235 693 292 839 310 878 133 386 333 951 204 552
95 15 2202 57 163 317 902 223 606 48 128 14 91 330 947 227 667 338 967 176 496 170 490 209 585 7 25 270 793 37 190 330 942
96 15 2022 27 105 138 363 268 750 285 831 165 437 85 225 11 40 249 691 209 634 302 867 176 477 3 4 46 214 264 763 300 849
97 15 2895 276 800 277 777 74 184 285 795 189 513 104 289 307 876 327 927 312 887 217 653 147 377 330 943 317 894 209 571 248 716
98 15 1818 63 158 141 361 272 788 55 93 289 817 216 639 189 542 171 448 14 52 171 530 115 356 138 355 24 39 198 599 217 591
99 15 2476 65 204 101 238 332 948 245 729 236 682 283 812 203 600 168 521 34 72 243 706 326 929 284 812 208 620 147 369 220 625
100 15 1738 199 602 223 657 143 442 215 637 198 582 44 195 73 210 285 830 143 443 46 201 191 563 87 250 198 559 6 16 122 375
