1 15 559 15 59 18 164 81 791 60 622 11 66 22 184 59 554 61 581 7 74 86 855 27 328 96 952 98 978 3 83 55 548
2 15 508 47 494 20 198 61 578 41 406 9 143 71 703 30 323 4 62 94 936 34 284 3 99 68 649 58 576 35 310 61 640
3 15 724 79 776 94 931 84 844 7 42 30 315 75 723 88 878 24 188 68 664 30 348 55 589 63 662 96 953 59 618 54 566
4 15 556 22 286 43 438 7 38 8 29 65 659 71 720 25 186 97 962 61 626 46 485 76 760 31 336 82 795 45 475 16 91
5 15 656 70 710 47 505 73 725 34 292 62 609 91 901 18 219 11 77 14 132 58 555 69 703 74 719 95 951 5 14 99 981
6 15 688 22 157 65 635 27 325 51 484 93 934 52 510 68 681 95 949 21 160 58 601 77 782 74 707 84 831 62 616 11 152
7 15 499 14 204 78 791 10 162 64 632 56 525 26 247 17 182 17 205 27 251 89 894 80 801 7 60 19 254 56 583 64 648
8 15 652 88 869 77 752 74 748 59 550 39 439 27 210 64 634 27 308 29 274 68 646 89 893 53 568 24 253 65 673 33 264
9 15 668 18 183 58 603 66 640 35 292 60 599 87 876 76 758 86 856 31 336 83 825 38 366 35 312 85 839 58 615 20 273
10 15 540 27 268 40 398 97 973 46 511 19 252 88 876 43 386 24 190 30 294 23 212 95 941 78 773 25 312 8 150 32 341
11 15 454 86 850 8 44 39 411 10 40 71 710 29 327 38 395 54 571 46 505 36 290 7 125 11 114 34 313 54 508 45 463
12 15 532 30 299 21 280 29 281 79 772 13 174 17 165 81 814 8 67 6 111 83 818 47 463 86 867 12 205 72 705 82 818
13 15 620 26 217 37 340 41 375 93 933 95 949 50 479 18 101 23 207 15 86 51 539 87 865 50 490 79 786 71 719 39 412
14 15 560 28 219 45 498 30 310 11 67 61 596 24 292 38 432 39 443 63 619 50 454 66 625 93 925 27 244 35 371 91 907
15 15 540 100 993 32 262 1 93 57 580 32 379 17 111 29 295 92 924 6 14 82 802 6 12 98 975 40 404 2 64 81 817
16 15 658 33 258 79 785 90 895 26 217 64 603 97 962 66 626 34 323 78 765 33 389 86 840 21 275 54 535 8 6 54 552
17 15 702 84 841 35 292 97 964 12 168 56 526 64 661 88 874 39 358 84 836 51 473 33 357 73 713 15 166 87 879 60 623
18 15 730 60 587 16 216 66 681 48 452 96 954 100 999 64 633 66 630 68 690 59 563 96 954 23 189 53 493 50 541 48 437
19 15 607 17 155 12 120 60 577 21 192 92 911 43 452 12 175 37 397 93 924 64 662 80 786 90 889 86 859 42 404 10 78
20 15 724 44 484 73 718 15 191 83 828 88 869 96 955 91 910 1 53 80 794 87 877 8 152 32 282 72 685 42 464 94 939
21 15 468 4 7 82 813 69 711 2 82 1 59 20 264 79 773 20 223 45 481 93 921 40 362 42 363 42 388 6 114 41 399
22 15 612 20 203 2 75 98 978 76 736 14 123 28 291 87 877 91 910 47 492 30 332 36 363 97 966 62 577 46 499 32 365
23 15 667 4 49 94 932 86 868 69 686 90 896 21 152 46 399 72 717 63 629 68 672 10 113 53 514 28 335 53 494 77 756
24 15 560 73 702 53 495 78 782 5 134 57 568 91 917 15 162 15 145 37 366 94 929 8 92 18 115 75 742 29 243 53 491
25 15 683 87 868 85 854 93 930 46 482 84 847 15 190 70 695 27 221 32 314 31 309 89 893 4 42 92 911 23 163 76 760
26 15 629 82 820 24 199 44 394 67 656 91 901 56 518 39 319 48 423 88 873 37 365 47 476 43 392 78 771 27 197 16 186
27 15 681 85 836 25 190 84 853 27 249 87 877 95 948 90 900 13 56 47 437 54 539 34 272 68 661 17 129 57 613 69 671
28 15 632 88 879 99 990 95 951 8 105 53 548 16 144 50 518 8 136 26 291 92 921 89 879 30 360 23 301 53 568 60 592
29 15 608 35 364 69 661 68 647 64 601 33 313 56 508 26 258 76 750 2 74 2 81 70 698 71 716 97 964 66 685 25 191
30 15 492 61 575 76 778 9 58 58 615 38 430 65 648 1 12 10 172 29 322 46 503 8 97 49 530 29 314 87 875 49 516
31 15 700 41 435 59 571 41 417 90 898 14 139 32 344 98 978 78 759 63 639 39 402 94 933 75 722 47 508 91 908 13 121
32 15 604 78 754 82 832 54 536 14 119 60 557 10 144 32 352 12 182 24 220 54 514 93 929 76 762 56 545 94 930 17 245
33 15 609 37 331 100 996 39 423 45 431 48 486 55 585 54 545 29 237 2 28 87 875 25 316 14 100 45 488 98 970 84 823
34 15 582 65 630 9 143 52 552 39 442 16 239 83 838 79 806 98 978 37 348 9 155 77 744 45 435 2 74 22 146 95 945
35 15 559 17 125 16 231 46 405 54 534 68 690 2 44 39 414 46 443 40 364 86 843 77 788 42 406 90 910 58 578 18 226
36 15 534 93 919 91 903 66 680 7 128 34 389 68 656 42 396 16 156 20 198 79 800 33 297 66 667 9 163 9 56 35 328
37 15 693 43 383 71 726 13 161 96 946 6 131 47 492 20 264 49 444 95 946 88 860 93 930 31 359 90 887 84 836 41 443
38 15 663 67 662 14 141 84 850 97 963 36 313 52 472 68 678 11 51 74 726 87 852 96 957 14 209 71 701 35 300 23 219
39 15 608 8 10 43 423 93 915 51 486 78 774 36 360 61 610 30 304 70 684 71 713 95 954 39 442 11 171 46 483 28 272
40 15 565 49 483 37 402 8 162 12 148 65 620 74 752 50 505 59 574 36 355 64 637 97 967 43 433 76 735 3 60 34 393
41 15 616 12 201 39 431 15 103 86 848 12 44 73 703 81 811 83 820 100 994 68 677 57 584 61 569 1 19 4 47 79 804
42 15 643 70 685 33 333 60 637 77 743 39 435 76 756 78 768 6 33 2 38 16 189 92 915 79 788 90 896 22 177 64 664
43 15 625 49 441 65 655 19 254 13 67 76 751 5 8 55 591 67 643 52 474 98 978 17 100 84 831 79 773 27 218 76 770
44 15 692 81 817 63 599 18 139 38 369 97 967 100 994 47 445 88 881 56 533 11 48 19 113 69 706 52 473 36 381 91 904
45 15 666 69 684 72 740 48 477 52 474 20 238 61 639 73 719 6 104 88 876 40 344 51 514 80 774 46 445 60 588 67 656
46 15 404 43 383 26 329 57 586 47 428 80 804 9 31 25 318 68 646 19 192 25 265 13 106 52 548 37 373 4 49 1 32
47 15 576 59 569 25 292 7 113 72 716 33 349 80 812 97 967 92 925 15 122 47 436 21 172 74 762 3 55 58 616 38 362
48 15 478 19 178 8 23 47 476 95 947 22 251 30 248 53 538 65 662 37 336 11 63 55 569 2 37 66 623 49 464 39 351
49 15 748 66 672 50 460 75 733 91 905 95 950 85 844 54 568 61 568 31 257 91 911 80 786 42 370 1 103 18 253 96 959
50 15 764 97 965 49 521 38 318 94 932 63 648 55 525 54 569 43 370 85 850 88 875 81 794 63 659 35 290 15 109 96 962
51 15 474 27 290 92 911 55 587 37 307 6 42 78 781 40 376 30 257 12 154 18 158 87 856 5 39 21 150 60 623 25 299
52 15 578 47 486 37 332 94 938 42 468 52 515 50 529 84 825 19 209 40 396 74 715 20 182 34 387 35 319 94 939 1 11
53 15 524 33 268 64 655 3 31 81 796 41 413 46 422 14 79 5 4 33 346 18 191 52 529 92 925 89 883 16 174 69 671
54 15 650 44 490 14 192 38 371 64 612 50 519 34 350 64 648 14 90 72 733 99 982 81 789 81 812 67 645 65 631 26 238
55 15 612 56 548 31 243 27 283 88 891 82 802 64 650 31 248 89 897 38 360 56 577 22 168 23 240 61 638 55 526 43 387
56 15 609 75 771 47 512 78 754 37 415 41 353 50 517 38 389 83 807 39 410 5 40 4 14 50 508 92 918 48 472 75 727
57 15 747 51 551 35 358 18 170 38 412 91 908 95 939 85 832 70 715 71 675 90 896 76 765 86 842 54 536 60 609 14 78
58 15 552 18 235 41 396 47 520 7 112 16 78 72 719 26 316 46 481 34 389 94 935 3 82 26 203 100 998 77 786 83 816
59 15 631 20 125 87 853 43 411 47 476 61 569 86 860 93 929 65 616 5 36 89 890 19 247 43 414 37 346 28 200 66 622
60 15 535 7 85 83 827 66 638 52 500 29 265 64 656 1 4 80 799 25 258 61 593 29 246 28 265 90 890 3 79 51 517
61 15 740 44 433 91 900 37 319 79 798 27 303 83 809 33 318 62 606 33 271 98 971 83 830 37 315 56 564 71 714 91 897
62 15 656 83 822 27 321 47 413 97 966 1 19 91 904 52 472 93 931 32 258 10 183 44 403 64 609 90 897 27 204 62 589
63 15 689 70 726 20 249 56 532 85 833 73 701 35 367 63 603 15 233 66 670 38 326 97 960 71 682 11 57 85 849 77 747
64 15 560 35 348 2 5 87 869 90 896 53 492 37 401 9 7 46 436 63 598 45 413 1 10 18 209 92 917 31 310 92 912
65 15 570 19 178 72 689 72 715 22 223 44 382 69 682 81 802 66 655 1 18 17 163 41 427 41 432 6 14 87 861 75 766
66 15 564 6 124 8 47 17 200 80 794 89 897 99 984 8 159 65 659 68 655 4 103 81 801 22 289 22 240 59 575 77 777
67 15 644 10 51 40 425 94 939 97 964 94 932 26 274 4 102 10 130 11 137 71 713 63 594 68 666 81 797 41 430 96 954
68 15 586 84 843 49 462 34 381 25 229 49 518 65 628 8 134 80 787 93 926 11 52 64 629 56 577 40 377 28 232 47 480
69 15 605 83 836 28 271 67 680 43 440 58 556 1 90 99 983 33 375 82 818 77 747 57 596 37 312 55 579 1 1 36 367
70 15 593 57 587 59 552 55 575 88 881 94 937 84 850 1 19 32 356 59 577 32 305 39 425 2 115 68 689 15 91 57 540
71 15 634 32 350 88 883 28 309 68 683 47 428 51 490 82 809 21 248 40 418 80 779 1 72 55 546 76 756 95 944 29 238
72 15 576 60 615 70 687 6 130 13 46 68 670 9 130 55 586 53 494 18 187 52 527 40 396 96 953 87 858 57 527 37 343
73 15 494 43 403 63 651 60 613 69 665 5 105 32 263 72 701 34 387 7 152 26 309 10 31 62 591 11 69 25 249 99 986
74 15 491 21 122 99 984 12 35 32 270 66 646 86 855 31 321 40 427 18 122 45 484 16 157 29 262 1 34 67 668 51 500
75 15 637 15 122 51 479 49 471 50 480 16 128 54 567 34 296 100 996 83 829 75 741 36 413 2 9 82 793 85 852 65 640
76 15 688 70 701 72 718 22 185 38 316 16 205 37 373 86 860 86 851 19 251 37 336 55 586 72 695 65 643 91 914 94 937
77 15 560 9 33 46 448 35 293 13 92 100 996 72 710 62 595 63 640 50 536 26 288 58 609 17 134 48 490 90 896 11 33
78 15 693 91 911 100 996 30 301 3 16 24 241 78 789 31 323 48 464 91 910 61 582 77 778 44 382 83 814 90 888 16 155
79 15 554 44 489 44 401 75 751 82 817 47 442 19 152 59 617 8 91 1 34 31 325 55 579 41 384 72 703 91 907 24 209
80 15 613 99 983 29 294 4 2 65 663 28 205 9 44 83 843 74 752 16 148 6 145 76 764 77 763 72 710 43 463 86 851
81 15 528 74 743 66 644 27 277 86 849 35 408 40 363 9 134 4 114 36 404 3 3 35 404 29 358 81 797 45 500 91 903
82 15 586 73 738 65 608 8 107 11 27 96 955 19 185 24 290 59 601 86 845 100 995 23 286 77 769 26 304 43 385 23 201
83 15 550 38 329 45 390 57 574 48 451 42 418 65 655 12 127 52 556 28 207 90 893 58 603 2 17 75 736 43 444 33 384
84 15 585 78 780 39 388 19 202 74 719 15 135 68 676 93 930 32 336 36 351 39 445 13 118 60 573 55 530 88 885 23 220
85 15 574 90 894 93 928 70 663 55 521 16 153 58 580 34 295 29 235 8 10 60 578 11 76 76 740 84 826 24 231 10 70
86 15 533 22 160 31 299 81 823 69 706 23 280 49 520 13 53 41 401 6 105 67 669 28 264 62 583 68 652 92 923 15 125
87 15 624 9 142 95 946 65 664 93 922 44 390 28 332 3 6 10 27 60 570 68 656 94 938 39 440 92 922 17 143 63 652
88 15 716 46 504 63 592 75 761 69 658 100 998 77 763 83 830 60 568 27 318 10 34 76 756 95 949 38 330 41 401 36 299
89 15 581 62 583 47 521 81 820 48 464 33 316 73 736 16 190 6 139 76 775 79 783 24 171 81 784 14 213 44 412 43 436
90 15 525 87 858 21 277 49 451 28 268 36 406 49 438 63 617 97 958 32 260 81 820 15 170 11 157 30 339 2 61 56 599
91 15 617 87 856 30 347 10 80 27 222 64 672 91 917 7 127 88 866 85 850 96 955 98 975 7 143 32 354 38 402 12 34
92 15 458 56 598 82 803 27 197 26 313 63 637 20 205 29 292 53 534 1 48 15 145 35 394 6 109 36 329 42 399 82 810
93 15 596 14 159 5 26 94 932 11 58 26 280 67 692 34 349 38 420 35 358 43 477 81 783 75 743 97 972 84 839 41 413
94 15 627 52 494 14 59 28 241 29 315 1 101 61 625 96 956 43 401 28 309 67 693 84 839 89 878 38 386 95 951 59 552
95 15 634 17 163 91 902 64 606 14 128 4 91 95 947 65 667 97 967 51 496 49 490 60 585 2 25 78 793 11 190 95 942
96 15 584 8 105 40 363 77 750 82 831 47 437 25 225 4 40 72 691 60 634 87 867 51 477 1 4 14 214 76 763 86 849
97 15 829 79 800 79 777 21 184 82 795 54 513 30 289 88 876 94 927 89 887 62 653 42 377 95 943 91 894 60 571 71 716
98 15 522 18 158 41 361 78 788 16 93 83 817 62 639 54 542 49 448 4 52 49 530 33 356 40 355 7 39 57 599 62 591
99 15 709 19 204 29 238 95 948 70 729 68 682 81 812 58 600 48 521 10 72 70 706 93 929 81 812 60 620 42 369 63 625
100 15 500 57 602 64 657 41 442 62 637 57 582 13 195 21 210 82 830 41 443 14 201 55 563 25 250 57 559 2 16 35 375
