1 15 2220 58 59 69 164 324 791 238 622 44 66 87 184 235 554 241 581 25 74 343 855 108 328 381 952 391 978 12 83 219 548
2 15 2017 188 494 80 198 244 578 161 406 36 143 281 703 119 323 13 62 375 936 134 284 12 99 269 649 229 576 140 310 241 640
3 15 2884 316 776 375 931 333 844 28 42 118 315 297 723 351 878 94 188 270 664 119 348 220 589 252 662 383 953 235 618 214 566
4 15 2205 87 286 171 438 27 38 29 29 260 659 284 720 100 186 385 962 243 626 182 485 301 760 123 336 325 795 179 475 61 91
5 15 2603 277 710 187 505 289 725 133 292 248 609 362 901 70 219 43 77 55 132 229 555 273 703 296 719 380 951 19 14 393 981
6 15 2731 88 157 257 635 105 325 201 484 371 934 207 510 269 681 378 949 83 160 230 601 308 782 293 707 336 831 247 616 41 152
7 15 1980 55 204 309 791 39 162 256 632 222 525 104 247 65 182 65 205 108 251 355 894 319 801 26 60 76 254 223 583 254 648
8 15 2594 349 869 308 752 294 748 235 550 154 439 107 210 255 634 106 308 114 274 271 646 356 893 212 568 93 253 259 673 130 264
9 15 2657 69 183 231 603 263 640 138 292 240 599 346 876 301 758 342 856 124 336 331 825 150 366 137 312 340 839 232 615 78 273
10 15 2140 106 268 159 398 388 973 183 511 74 252 350 876 169 386 93 190 120 294 89 212 378 941 311 773 98 312 30 150 128 341
11 15 1805 344 850 32 44 155 411 39 40 284 710 113 327 152 395 216 571 184 505 142 290 27 125 42 114 133 313 214 508 180 463
12 15 2109 118 299 82 280 115 281 316 772 50 174 67 165 321 814 29 67 21 111 329 818 187 463 343 867 48 205 285 705 326 818
13 15 2468 103 217 147 340 163 375 371 933 379 949 200 479 70 101 90 207 60 86 204 539 348 865 199 490 316 786 281 719 154 412
14 15 2232 110 219 178 498 120 310 44 67 242 596 94 292 151 432 155 443 249 619 200 454 264 625 372 925 108 244 140 371 364 907
15 15 2144 398 993 127 262 2 93 227 580 128 379 68 111 114 295 368 924 22 14 327 802 24 12 391 975 157 404 6 64 321 817
16 15 2612 130 258 315 785 359 895 104 217 253 603 386 962 264 626 133 323 310 765 130 389 342 840 83 275 215 535 29 6 213 552
17 15 2791 336 841 140 292 386 964 48 168 223 526 253 661 350 874 155 358 335 836 201 473 129 357 292 713 57 166 347 879 237 623
18 15 2902 237 587 61 216 262 681 190 452 382 954 400 999 254 633 264 630 270 690 236 563 383 954 91 189 210 493 198 541 190 437
19 15 2410 66 155 48 120 238 577 84 192 365 911 169 452 48 175 145 397 369 924 254 662 320 786 360 889 341 859 166 404 40 78
20 15 2881 176 484 290 718 60 191 331 828 351 869 384 955 362 910 1 53 319 794 346 877 30 152 128 282 285 685 165 464 374 939
21 15 1862 16 7 328 813 276 711 5 82 2 59 80 264 315 773 79 223 180 481 371 921 158 362 165 363 165 388 24 114 164 399
22 15 2437 77 203 7 75 392 978 302 736 54 123 110 291 348 877 364 910 186 492 120 332 143 363 387 966 246 577 184 499 127 365
23 15 2650 15 49 374 932 343 868 276 686 358 896 81 152 181 399 287 717 252 629 270 672 37 113 209 514 110 335 212 494 308 756
24 15 2224 290 702 210 495 312 782 17 134 227 568 364 917 57 162 58 145 146 366 373 929 30 92 71 115 300 742 114 243 211 491
25 15 2716 348 868 340 854 370 930 183 482 334 847 57 190 278 695 105 221 128 314 123 309 354 893 15 42 366 911 92 163 303 760
26 15 2499 325 820 95 199 175 394 266 656 363 901 223 518 153 319 189 423 351 873 146 365 186 476 172 392 309 771 107 197 64 186
27 15 2712 340 836 99 190 335 853 105 249 348 877 379 948 360 900 49 56 186 437 216 539 133 272 270 661 67 129 228 613 275 671
28 15 2514 350 879 396 990 380 951 31 105 212 548 63 144 198 518 29 136 104 291 367 921 353 879 118 360 92 301 212 568 238 592
29 15 2416 138 364 275 661 271 647 255 601 129 313 221 508 103 258 303 750 8 74 8 81 278 698 284 716 387 964 261 685 100 191
30 15 1953 243 575 302 778 33 58 230 615 150 430 260 648 4 12 40 172 116 322 183 503 30 97 194 530 113 314 348 875 196 516
31 15 2783 164 435 235 571 163 417 357 898 54 139 126 344 392 978 311 759 252 639 155 402 373 933 297 722 188 508 363 908 49 121
32 15 2396 309 754 326 832 215 536 54 119 238 557 40 144 125 352 48 182 95 220 213 514 370 929 302 762 221 545 373 930 67 245
33 15 2423 148 331 399 996 153 423 180 431 192 486 217 585 216 545 115 237 8 28 347 875 97 316 54 100 179 488 389 970 335 823
34 15 2312 257 630 34 143 205 552 156 442 62 239 332 838 316 806 392 978 146 348 36 155 305 744 179 435 6 74 88 146 377 945
35 15 2224 66 125 64 231 183 405 214 534 269 690 7 44 155 414 184 443 160 364 343 843 307 788 165 406 360 910 232 578 72 226
36 15 2123 370 919 364 903 263 680 26 128 135 389 270 656 168 396 63 156 79 198 316 800 130 297 263 667 36 163 34 56 137 328
37 15 2756 172 383 282 726 52 161 381 946 21 131 187 492 80 264 194 444 379 946 349 860 372 930 121 359 358 887 336 836 161 443
38 15 2633 266 662 56 141 335 850 386 963 142 313 208 472 269 678 41 51 295 726 346 852 383 957 56 209 282 701 138 300 89 219
39 15 2415 30 10 172 423 369 915 201 486 309 774 143 360 242 610 120 304 278 684 283 713 380 954 156 442 43 171 184 483 109 272
40 15 2242 193 483 146 402 30 162 47 148 257 620 295 752 200 505 234 574 144 355 256 637 388 967 169 433 301 735 9 60 134 393
41 15 2447 46 201 156 431 57 103 343 848 45 44 290 703 323 811 330 820 398 994 271 677 225 584 243 569 1 19 15 47 316 804
42 15 2550 278 685 129 333 239 637 307 743 153 435 301 756 312 768 21 33 5 38 62 189 368 915 314 788 358 896 87 177 254 664
43 15 2489 196 441 258 655 75 254 50 67 302 751 19 8 220 591 268 643 205 474 392 978 68 100 336 831 314 773 105 218 304 770
44 15 2755 323 817 250 599 72 139 149 369 387 967 398 994 186 445 352 881 223 533 44 48 76 113 273 706 207 473 141 381 363 904
45 15 2655 275 684 288 740 192 477 206 474 79 238 242 639 292 719 22 104 352 876 158 344 204 514 318 774 184 445 240 588 267 656
46 15 1601 171 383 103 329 227 586 185 428 319 804 34 31 99 318 270 646 75 192 98 265 50 106 207 548 146 373 16 49 2 32
47 15 2292 234 569 99 292 26 113 286 716 131 349 317 812 388 967 368 925 59 122 187 436 83 172 295 762 9 55 232 616 152 362
48 15 1900 75 178 32 23 185 476 378 947 88 251 120 248 211 538 258 662 148 336 43 63 219 569 7 37 262 623 196 464 154 351
49 15 2979 264 672 198 460 300 733 363 905 378 950 337 844 213 568 243 568 122 257 361 911 320 786 167 370 4 103 70 253 384 959
50 15 3046 386 965 196 521 149 318 376 932 252 648 220 525 216 569 169 370 339 850 351 875 321 794 250 659 140 290 59 109 384 962
51 15 1882 108 290 365 911 218 587 147 307 24 42 312 781 160 376 117 257 47 154 72 158 348 856 17 39 82 150 238 623 98 299
52 15 2298 186 486 147 332 376 938 168 468 205 515 200 529 336 825 73 209 159 396 295 715 79 182 135 387 140 319 373 939 1 11
53 15 2085 132 268 256 655 9 31 324 796 163 413 182 422 53 79 20 4 129 346 72 191 208 529 367 925 355 883 61 174 276 671
54 15 2585 174 490 56 192 152 371 256 612 199 519 134 350 253 648 56 90 288 733 393 982 323 789 322 812 265 645 260 631 101 238
55 15 2437 223 548 124 243 107 283 352 891 326 802 255 650 122 248 355 897 150 360 224 577 86 168 92 240 242 638 218 526 171 387
56 15 2416 298 771 185 512 310 754 148 415 163 353 197 517 152 389 330 807 153 410 18 40 13 14 200 508 366 918 191 472 297 727
57 15 2971 204 551 137 358 72 170 149 412 363 908 377 939 337 832 280 715 282 675 360 896 304 765 342 842 215 536 239 609 53 78
58 15 2191 72 235 164 396 188 520 25 112 61 78 287 719 101 316 181 481 133 389 376 935 10 82 103 203 399 998 308 786 331 816
59 15 2508 80 125 345 853 172 411 186 476 243 569 341 860 371 929 259 616 20 36 354 890 76 247 171 414 147 346 109 200 262 622
60 15 2124 28 85 330 827 261 638 207 500 116 265 253 656 4 4 319 799 98 258 242 593 113 246 112 265 360 890 9 79 203 517
61 15 2941 174 433 363 900 148 319 316 798 105 303 330 809 131 318 248 606 130 271 389 971 330 830 148 315 222 564 281 714 362 897
62 15 2607 331 822 108 321 185 413 386 966 3 19 362 904 205 472 371 931 128 258 38 183 175 403 255 609 358 897 108 204 246 589
63 15 2740 279 726 78 249 223 532 338 833 292 701 138 367 252 603 60 233 261 670 150 326 385 960 281 682 43 57 338 849 307 747
64 15 2220 138 348 5 5 348 869 358 896 209 492 146 401 34 7 183 436 250 598 180 413 3 10 70 209 366 917 121 310 365 912
65 15 2260 73 178 286 689 287 715 87 223 174 382 274 682 321 802 261 655 4 18 65 163 163 427 163 432 22 14 346 861 299 766
66 15 2239 24 124 30 47 67 200 320 794 356 897 394 984 30 159 259 659 270 655 13 103 324 801 85 289 87 240 235 575 305 777
67 15 2559 38 51 159 425 375 939 385 964 375 932 103 274 15 102 37 130 42 137 283 713 251 594 269 666 322 797 163 430 382 954
68 15 2330 334 843 196 462 135 381 97 229 193 518 257 628 32 134 319 787 372 926 43 52 256 629 223 577 159 377 112 232 185 480
69 15 2410 330 836 112 271 268 680 172 440 231 556 2 90 393 983 132 375 327 818 308 747 226 596 145 312 220 579 4 1 143 367
70 15 2360 227 587 234 552 217 575 352 881 374 937 336 850 4 19 128 356 234 577 126 305 155 425 7 115 271 689 57 91 228 540
71 15 2516 125 350 351 883 110 309 269 683 187 428 202 490 326 809 84 248 157 418 318 779 1 72 218 546 303 756 378 944 116 238
72 15 2291 239 615 279 687 23 130 51 46 271 670 35 130 219 586 212 494 71 187 206 527 157 396 381 953 346 858 228 527 146 343
73 15 1959 169 403 250 651 239 613 276 665 20 105 125 263 288 701 135 387 25 152 101 309 38 31 248 591 42 69 99 249 394 986
74 15 1942 81 122 394 984 45 35 126 270 261 646 344 855 122 321 159 427 71 122 177 484 62 157 115 262 1 34 268 668 202 500
75 15 2532 60 122 201 479 194 471 198 480 61 128 214 567 134 296 399 996 332 829 297 741 144 413 8 9 325 793 338 852 260 640
76 15 2731 278 701 286 718 87 185 151 316 63 205 146 373 342 860 342 851 73 251 146 336 217 586 286 695 259 643 363 914 375 937
77 15 2217 34 33 183 448 137 293 50 92 399 996 286 710 245 595 251 640 199 536 101 288 232 609 66 134 189 490 359 896 41 33
78 15 2753 362 911 399 996 120 301 10 16 96 241 310 789 121 323 192 464 361 910 242 582 306 778 173 382 329 814 358 888 63 155
79 15 2199 175 489 174 401 297 751 328 817 188 442 74 152 234 617 30 91 3 34 122 325 218 579 162 384 287 703 362 907 95 209
80 15 2442 394 983 116 294 16 2 258 663 111 205 36 44 331 843 295 752 64 148 22 145 302 764 308 763 285 710 171 463 344 851
81 15 2097 294 743 261 644 107 277 344 849 140 408 158 363 33 134 13 114 142 404 12 3 138 404 115 358 323 797 178 500 364 903
82 15 2323 291 738 257 608 31 107 44 27 383 955 73 185 93 290 235 601 341 845 398 995 92 286 305 769 103 304 169 385 89 201
83 15 2184 150 329 178 390 228 574 190 451 168 418 259 655 47 127 206 556 110 207 357 893 232 603 8 17 297 736 169 444 132 384
84 15 2321 310 780 153 388 74 202 295 719 58 135 270 676 370 930 125 336 143 351 156 445 50 118 239 573 217 530 352 885 90 220
85 15 2278 358 894 371 928 278 663 219 521 63 153 231 580 135 295 116 235 30 10 237 578 41 76 303 740 333 826 93 231 40 70
86 15 2119 86 160 123 299 324 823 274 706 91 280 195 520 50 53 164 401 21 105 265 669 110 264 248 583 271 652 367 923 60 125
87 15 2476 34 142 378 946 257 664 371 922 173 390 111 332 12 6 38 27 237 570 271 656 374 938 153 440 368 922 66 143 252 652
88 15 2849 184 504 252 592 299 761 274 658 399 998 307 763 330 830 238 568 106 318 40 34 303 756 378 949 150 330 161 401 141 299
89 15 2306 246 583 188 521 322 820 192 464 132 316 290 736 62 190 22 139 304 775 313 783 93 171 321 784 53 213 175 412 170 436
90 15 2080 346 858 82 277 194 451 109 268 142 406 194 438 250 617 385 958 126 260 324 820 60 170 42 157 119 339 5 61 222 599
91 15 2454 347 856 118 347 37 80 106 222 255 672 364 917 27 127 351 866 340 850 381 955 391 975 28 143 128 354 149 402 46 34
92 15 1813 223 598 326 803 107 197 102 313 250 637 79 205 115 292 209 534 2 48 59 145 137 394 24 109 141 329 165 399 328 810
93 15 2364 54 159 19 26 374 932 43 58 101 280 267 692 135 349 150 420 140 358 169 477 321 783 298 743 388 972 333 839 164 413
94 15 2491 205 494 55 59 112 241 113 315 3 101 241 625 382 956 170 401 111 309 268 693 334 839 355 878 152 386 380 951 233 552
95 15 2517 65 163 363 902 255 606 55 128 16 91 378 947 260 667 386 967 201 496 194 490 239 585 7 25 309 793 42 190 377 942
96 15 2312 31 105 158 363 306 750 326 831 188 437 97 225 13 40 285 691 239 634 346 867 201 477 3 4 53 214 302 763 343 849
97 15 3307 315 800 316 777 84 184 326 795 216 513 119 289 351 876 373 927 356 887 248 653 168 377 377 943 362 894 239 571 284 716
98 15 2076 71 158 162 361 310 788 62 93 330 817 247 639 216 542 195 448 16 52 196 530 131 356 158 355 27 39 226 599 248 591
99 15 2827 74 204 115 238 379 948 280 729 270 682 323 812 232 600 192 521 39 72 277 706 372 929 324 812 237 620 168 369 252 625
100 15 1986 228 602 255 657 164 442 246 637 226 582 50 195 83 210 326 830 164 443 53 201 218 563 99 250 226 559 6 16 139 375
