1 32 32944 1 1 0 1 1 1 0 1 1 1 1 1 1 1 1 1 1 0 1 1 0 1 1 0 1 1 1 1 1 1 1 1
2 32 42894 1 1 0 1 1 1 1 1 1 1 1 1 1 1 0 1 1 1 1 1 1 1 1 1 1 1 1 0 1 1 1 1
3 32 38459 1 1 1 0 1 1 1 0 1 0 1 1 0 0 1 1 0 1 1 1 1 0 1 1 1 1 1 0 1 1 1 1
4 32 36624 1 1 1 0 0 1 1 0 1 1 1 1 1 1 1 1 1 0 1 1 0 1 1 1 0 1 0 1 1 1 0 1
5 32 43155 1 1 1 1 1 1 1 1 1 0 1 1 1 1 1 1 1 0 1 1 1 0 1 1 1 1 1 1 1 0 1 1
6 32 18600 1 1 1 0 1 1 0 0 0 1 0 0 1 1 0 1 0 0 0 0 1 0 0 1 0 0 0 0 0 0 0 0
7 32 24927 0 1 0 1 1 1 0 0 0 1 1 1 0 1 1 1 0 0 0 0 0 1 0 1 0 0 0 0 0 1 1 0
8 32 29544 0 1 1 1 0 1 1 1 1 0 0 1 0 0 0 1 0 1 0 1 1 1 1 1 0 1 0 0 1 1 1 1
9 32 44676 0 1 0 1 1 1 1 0 1 1 1 1 1 1 1 1 1 1 1 1 1 1 1 1 0 1 0 1 1 1 1 1
10 32 40223 1 1 1 0 1 1 1 1 1 0 0 1 1 1 1 1 1 0 1 1 0 1 1 1 1 1 1 1 1 1 1 1
11 32 31181 0 0 0 1 1 1 0 0 1 1 1 0 1 1 0 0 0 1 1 1 0 0 1 1 1 0 1 0 1 1 1 1
12 32 8499 1 0 0 0 0 1 1 0 0 0 0 0 0 0 0 0 0 1 0 0 0 0 0 0 0 0 1 0 0 0 0 0
13 32 22939 1 0 1 1 0 1 0 0 0 0 0 0 0 1 1 0 0 0 1 0 1 1 0 1 0 1 0 1 1 0 1 0
14 32 22217 1 0 1 1 1 0 0 0 0 0 0 1 0 0 0 0 0 0 1 0 0 0 1 0 1 0 1 1 0 0 0 1
15 32 28012 1 0 1 1 1 1 0 1 1 1 1 1 0 0 0 0 0 1 0 1 0 1 1 0 0 0 1 0 0 1 0 1
16 32 16116 0 0 0 1 0 1 1 1 0 0 0 0 0 0 1 0 1 1 0 0 0 0 0 0 0 0 0 0 0 1 1 0
17 32 18491 0 0 0 0 0 0 0 0 0 1 0 0 1 0 1 1 0 0 0 1 1 1 0 0 0 0 1 0 0 1 1 1
18 32 46462 1 1 1 1 1 1 1 1 1 1 1 1 1 1 1 0 1 1 1 1 1 1 1 1 1 1 1 1 1 1 1 1
19 32 20068 1 1 1 0 1 1 1 0 0 0 1 0 1 0 0 0 0 0 0 1 0 0 0 1 1 1 1 0 0 0 0 0
20 32 37085 1 1 0 1 0 0 1 0 1 1 0 0 0 1 0 1 1 1 1 1 1 1 1 1 1 1 1 1 1 0 1 1
21 32 40008 1 1 1 1 0 1 1 1 1 1 1 1 0 1 1 1 1 1 1 1 1 1 1 1 1 1 1 1 1 1 1 1
22 32 28482 1 0 1 1 0 1 1 1 1 1 1 0 1 1 0 1 0 0 1 0 1 1 0 0 1 0 1 1 0 1 1 1
23 32 14158 1 1 0 0 1 1 0 0 1 1 0 0 0 0 0 1 0 0 0 1 0 0 0 1 1 0 0 1 0 0 0 0
24 32 35275 1 0 1 1 1 1 1 1 1 1 1 1 1 0 1 1 1 1 1 0 1 1 1 1 0 0 1 1 1 0 1 1
25 32 38104 1 0 1 1 1 1 1 1 1 1 1 1 1 1 1 0 1 1 1 1 1 1 1 1 1 1 1 1 1 1 1 1
26 32 35729 1 1 1 0 1 0 1 1 1 1 0 1 0 1 1 1 0 1 1 1 1 1 0 1 1 1 1 1 0 0 1 0
27 32 33685 1 0 1 0 1 1 0 1 0 1 1 1 1 1 1 1 0 1 0 1 1 1 1 1 1 1 0 0 1 1 1 1
28 32 17664 1 1 1 1 1 0 0 0 0 0 0 0 0 1 1 1 0 0 1 0 0 1 0 0 0 0 0 0 1 0 0 1
29 32 28410 1 1 1 1 1 1 1 1 1 0 0 0 0 1 1 1 0 0 0 1 1 1 1 0 1 0 0 1 0 1 0 1
30 32 25932 1 1 1 0 0 1 0 0 1 1 0 1 0 0 1 0 1 0 0 1 0 0 1 0 1 0 1 1 0 1 1 0
31 32 32683 0 1 1 1 1 1 0 0 1 1 1 1 1 1 1 1 0 0 0 1 1 1 0 0 1 1 1 1 0 0 1 1
32 32 39023 1 0 1 1 1 1 1 1 1 1 1 0 1 0 1 1 1 0 1 1 1 1 0 1 0 1 1 1 1 1 1 1
33 32 34545 1 0 1 1 1 1 1 0 1 0 1 0 1 0 1 0 1 0 0 1 1 0 1 1 0 1 1 1 1 1 1 1
34 32 15743 1 0 0 0 1 1 0 1 0 0 0 0 0 1 0 0 0 1 1 1 0 0 1 1 0 1 0 0 0 0 0 0
35 32 34975 1 0 1 1 0 1 1 1 0 1 1 1 0 0 1 1 1 1 1 1 1 1 1 1 1 1 1 1 1 0 1 1
36 32 24779 1 0 0 0 1 1 1 1 0 0 0 1 1 0 0 1 1 1 1 1 1 1 0 1 0 1 1 1 0 1 0 1
37 32 19600 0 0 1 1 0 0 0 0 1 0 1 1 0 1 1 0 0 1 0 1 1 0 0 1 0 0 1 0 0 0 0 1
38 32 2675 0 0 0 0 0 0 0 0 0 1 0 0 0 0 0 0 0 0 0 0 1 0 0 0 0 0 0 0 0 0 0 0
39 32 37284 1 1 1 1 1 1 1 1 1 0 1 1 1 1 1 0 1 1 1 1 1 1 1 1 1 1 1 1 1 1 0 1
40 32 5586 1 0 0 0 0 0 0 0 0 0 1 0 0 0 1 0 0 0 0 0 0 0 0 0 0 1 0 0 0 0 0 0
41 32 24558 0 1 1 1 0 0 0 0 1 1 0 1 0 0 1 1 1 1 0 0 0 1 1 1 0 1 1 0 0 1 0 1
42 32 27310 1 0 0 1 1 0 1 1 0 0 0 0 1 0 1 0 1 1 1 0 1 1 1 1 0 0 1 1 1 0 0 1
43 32 38973 1 1 1 1 1 0 1 1 1 1 1 1 1 1 1 1 1 1 1 1 1 1 1 1 1 1 1 1 1 1 1 1
44 32 29821 0 1 1 1 0 1 1 0 1 1 1 1 0 0 0 0 0 0 0 1 1 1 1 1 1 1 0 0 1 0 1 1
45 32 35250 0 1 1 0 0 1 1 1 1 1 1 1 1 1 1 1 0 0 0 1 0 1 1 0 0 0 1 1 1 1 1 0
46 32 37438 1 0 1 1 0 0 1 0 1 1 1 1 1 1 1 1 1 0 0 1 1 1 1 1 1 1 1 1 1 1 0 0
47 32 22000 0 0 0 0 0 1 0 1 0 0 1 0 0 0 0 1 0 0 1 0 0 1 1 1 1 1 1 0 0 1 0 1
48 32 33045 0 0 1 1 0 1 1 0 1 0 1 1 1 0 1 1 0 0 0 1 1 0 1 1 0 0 1 1 1 1 0 1
49 32 30397 1 1 1 1 1 0 0 1 1 0 1 0 1 0 1 1 0 1 0 1 1 1 1 1 1 1 0 1 1 0 1 1
50 32 34122 1 1 0 1 1 1 1 0 1 1 0 0 1 1 1 0 1 1 1 1 1 0 1 1 1 1 1 1 1 0 1 0
51 32 37368 1 1 1 1 1 1 1 0 1 1 1 1 1 1 1 1 1 0 1 1 1 1 1 1 0 1 1 1 1 1 0 1
52 32 14065 0 0 0 0 1 0 0 0 1 0 0 0 1 0 1 0 0 0 0 0 1 0 0 0 0 0 1 1 0 0 0 0
53 32 30579 1 1 0 0 1 0 1 0 1 1 1 1 1 1 0 1 1 0 0 0 1 1 0 0 1 1 1 1 1 1 0 1
54 32 37763 1 1 1 1 1 1 1 1 1 1 1 1 1 1 1 1 0 1 0 1 1 1 1 1 1 1 1 1 1 1 1 1
55 32 42088 1 0 1 0 1 1 1 1 1 0 1 1 1 0 1 1 0 1 1 1 1 0 1 0 0 1 1 1 1 1 0 1
56 32 23092 0 1 0 1 0 1 1 0 1 1 0 0 1 0 0 1 0 0 0 1 1 0 0 1 1 1 1 0 0 0 0 1
57 32 35957 1 1 0 1 1 1 1 1 1 1 1 1 0 0 1 1 1 0 1 1 1 1 1 1 1 1 1 1 1 1 1 0
58 32 23642 0 0 0 0 1 0 1 1 0 0 1 0 1 1 0 1 0 1 1 0 1 0 0 0 0 0 0 1 1 0 0 1
59 32 38870 0 1 0 0 1 1 0 1 1 0 1 1 1 1 1 1 1 1 0 1 0 1 1 1 1 1 0 1 1 1 1 0
60 32 38992 1 1 1 1 1 0 1 1 1 1 1 1 0 1 0 1 1 0 1 1 1 1 1 0 1 1 1 1 1 1 0 1
61 32 24419 0 1 0 0 0 0 1 0 1 1 0 1 0 1 0 0 0 0 0 0 1 1 1 0 1 1 0 1 0 1 0 1
62 32 38657 0 1 1 1 1 1 1 1 1 0 1 1 1 1 1 0 1 1 1 1 1 0 1 1 1 1 1 1 0 0 0 0
63 32 36408 1 1 1 1 1 1 1 1 0 1 1 1 1 0 1 1 0 1 1 1 0 1 0 1 1 1 1 1 1 1 1 1
64 32 32729 0 1 1 1 0 0 1 1 1 1 1 1 0 1 1 0 0 1 0 1 1 1 0 1 1 1 1 1 1 1 1 1
65 32 20335 1 0 1 0 0 0 0 1 0 0 1 0 1 0 1 0 1 1 1 0 0 0 1 1 0 0 1 1 0 1 0 0
66 32 17980 0 0 1 1 1 1 1 0 1 0 0 1 0 0 1 0 0 1 1 0 0 0 0 0 0 0 0 0 1 1 1 0
67 32 10239 0 1 0 0 0 0 0 1 0 0 0 0 0 0 0 0 0 1 0 0 0 1 0 1 0 0 0 0 0 0 1 1
68 32 21132 1 1 0 0 0 1 1 0 1 1 0 1 0 0 1 0 1 0 0 1 1 1 0 1 0 0 0 0 0 0 0 0
69 32 11720 0 0 0 0 1 1 1 1 0 0 1 0 0 0 0 0 0 0 0 1 0 0 1 0 1 0 0 1 1 0 0 0
70 32 28473 1 0 0 1 0 1 1 0 1 1 1 1 1 0 1 1 0 0 1 1 0 1 0 0 0 0 1 0 1 1 1 0
71 32 27802 1 1 1 1 1 0 1 0 0 1 0 0 1 1 0 1 0 0 1 0 0 1 1 1 1 1 1 1 0 0 0 0
72 32 31872 0 1 1 1 1 1 1 1 1 0 0 0 1 0 1 1 0 1 1 1 1 1 0 1 1 1 1 1 1 1 1 1
73 32 47922 1 1 1 1 1 1 1 1 1 0 1 1 1 1 1 1 1 1 1 1 1 1 1 1 1 1 1 1 1 1 1 1
74 32 18487 0 1 1 1 1 0 1 0 0 0 0 1 0 1 0 0 1 0 0 0 1 1 0 0 0 1 1 1 0 0 0 0
75 32 26121 0 1 0 0 1 0 1 0 0 0 1 0 1 0 0 1 0 1 1 1 1 1 1 1 0 1 0 1 1 1 0 1
76 32 30976 1 0 1 1 0 1 0 1 0 1 1 1 0 1 0 1 1 1 1 1 1 0 1 0 0 1 1 1 0 0 1 0
77 32 13450 0 0 0 0 0 0 0 1 1 0 1 1 0 0 1 0 0 0 0 0 0 0 0 0 1 0 0 0 0 0 1 0
78 32 30544 1 1 1 1 0 1 0 1 1 1 0 1 1 1 0 1 0 0 0 1 1 0 1 0 0 0 1 0 0 1 1 0
79 32 33953 1 1 1 1 1 1 1 1 1 1 0 1 1 1 1 1 1 1 1 1 1 1 0 1 1 1 1 1 1 1 1 1
80 32 38598 0 1 1 1 0 1 1 1 0 1 1 1 1 1 1 1 1 0 1 1 1 1 1 0 1 1 1 0 1 1 1 1
81 32 13981 0 0 1 0 0 1 0 0 0 0 1 0 0 0 0 1 0 0 1 0 1 0 1 0 0 0 0 0 1 0 0 0
82 32 23178 1 1 0 1 0 0 1 0 0 1 0 0 0 1 1 0 0 0 0 0 1 0 1 0 1 0 1 1 1 1 0 1
83 32 35791 1 0 1 1 1 1 1 0 1 1 1 1 0 1 1 1 0 0 1 1 0 0 1 1 0 0 1 1 0 1 1 1
84 32 22842 1 0 0 1 0 0 0 1 1 1 0 1 1 0 1 1 0 1 0 0 1 1 0 0 0 0 1 0 1 0 1 0
85 32 11975 0 1 1 0 0 0 1 0 0 0 1 0 0 1 1 0 0 0 0 1 0 1 0 0 0 0 0 1 0 0 0 0
86 32 35008 0 1 1 0 1 1 0 1 1 1 1 0 1 1 0 1 1 1 0 1 1 0 1 1 0 1 1 1 1 1 0 0
87 32 39159 1 1 1 0 1 1 1 1 1 1 1 1 1 1 1 1 1 0 0 1 0 1 1 1 1 1 1 1 1 1 1 1
88 32 33750 0 0 1 1 1 1 1 1 0 1 1 1 1 1 0 1 0 1 1 1 1 1 0 1 1 1 1 1 1 1 0 1
89 32 27813 1 0 1 0 0 0 1 1 1 1 0 1 1 1 1 1 1 1 0 0 0 0 1 1 1 0 1 1 0 1 1 1
90 32 34277 1 0 0 0 1 0 1 1 1 0 1 1 0 1 1 1 1 0 1 0 1 1 1 0 0 0 1 0 0 1 1 1
91 32 38850 1 1 1 1 1 1 1 1 1 1 0 1 1 1 1 1 1 1 1 1 1 1 1 1 1 0 1 1 1 1 1 1
92 32 25937 1 1 0 0 0 0 1 1 0 1 0 1 0 1 1 1 0 1 0 0 0 0 1 1 1 1 0 0 0 1 0 0
93 32 33556 1 1 1 1 1 0 1 1 1 0 0 0 1 1 1 1 1 1 1 1 1 1 1 1 0 1 1 1 1 1 1 1
94 32 16761 0 0 0 1 0 0 1 1 1 1 0 0 0 0 0 0 0 0 0 1 0 1 0 0 1 1 1 0 0 0 1 0
95 32 6675 0 0 0 0 1 1 1 0 0 0 0 0 0 0 0 0 0 0 0 0 0 0 0 1 0 0 0 0 0 0 0 0
96 32 40382 1 1 1 1 1 1 1 1 1 1 1 1 1 1 1 0 1 1 1 1 1 0 1 1 1 1 1 0 1 1 0 1
97 32 20999 0 0 1 0 0 1 0 0 1 1 0 0 1 0 0 1 1 1 0 0 0 1 0 1 0 1 0 0 1 1 0 0
98 32 35387 1 1 1 1 0 1 1 1 1 0 0 1 1 1 0 1 1 1 1 1 1 1 1 1 1 1 0 1 1 0 0 1
99 32 33222 1 1 1 0 1 1 0 1 1 1 1 1 1 1 1 0 0 1 1 1 1 1 1 1 1 1 1 1 1 1 1 1
100 32 29177 1 0 0 1 1 0 0 1 1 0 0 0 0 1 1 1 1 1 1 1 0 1 1 0 0 0 1 1 1 1 1 1
101 32 35893 1 1 1 1 1 0 1 1 1 0 0 1 0 1 1 0 1 0 1 0 1 0 0 0 1 1 1 1 1 1 1 1
102 32 23073 0 0 1 0 0 0 0 0 1 0 1 0 1 1 0 1 0 0 1 1 0 0 1 0 1 0 1 1 0 0 1 0
103 32 40192 1 1 1 1 1 0 1 1 1 1 1 0 0 1 1 0 1 1 1 1 0 1 1 1 1 0 0 1 1 1 1 0
104 32 19865 0 1 0 1 0 0 1 1 0 1 1 0 0 0 1 0 1 1 0 1 0 1 0 0 0 1 0 1 0 1 0 0
105 32 26421 1 1 1 1 1 0 1 1 0 1 1 0 1 1 0 0 0 1 0 1 1 0 0 0 1 0 0 1 1 0 1 0
106 32 42023 1 0 1 1 1 1 1 1 0 1 1 0 1 0 1 0 1 1 0 1 1 0 1 1 1 1 1 1 0 1 1 1
107 32 17262 0 1 0 1 0 1 0 1 1 1 0 0 1 1 0 1 1 0 0 1 0 0 0 0 0 0 0 0 0 0 0 0
108 32 5642 1 1 0 0 0 0 0 0 0 0 0 0 0 0 0 0 0 0 0 0 0 0 0 0 0 0 0 0 0 1 1 0
109 32 36022 1 1 1 1 1 1 0 1 0 1 1 1 1 1 1 1 1 1 1 1 0 1 1 1 1 0 1 1 0 0 0 1
110 32 19967 1 1 0 1 0 0 0 0 0 0 0 0 0 0 1 0 1 0 0 0 1 0 1 1 1 1 1 0 0 0 0 1
111 32 36086 1 1 1 1 1 1 1 1 1 1 1 1 1 1 1 1 1 1 1 1 1 1 0 1 1 1 1 1 1 1 1 1
112 32 28690 1 1 1 1 1 0 1 0 0 0 1 1 0 1 0 1 0 1 0 0 0 0 1 1 0 1 1 1 1 0 1 0
113 32 12361 1 1 0 0 0 0 0 1 0 0 1 1 0 0 0 0 0 0 0 0 0 1 1 0 0 0 0 1 0 0 0 0
114 32 24800 0 1 0 1 0 1 1 1 0 0 0 1 0 1 1 0 0 1 1 1 1 1 1 0 1 0 1 0 0 0 1 0
115 32 24174 0 0 0 0 0 1 1 0 0 0 1 1 0 1 1 1 0 0 0 1 0 0 1 1 0 0 1 1 0 1 1 1
116 32 12200 0 1 0 0 0 0 0 1 0 1 0 0 1 1 0 1 0 0 1 0 0 1 1 0 0 0 0 1 0 0 0 0
117 32 32272 1 1 1 1 1 1 1 1 1 1 1 1 1 1 1 1 1 1 1 1 1 1 0 1 1 1 1 0 1 1 1 1
118 32 43295 1 1 1 1 1 1 1 1 1 1 1 1 1 1 1 1 1 1 1 0 1 1 1 0 1 1 1 1 1 0 1 1
119 32 1783 0 0 0 0 0 0 0 0 0 1 0 0 0 0 0 0 0 0 0 0 0 0 0 0 0 0 0 0 0 0 0 0
120 32 39159 1 1 1 0 1 1 1 1 1 1 0 1 1 1 0 1 0 1 1 0 1 1 1 0 1 1 1 1 1 1 1 1
121 32 30920 1 1 1 1 1 1 1 1 1 1 1 1 1 0 1 1 1 0 1 1 1 1 0 0 1 1 1 1 1 1 1 1
122 32 6503 0 0 0 0 0 0 0 0 0 0 0 0 0 0 0 0 0 0 0 0 1 0 0 1 0 0 0 1 1 0 0 0
123 32 30829 0 1 1 0 1 1 1 1 1 1 1 1 0 1 0 1 1 0 1 1 1 1 1 1 1 1 1 0 0 0 0 1
124 32 16748 0 0 1 0 1 0 1 0 0 0 0 1 0 0 0 0 1 0 1 0 0 1 0 1 1 0 0 1 0 0 0 1
125 32 34068 1 1 1 1 1 1 1 1 0 1 1 1 1 0 1 0 1 1 0 1 1 0 1 0 0 1 1 1 1 0 0 0
126 32 3461 0 0 0 0 0 0 0 0 0 0 0 0 0 0 0 0 0 0 0 0 0 0 0 0 0 0 0 0 0 1 0 1
127 32 37007 1 0 1 1 1 1 1 1 1 0 1 0 1 1 1 1 1 1 1 0 1 1 1 0 1 1 1 1 1 0 1 1
128 32 37304 1 0 1 1 1 0 1 1 1 0 0 1 1 1 1 0 1 1 0 1 1 1 1 1 0 1 1 1 1 0 1 0
129 32 10918 0 1 0 0 0 0 1 0 0 0 1 0 0 0 0 0 0 0 0 0 0 0 0 0 1 1 0 1 0 0 0 0
130 32 17576 0 1 0 1 1 0 1 0 0 0 0 0 1 0 1 1 0 1 0 0 0 0 1 0 0 1 0 0 1 0 0 0
131 32 36239 1 1 1 1 1 1 1 1 1 1 1 1 1 1 1 1 1 0 0 1 1 0 1 1 1 1 1 1 1 0 1 1
132 32 0 0 0 0 0 0 0 0 0 0 0 0 0 0 0 0 0 0 0 0 0 0 0 0 0 0 0 0 0 0 0 0 0
133 32 40233 1 0 1 1 1 1 0 1 1 1 1 1 1 1 1 1 1 1 1 1 1 0 1 1 1 1 1 1 1 1 1 1
134 32 28587 0 1 1 1 1 1 1 1 1 0 1 0 0 0 0 0 1 0 1 0 0 0 1 1 0 1 0 1 1 0 1 1
135 32 17229 0 0 0 0 1 1 0 1 1 0 0 0 0 0 0 0 1 0 0 0 0 1 0 1 1 0 1 0 0 0 0 0
136 32 10288 0 0 1 1 0 0 0 0 1 0 0 0 0 0 0 0 0 0 0 0 1 0 0 1 1 0 1 0 0 0 0 1
137 32 30849 1 1 0 0 0 1 0 0 0 1 0 1 1 1 1 0 1 1 1 1 1 1 1 0 1 1 1 1 1 1 0 0
138 32 30963 1 1 1 0 0 0 0 1 1 1 0 0 1 0 1 1 1 0 1 0 1 1 0 1 1 1 1 1 1 1 1 0
139 32 24297 0 0 1 0 0 0 1 0 1 1 1 0 0 0 1 0 0 0 1 1 1 0 0 1 0 1 1 1 0 1 1 0
140 32 35233 0 1 0 1 1 0 1 0 1 1 1 1 1 1 1 1 1 1 1 1 0 1 1 1 1 1 1 1 1 1 1 1
141 32 50943 1 1 1 1 1 1 1 1 1 1 1 1 1 1 1 0 0 0 1 1 1 1 1 1 1 1 1 1 0 1 0 1
142 32 32244 1 1 1 1 1 1 0 1 0 1 1 1 1 0 1 1 0 1 1 0 1 1 1 1 1 1 1 1 1 1 1 1
143 32 31955 1 1 1 1 1 0 0 0 1 1 0 1 1 1 1 0 1 0 1 0 1 0 1 0 0 1 0 0 1 1 1 1
144 32 32710 1 0 1 0 0 1 1 1 1 1 1 1 1 1 1 1 0 1 0 1 0 1 0 1 0 1 0 0 0 1 1 1
145 32 24841 0 1 1 0 0 0 1 1 0 1 0 1 1 0 1 1 1 0 0 0 0 0 0 1 0 1 1 1 0 0 0 0
146 32 11604 0 0 0 0 0 0 1 0 0 0 0 0 0 0 1 0 0 0 0 0 0 0 0 0 1 1 1 0 1 0 0 0
147 32 26541 1 0 0 1 0 1 1 1 0 0 1 1 1 0 1 1 1 0 1 0 0 0 1 0 1 0 0 1 1 1 0 0
148 32 36858 1 0 1 1 1 1 1 1 1 1 1 1 0 1 0 1 1 0 1 1 1 1 1 1 1 1 1 1 0 0 0 1
149 32 38201 1 0 1 1 1 1 1 1 1 0 1 1 0 1 0 1 1 1 1 1 1 0 1 0 1 1 1 1 0 0 0 0
150 32 24586 1 1 1 1 1 1 1 1 0 0 0 0 1 0 0 1 1 1 0 0 0 0 0 0 1 0 1 1 1 0 1 1
151 32 13938 0 1 0 1 0 0 0 0 1 0 0 1 1 1 0 0 1 0 0 0 0 0 0 0 0 0 0 0 1 0 0 1
152 32 44685 1 1 1 1 0 0 0 1 1 1 1 1 1 1 1 1 0 0 1 0 1 1 1 1 1 1 1 1 1 1 1 1
153 32 21968 1 1 0 0 1 0 1 0 1 0 1 1 0 1 0 0 0 1 1 1 0 0 1 0 1 1 0 1 1 0 0 0
154 32 36866 1 1 1 1 1 0 1 1 1 1 1 1 1 1 1 1 1 1 1 1 1 1 1 1 1 1 1 1 1 1 1 1
155 32 29559 1 1 0 0 1 1 1 0 1 1 1 1 0 1 1 0 1 1 0 0 1 0 0 0 1 1 0 1 0 1 1 1
156 32 47081 1 1 1 1 1 1 1 1 1 1 1 1 1 1 1 1 0 1 1 1 1 1 1 1 1 1 1 1 1 1 1 1
157 32 32047 1 1 1 0 1 1 1 0 0 0 1 1 0 1 1 0 1 1 1 1 1 1 1 1 0 0 0 0 0 0 1 1
158 32 41497 1 0 1 1 1 1 1 1 1 1 1 1 1 1 1 1 1 1 1 1 0 1 1 0 1 1 1 1 1 1 1 1
159 32 19585 1 0 0 1 1 0 1 0 0 0 0 0 0 1 1 0 0 1 1 0 0 0 1 1 0 1 0 1 0 0 0 0
160 32 25088 0 1 0 0 1 0 0 1 0 1 1 0 1 1 0 0 0 1 0 0 0 0 0 1 1 0 1 1 1 1 1 0
161 32 30137 1 1 0 0 1 1 0 0 1 0 0 1 0 1 1 1 0 1 1 0 1 0 0 1 0 1 1 1 0 1 1 1
162 32 36746 1 1 1 1 1 1 0 1 1 1 1 1 1 1 1 1 1 1 1 1 1 1 1 1 1 1 1 1 1 1 1 1
163 32 33017 1 0 1 1 1 1 1 0 1 1 1 1 1 1 1 1 0 1 1 1 1 1 1 1 1 1 1 1 1 1 1 1
164 32 30705 1 1 0 0 0 1 1 0 1 1 0 1 0 0 1 0 1 1 1 0 1 0 0 1 1 0 1 1 1 1 0 1
165 32 22133 1 0 1 0 1 1 0 0 0 1 1 0 0 0 0 1 1 1 1 0 1 1 0 1 0 1 0 0 1 0 1 0
166 32 20438 0 1 1 1 0 0 1 0 1 0 1 0 0 1 0 1 0 0 1 0 1 0 1 1 1 0 0 0 0 1 0 0
167 32 25679 0 0 0 0 1 1 0 1 0 0 0 0 1 1 1 1 1 1 1 0 0 0 0 0 1 1 1 1 0 1 0 0
168 32 40736 1 1 1 0 1 1 1 1 1 1 1 1 1 1 0 1 1 1 1 1 1 1 1 1 1 1 1 1 1 0 1 1
169 32 44152 1 1 1 0 1 1 1 0 1 1 1 1 1 0 1 1 1 1 1 1 1 1 1 1 1 1 1 0 1 1 1 1
170 32 29301 0 0 1 0 1 1 1 1 0 0 1 1 0 1 1 1 0 1 0 1 1 1 0 1 1 0 1 1 1 0 1 1
171 32 17081 0 0 1 1 1 1 0 0 1 0 1 0 0 1 0 0 0 0 1 0 0 0 0 0 1 0 0 0 0 0 0 0
172 32 11259 1 0 1 0 1 0 0 0 0 0 0 1 0 0 0 0 0 0 0 0 1 0 0 0 0 1 1 0 0 1 0 0
173 32 34541 1 0 1 0 1 0 1 1 0 1 0 1 0 1 1 1 1 1 1 1 0 0 0 1 0 1 1 1 0 1 1 1
174 32 39357 1 1 0 1 1 1 1 1 1 1 0 1 1 0 1 1 1 1 1 1 0 1 1 1 0 1 1 1 1 1 1 1
175 32 41384 1 1 1 0 1 1 1 1 0 1 1 1 1 1 1 1 1 1 1 1 0 1 1 1 1 1 1 1 0 1 1 1
176 32 24436 0 1 1 1 0 0 1 1 1 1 1 0 1 0 0 0 1 0 0 1 1 0 0 0 0 1 1 0 1 0 0 1
177 32 17531 0 0 1 1 0 0 1 1 0 1 0 1 0 0 0 0 1 1 0 1 1 1 0 0 1 0 0 0 0 0 1 0
178 32 31177 1 0 1 1 0 1 1 1 1 0 1 1 1 1 0 1 1 1 0 0 0 1 1 1 0 1 0 1 0 0 1 1
179 32 15081 0 1 0 0 0 0 1 0 0 1 1 0 1 0 0 1 1 1 1 0 1 0 1 0 1 0 0 0 0 0 0 0
180 32 14539 1 1 0 0 0 0 0 0 1 0 0 1 0 0 0 0 0 0 0 1 0 1 1 0 0 0 1 0 1 0 1 1
181 32 40052 1 0 0 1 0 0 1 1 1 1 1 1 1 1 1 1 1 0 1 1 1 1 1 1 0 1 1 1 1 1 1 1
182 32 7896 0 0 0 0 0 0 0 0 0 0 0 0 1 0 1 1 0 0 0 1 0 0 0 0 1 0 0 1 0 0 0 0
183 32 36949 1 1 0 0 1 1 1 1 1 0 1 0 1 1 0 1 0 0 1 0 1 1 1 1 1 1 1 1 1 1 0 1
184 32 33228 1 1 0 1 0 1 0 1 0 1 1 0 1 1 0 1 1 1 0 0 1 1 1 1 1 1 0 1 1 1 1 1
185 32 1338 1 0 0 0 0 0 0 0 0 0 0 0 0 0 0 0 0 0 0 0 0 0 0 0 0 0 0 0 0 0 0 0
186 32 28446 1 1 0 1 0 0 0 1 1 1 1 0 0 0 0 0 0 0 1 1 1 0 1 0 1 1 0 1 0 1 0 1
187 32 21116 0 0 0 0 1 0 1 0 0 0 1 0 0 0 0 1 1 0 0 0 1 1 0 0 1 1 1 0 1 0 1 0
188 32 43289 1 1 1 1 1 1 0 1 1 0 1 0 1 1 1 1 1 1 1 1 1 1 1 1 1 0 1 1 0 1 1 1
189 32 32072 1 1 1 1 1 1 1 1 0 1 0 1 0 1 1 1 1 1 1 1 1 1 1 1 1 1 1 1 1 0 1 0
190 32 24935 1 1 1 1 1 0 1 1 1 1 0 0 1 0 0 1 0 0 0 0 0 1 1 0 0 0 1 0 1 1 1 1
191 32 21350 1 1 1 0 0 0 1 1 0 0 0 1 1 1 0 0 1 0 1 1 0 1 1 0 0 1 1 0 0 0 1 0
192 32 40844 1 1 1 1 1 1 1 1 1 1 1 1 1 1 1 1 1 1 1 1 1 1 1 1 1 1 0 1 1 1 1 1
193 32 44935 1 1 1 1 0 1 1 1 1 1 1 1 1 1 0 1 1 1 1 1 1 1 1 1 1 1 1 1 1 1 0 1
194 32 26769 1 1 0 1 1 0 1 1 1 1 0 0 0 1 1 1 0 1 0 0 1 0 0 1 0 0 1 0 0 0 1 0
195 32 2853 0 1 0 0 0 0 0 0 0 0 0 0 0 0 0 0 0 0 0 0 0 0 0 0 0 0 0 0 0 0 1 0
196 32 17479 1 0 1 0 0 0 0 0 1 0 0 0 0 0 0 1 1 0 0 0 1 0 1 0 0 1 1 0 0 0 0 0
197 32 41860 1 1 1 1 1 1 1 1 1 1 1 1 1 0 1 1 1 1 1 1 0 1 1 1 1 1 1 1 1 1 1 1
198 32 2930 0 0 0 0 0 0 0 0 1 0 0 0 0 1 0 0 0 0 0 0 0 0 0 0 0 0 0 0 0 0 0 0
199 32 40048 0 0 1 1 1 1 1 1 1 1 1 1 1 1 1 0 1 1 1 1 1 1 1 1 1 1 1 1 1 1 1 1
200 32 30942 1 1 1 0 1 1 1 0 0 1 1 1 1 1 1 0 0 1 1 1 1 1 0 1 1 0 1 1 1 0 0 1
201 32 23501 1 1 0 0 1 1 1 0 0 1 0 0 1 1 0 1 1 0 1 0 0 0 0 0 0 0 0 1 0 1 0 1
202 32 34198 1 1 1 1 1 1 1 1 1 1 1 0 1 1 1 0 1 1 1 0 1 1 1 0 1 1 1 1 1 1 1 0
203 32 39474 0 0 0 1 1 1 1 1 1 1 0 1 0 1 0 1 1 1 1 1 1 1 1 1 0 1 1 1 1 1 1 1
204 32 22532 1 1 1 0 0 1 0 0 1 0 0 0 1 0 0 1 1 1 1 0 1 0 0 1 0 0 1 0 0 0 1 0
205 32 31039 1 1 0 1 1 1 1 1 1 0 0 1 1 1 1 1 1 1 1 1 0 0 1 1 1 1 1 1 1 1 0 1
206 32 22557 1 0 1 1 0 1 1 1 0 0 0 0 1 0 1 1 0 1 1 0 0 1 1 0 1 0 0 0 0 1 0 0
207 32 42646 1 0 1 1 0 1 1 1 1 1 1 1 1 1 1 1 1 1 1 1 1 1 1 1 1 1 1 1 1 1 1 1
208 32 36560 1 1 1 1 0 1 1 1 1 1 1 1 1 1 1 1 1 1 1 0 1 1 1 1 1 1 1 1 0 0 1 1
209 32 37294 1 1 1 1 1 1 1 1 1 1 1 1 1 0 1 1 1 1 1 1 1 1 1 1 1 1 1 1 1 1 1 1
210 32 20207 0 1 0 1 1 0 0 0 0 1 0 1 0 0 1 1 1 1 0 0 0 0 0 1 0 0 0 1 1 1 0 1
211 32 41267 1 1 0 1 1 1 1 0 1 1 1 0 1 1 1 1 1 1 1 1 1 1 1 1 1 1 1 1 1 1 0 1
212 32 17217 0 1 0 0 1 1 0 0 1 0 0 0 1 0 0 1 0 0 0 1 0 0 0 1 0 0 0 0 0 0 1 1
213 32 21237 0 0 0 0 0 1 1 0 1 0 1 0 0 1 1 0 1 0 1 0 0 1 0 0 1 1 0 1 0 0 0 1
214 32 37515 0 1 1 1 0 0 1 1 1 1 1 1 1 0 1 1 1 1 1 1 1 0 1 1 1 1 1 1 1 1 1 1
215 32 42099 1 1 1 1 1 1 1 1 1 1 1 1 1 0 1 0 1 0 1 1 1 1 1 1 0 1 1 0 1 1 1 1
216 32 40232 1 1 1 1 1 1 1 1 1 1 1 1 1 1 1 1 1 0 1 1 1 1 1 1 1 1 1 1 1 0 1 1
217 32 24233 1 0 1 1 0 0 0 1 0 1 0 0 0 0 0 1 0 1 0 1 1 1 0 1 1 0 0 0 1 1 1 1
218 32 40243 1 1 1 1 1 1 1 1 1 1 1 1 0 1 1 0 1 0 1 1 0 0 0 1 0 1 1 1 0 1 1 1
219 32 17448 1 0 1 0 1 1 0 1 0 0 0 0 0 0 1 1 0 0 1 1 0 0 0 0 0 0 0 1 0 1 1 1
220 32 25911 1 1 1 0 1 0 1 1 1 1 1 0 0 0 0 0 1 0 0 1 1 1 0 0 0 1 0 0 0 0 1 1
221 32 29105 1 1 0 0 1 0 1 0 0 1 1 0 0 1 1 1 0 1 0 1 1 0 1 1 0 0 1 1 1 0 1 1
222 32 36944 1 1 1 1 1 1 1 1 1 0 1 1 1 1 1 1 1 1 1 1 0 1 1 0 1 1 0 0 1 1 1 1
223 32 36590 1 1 1 1 1 1 1 1 1 1 1 0 1 1 1 1 1 1 1 0 1 1 0 1 0 0 1 1 0 1 1 1
224 32 36271 1 1 1 1 1 1 1 1 1 1 1 1 1 1 1 1 1 1 1 1 1 1 1 1 1 1 1 0 1 1 1 1
225 32 29342 1 1 1 1 1 0 0 1 1 1 1 1 1 0 0 0 1 1 1 1 0 1 1 0 0 0 1 1 0 1 0 1
226 32 41144 0 1 0 1 1 1 1 1 1 1 1 1 1 1 1 1 1 1 1 1 1 1 1 1 1 1 1 0 0 1 1 0
227 32 35520 0 1 1 0 1 0 1 1 1 1 1 1 1 0 1 1 1 1 1 1 0 1 1 1 1 1 1 0 0 0 0 1
228 32 40786 0 1 1 1 1 0 1 1 1 1 1 1 1 1 1 0 1 1 1 1 1 1 1 1 1 1 1 1 0 1 1 1
229 32 27733 0 1 0 0 0 1 0 1 0 1 1 0 1 0 0 0 0 0 0 1 1 1 1 1 1 1 1 0 1 1 1 0
230 32 27317 1 0 1 0 1 1 0 0 0 0 1 0 0 1 0 0 1 0 0 0 1 1 1 1 1 1 0 0 0 1 1 1
231 32 29627 1 0 1 0 0 1 1 1 0 1 0 1 1 0 0 0 1 1 1 0 1 1 0 0 0 1 1 1 0 0 1 1
232 32 31671 1 1 0 1 1 1 1 0 0 1 1 0 0 1 1 1 0 1 1 1 1 0 1 1 1 1 0 1 1 0 1 1
233 32 13443 1 1 1 0 0 0 0 0 0 1 0 0 0 1 0 0 0 0 0 0 1 0 0 1 0 0 0 0 0 0 1 1
234 32 33095 1 1 1 1 1 1 0 1 1 0 0 1 1 0 1 1 1 1 0 0 1 1 1 0 1 1 1 1 1 1 1 1
235 32 33333 1 1 1 1 1 0 0 1 1 1 1 1 1 0 0 1 1 0 0 1 1 1 0 1 1 1 1 1 1 1 0 1
236 32 30167 1 1 0 0 1 0 1 0 1 1 0 1 0 1 1 1 1 0 1 1 1 1 1 0 0 1 1 1 1 1 0 0
237 32 29973 1 1 0 1 0 1 0 0 0 1 1 1 1 1 1 1 0 0 1 1 0 1 0 1 1 0 1 1 1 1 0 0
238 32 37394 1 1 1 1 1 1 1 1 1 1 1 1 1 1 1 1 1 1 1 1 1 1 0 1 1 1 1 1 1 1 1 1
239 32 35411 1 1 1 1 1 1 1 1 1 1 1 1 1 0 1 1 0 1 1 0 1 1 1 1 1 1 1 1 1 1 1 1
240 32 38884 1 1 1 1 1 1 1 1 1 1 1 1 1 1 1 1 1 0 1 1 1 1 1 1 1 1 1 0 1 1 1 1
241 32 15412 0 0 0 0 0 0 0 1 1 1 1 0 1 0 1 0 0 0 1 0 0 1 0 1 0 1 0 0 0 0 1 1
242 32 19987 0 1 0 0 1 0 1 1 0 0 0 1 1 1 0 1 1 1 0 1 0 0 0 0 1 1 1 0 0 0 1 1
243 32 10424 0 0 0 1 0 0 1 1 0 0 0 0 0 0 0 0 0 0 0 1 0 1 0 0 0 0 0 0 0 0 0 0
244 32 42436 1 1 1 1 1 0 1 1 1 1 1 1 1 1 1 1 1 1 1 1 1 1 1 1 1 1 1 0 1 1 1 0
245 32 17349 1 0 1 0 0 1 0 1 0 0 1 0 1 1 0 0 0 1 0 0 1 0 0 0 1 1 0 1 0 0 0 0
246 32 43158 1 1 1 1 1 1 1 1 1 1 1 0 1 1 1 1 1 1 1 1 1 1 1 1 0 1 1 1 0 1 1 1
247 32 28939 1 1 1 1 1 0 0 0 1 0 1 1 1 1 1 1 1 0 0 1 1 0 1 1 1 1 1 1 1 1 0 0
248 32 34600 1 1 1 0 0 1 1 0 1 0 0 1 1 0 0 1 1 1 1 0 1 0 1 1 1 0 1 0 0 0 1 1
249 32 37744 1 1 0 1 1 1 1 1 1 0 1 0 0 1 0 1 1 1 1 1 1 1 1 1 0 1 1 0 1 1 0 1
250 32 43348 1 1 1 1 1 1 1 1 1 1 1 0 1 1 1 1 1 1 1 0 1 0 1 1 1 1 0 1 1 1 1 1
251 32 13913 0 0 1 1 1 1 0 0 1 0 0 0 0 0 1 1 0 0 0 0 0 1 0 0 0 0 0 0 0 0 0 0
252 32 27656 0 1 0 0 1 0 0 0 1 0 1 1 0 0 1 1 1 1 0 0 1 1 1 1 1 1 0 0 1 0 1 1
253 32 34274 0 1 0 0 0 1 1 0 1 1 1 1 1 1 1 0 1 1 1 1 1 1 0 0 1 1 1 0 1 1 0 1
254 32 29025 0 1 0 1 0 1 1 0 1 1 0 0 1 1 0 1 1 0 1 1 1 0 1 1 0 0 0 0 1 1 0 0
255 32 12122 0 0 1 0 1 0 1 1 0 0 0 0 0 1 0 0 0 0 0 0 0 0 0 1 0 0 1 0 0 0 0 1
256 32 15936 0 0 0 0 1 1 0 0 0 1 0 0 0 0 1 0 1 0 0 0 1 0 0 1 0 0 0 1 0 0 1 1
257 32 31913 1 1 0 0 1 1 0 1 1 1 0 1 1 1 1 1 0 1 0 1 1 0 1 0 0 0 1 1 1 1 1 1
258 32 34995 1 1 1 1 1 1 1 1 1 1 0 1 1 1 1 1 1 1 1 1 1 1 1 0 1 1 1 1 1 1 1 1
259 32 23514 1 1 0 0 1 1 0 0 1 0 1 1 0 1 1 0 0 1 0 0 0 0 1 1 0 0 0 1 1 1 0 0
260 32 32468 1 0 0 1 0 0 1 0 1 0 0 1 1 0 0 1 1 1 1 1 1 1 1 1 1 1 0 1 0 1 0 1
261 32 26389 0 0 0 0 1 0 1 1 1 1 1 0 0 0 0 1 1 1 1 0 1 1 0 1 0 1 0 0 0 1 0 1
262 32 38289 1 1 1 1 1 1 1 1 1 1 1 1 1 1 1 1 1 1 1 0 1 0 1 1 1 1 1 1 1 1 0 1
263 32 22280 0 1 0 0 1 1 1 1 0 0 0 0 0 1 1 0 1 0 1 0 0 0 1 0 0 1 1 1 0 0 1 1
264 32 26280 1 1 1 1 1 1 0 0 1 0 0 0 0 0 1 0 0 1 0 1 1 1 1 0 1 1 0 0 1 1 0 0
265 32 26036 0 0 0 1 0 1 0 1 0 1 0 0 0 1 1 1 0 1 0 0 0 1 1 1 0 0 0 0 1 1 1 1
266 32 9032 0 0 0 0 0 1 0 0 0 0 0 0 0 0 1 0 1 0 0 0 0 0 0 0 1 1 0 1 0 0 0 1
267 32 27533 1 1 0 1 0 0 1 1 0 1 0 1 1 1 1 1 1 1 1 0 1 1 1 0 1 0 1 1 1 0 0 1
268 32 35365 1 1 1 1 1 1 1 1 1 1 1 1 1 1 1 1 1 1 0 1 1 1 1 1 1 0 1 0 1 1 1 1
269 32 14024 0 0 0 0 0 1 0 0 0 1 0 1 0 0 0 0 0 1 0 0 1 1 1 0 0 0 1 1 0 1 0 0
270 32 20268 0 1 0 1 1 0 1 1 0 0 0 1 1 0 1 0 1 0 1 1 0 1 0 0 0 0 1 0 0 0 0 0
271 32 34826 1 0 1 1 1 0 1 1 0 0 0 1 1 1 1 1 0 1 1 1 1 1 1 1 0 1 1 1 1 1 0 1
272 32 41711 1 1 0 1 1 1 1 1 1 1 0 1 1 1 1 1 0 1 1 1 1 0 1 1 1 1 1 0 1 1 1 1
273 32 19367 0 0 0 0 0 1 0 1 1 0 0 0 1 1 1 1 1 1 1 0 0 0 0 0 0 0 0 1 1 0 0 1
274 32 30769 0 0 0 0 0 1 1 0 1 1 1 1 0 0 1 1 1 1 1 0 0 1 1 1 1 0 0 1 0 0 1 1
275 32 34208 1 1 1 1 0 0 0 1 1 1 1 1 1 1 1 1 1 1 1 1 1 0 0 1 1 1 0 1 0 1 0 1
276 32 38447 1 1 0 1 1 1 1 1 0 0 1 1 1 0 1 1 0 1 1 1 1 1 1 0 1 1 1 1 0 1 1 0
277 32 26366 1 0 1 0 1 1 0 0 1 1 1 1 1 1 1 1 0 1 0 1 1 1 1 1 1 1 1 1 1 0 1 0
278 32 41079 1 1 1 1 0 1 1 0 1 1 1 1 1 1 1 1 1 1 1 1 1 1 1 1 1 1 1 1 1 0 1 0
279 32 38248 0 1 1 0 1 1 1 0 0 1 1 0 1 0 0 1 1 1 1 1 1 0 1 1 1 1 1 0 1 1 1 1
280 32 36753 0 1 1 1 1 1 1 1 1 1 1 1 1 1 1 1 1 1 1 1 1 1 1 1 0 1 1 1 1 1 1 1
281 32 33189 1 1 1 0 1 1 0 1 1 1 1 0 1 1 1 1 1 1 1 1 1 1 1 0 1 1 1 1 1 1 1 1
282 32 38762 1 1 0 1 1 1 1 1 1 1 1 1 1 1 1 1 1 1 1 1 1 1 0 0 1 1 1 1 1 1 1 1
283 32 41386 1 1 1 1 1 1 1 1 1 1 1 1 1 1 1 1 1 1 1 1 1 1 1 1 1 1 1 1 1 1 0 1
284 32 28801 0 1 0 1 1 1 1 0 0 1 0 1 0 1 0 0 0 1 1 1 0 0 1 0 1 1 1 0 1 1 0 0
285 32 39314 1 1 1 1 1 1 1 1 1 1 1 0 1 1 1 1 1 1 1 1 1 1 1 1 1 1 1 0 1 1 1 1
286 32 22077 0 1 0 1 0 1 0 0 1 1 0 1 0 0 1 1 0 0 0 1 0 0 0 0 1 0 1 0 0 0 1 1
287 32 42857 1 0 1 1 1 1 0 1 1 1 0 1 1 1 1 1 1 0 0 1 1 1 1 1 0 1 1 1 0 1 1 1
288 32 24747 1 1 0 1 0 1 0 1 1 1 0 0 1 1 1 1 0 0 0 1 1 0 1 0 0 0 0 0 1 1 0 0
289 32 32403 1 1 1 1 1 1 1 0 1 1 0 1 0 1 1 0 1 1 1 0 1 0 1 1 1 1 0 1 1 1 1 1
290 32 13873 0 0 1 0 0 0 0 0 1 0 0 0 0 0 1 1 1 0 0 0 0 0 0 0 1 0 0 0 0 1 1 0
291 32 23790 1 0 0 1 0 0 0 0 0 0 0 0 1 0 1 1 1 0 0 1 0 0 1 1 0 0 1 1 1 0 1 1
292 32 36374 1 1 1 1 1 1 1 1 1 1 1 1 1 1 1 1 1 1 1 1 1 1 1 1 1 1 1 1 0 1 1 1
293 32 2433 0 0 0 0 0 0 0 0 0 0 0 0 0 0 0 0 0 0 0 0 0 0 0 0 0 0 0 0 0 0 1 1
294 32 35224 1 1 0 1 1 1 1 1 1 0 1 1 1 1 1 1 1 1 0 1 0 1 0 1 1 1 1 1 0 0 1 1
295 32 37006 1 1 0 0 1 1 1 1 1 1 1 0 1 1 0 1 1 1 1 1 0 1 1 1 0 1 1 1 1 1 1 1
296 32 36540 1 1 1 1 1 1 1 1 1 1 1 1 1 1 1 1 0 1 1 1 1 0 1 1 1 1 1 1 1 1 1 1
297 32 37281 1 0 1 0 1 1 0 1 1 1 1 1 1 0 0 1 1 1 1 1 1 1 1 1 1 1 1 0 1 1 0 1
298 32 31670 1 1 0 1 0 0 0 0 0 1 1 0 1 1 1 0 1 1 1 0 1 0 0 1 1 1 1 1 1 1 0 0
299 32 36550 1 1 1 1 1 1 1 1 1 0 1 1 1 1 1 1 1 1 1 1 1 1 1 1 1 1 1 1 1 1 1 1
300 32 21764 1 0 1 0 1 1 1 0 0 0 1 0 0 1 1 1 0 0 0 1 0 0 0 1 1 1 0 1 0 1 1 0
301 32 40950 1 1 1 1 1 1 1 1 1 1 0 1 1 1 0 1 1 1 1 1 1 1 0 1 1 1 1 1 1 1 1 0
302 32 33856 1 1 1 1 1 1 1 0 0 0 1 1 1 1 1 1 1 1 1 1 1 1 0 1 1 0 1 1 1 1 1 1
303 32 37434 0 0 1 1 1 1 1 1 1 1 1 1 1 1 1 1 1 1 1 1 1 1 1 1 1 1 1 1 1 0 1 0
304 32 37047 1 1 1 1 0 1 1 1 0 1 1 0 1 1 1 1 1 1 1 1 1 1 0 1 1 1 1 1 1 1 1 1
305 32 30688 0 0 1 0 1 1 1 1 0 0 1 1 0 1 1 1 0 1 0 1 0 1 0 1 1 1 0 1 0 0 1 0
306 32 35653 1 1 1 1 1 1 1 1 1 1 1 1 1 1 1 1 1 1 1 1 1 0 0 0 1 1 1 1 1 1 1 1
307 32 31248 1 1 1 1 1 0 1 1 0 0 1 0 0 1 1 1 1 1 0 0 0 1 0 0 1 1 0 0 1 1 1 0
308 32 23792 0 0 1 1 1 0 1 0 0 1 1 0 1 1 0 0 0 0 0 1 0 1 1 1 0 0 0 0 1 1 1 0
309 32 39423 1 1 1 1 1 0 1 1 0 1 1 1 0 1 1 1 1 1 1 0 0 1 1 1 1 1 0 0 1 1 1 1
310 32 33782 1 1 1 1 0 1 0 1 0 1 1 1 1 1 1 1 1 1 0 0 0 1 1 1 1 1 0 1 0 0 1 1
311 32 35004 1 1 1 1 1 0 0 0 1 1 1 1 0 0 1 1 1 0 1 1 0 1 0 0 1 1 1 0 0 1 0 0
312 32 23458 1 1 1 0 1 0 1 0 1 1 0 1 0 0 0 0 0 0 0 1 1 0 0 0 0 1 1 1 0 0 0 0
313 32 36509 1 1 1 1 1 1 1 1 1 1 1 1 1 1 1 1 1 1 1 1 1 0 1 1 1 1 1 0 1 1 1 1
314 32 29602 1 1 1 0 1 1 0 1 1 1 0 0 1 0 1 0 1 1 0 0 1 1 1 0 1 1 0 0 1 1 0 1
315 32 18840 0 1 1 0 0 0 0 1 1 0 1 1 1 0 0 0 0 1 0 0 0 1 1 0 0 0 0 0 0 1 0 0
316 32 44273 1 1 1 1 1 1 1 1 1 0 1 1 1 1 1 1 1 1 1 1 1 1 1 1 1 1 1 1 1 1 1 1
317 32 15791 0 0 0 0 0 0 0 1 1 0 1 0 1 1 1 0 0 0 0 0 0 1 0 0 0 1 1 0 0 0 1 1
318 32 19701 0 0 1 0 0 1 1 1 0 1 0 1 0 1 0 0 0 0 0 1 1 0 0 0 0 0 1 0 0 1 0 0
319 32 35188 0 1 1 1 1 1 1 1 0 1 1 1 0 1 1 1 1 1 1 1 1 1 1 0 0 1 1 0 1 1 1 1
320 32 31070 1 1 1 0 0 1 1 0 1 0 1 1 0 0 0 1 1 1 0 1 1 0 0 1 0 1 1 1 1 0 1 0
321 32 32993 1 1 1 1 1 0 0 0 1 0 1 1 1 1 0 1 1 1 1 0 1 0 1 1 1 1 1 0 1 1 1 1
322 32 35597 0 1 1 1 0 1 1 1 1 1 1 1 1 0 1 1 1 1 1 1 0 1 1 1 1 1 1 1 1 1 1 1
323 32 22559 0 0 0 1 0 0 1 1 1 0 0 1 1 0 0 1 1 1 1 0 1 0 0 0 1 0 0 0 1 1 0 0
324 32 43938 1 1 1 1 1 1 1 0 1 1 0 1 1 1 1 1 1 1 1 1 1 1 1 1 1 1 1 1 1 1 1 1
325 32 21137 0 0 0 1 0 0 1 1 1 0 1 1 0 1 1 0 0 0 1 1 0 0 1 1 0 1 0 1 1 0 0 0
326 32 39535 1 0 1 1 0 0 1 1 1 1 1 1 1 0 0 1 0 1 0 0 1 0 1 0 0 1 1 1 1 1 0 1
327 32 34513 0 1 1 1 1 1 1 1 1 1 1 1 0 1 1 1 1 1 1 0 1 1 1 0 1 1 0 1 1 0 0 0
328 32 27207 1 1 1 1 1 0 0 0 1 1 0 1 0 1 1 0 1 1 1 0 1 0 1 0 1 1 1 1 1 0 1 1
329 32 16666 0 1 0 0 1 0 0 1 1 0 0 0 1 0 0 1 0 0 0 1 0 0 0 1 1 1 1 0 0 0 0 1
330 32 37530 1 1 1 1 1 1 1 0 0 1 1 1 1 1 1 1 1 1 1 1 1 1 1 1 1 1 1 1 1 1 1 1
331 32 44792 1 1 1 1 1 1 1 1 1 1 0 1 1 1 1 1 1 1 1 1 1 1 1 1 1 1 1 1 1 1 1 1
332 32 31490 0 1 1 0 1 0 1 1 0 1 0 1 0 1 1 1 0 1 1 0 1 1 1 0 1 0 0 0 0 1 1 1
333 32 6707 0 0 1 0 0 1 0 0 0 0 0 0 1 0 0 0 0 0 0 0 0 0 0 1 0 0 1 1 0 0 0 0
334 32 9549 0 0 0 0 1 0 0 0 0 0 1 0 0 0 0 1 0 0 0 0 0 0 0 0 0 0 0 0 1 0 1 0
335 32 27094 1 1 1 0 0 1 0 0 1 1 1 0 0 1 0 1 1 0 0 0 1 1 1 1 1 0 0 1 1 1 0 1
336 32 30019 0 0 1 0 0 1 1 1 1 1 1 1 1 0 0 0 1 1 0 0 0 1 1 1 1 0 1 1 0 1 1 0
337 32 40101 1 0 0 1 1 1 1 1 1 0 1 1 1 0 1 1 1 0 1 0 1 1 0 0 0 1 1 1 1 1 1 1
338 32 19688 1 0 1 0 1 1 1 1 1 0 0 0 1 0 0 0 1 0 0 0 0 1 0 0 1 0 1 0 0 1 1 0
339 32 34099 1 0 1 1 1 1 0 1 1 0 1 1 1 1 1 0 1 1 1 0 0 0 1 1 1 1 1 1 1 0 1 1
340 32 12221 0 1 0 0 1 0 0 0 0 0 0 0 0 0 1 0 0 0 0 1 1 0 0 1 0 0 0 0 0 0 0 0
341 32 36079 1 1 1 1 0 0 1 1 1 1 1 1 1 1 1 1 0 1 1 0 1 1 1 1 1 1 1 1 1 1 1 1
342 32 14009 1 1 0 1 0 0 0 0 0 1 0 0 0 0 0 0 0 0 1 0 1 1 0 0 0 1 0 1 0 1 0 0
343 32 40363 1 1 1 1 1 1 1 1 1 1 0 1 0 1 1 1 1 1 1 0 1 1 1 0 1 1 1 1 1 1 0 1
344 32 34233 1 0 1 0 1 0 1 0 1 1 0 0 0 0 1 1 1 1 1 1 1 1 1 0 1 1 1 0 1 0 0 1
345 32 31558 0 1 1 1 1 0 1 1 0 1 1 1 1 0 1 0 0 1 1 1 0 0 1 0 1 1 1 1 1 1 0 0
346 32 6252 0 0 0 0 0 0 0 1 0 0 0 0 0 0 0 0 0 0 1 0 1 0 0 0 0 0 0 1 0 0 0 0
347 32 9831 0 1 1 1 0 1 1 1 1 0 0 0 0 0 0 0 1 0 0 0 0 0 0 1 0 0 0 0 1 0 0 0
348 32 37380 1 1 1 1 1 1 0 1 1 1 1 1 0 0 0 0 1 1 0 1 1 0 1 1 0 0 1 1 1 1 0 1
349 32 26637 1 1 0 1 0 0 0 0 0 1 1 0 1 1 1 1 0 0 0 0 1 0 0 1 1 1 1 0 1 0 0 0
350 32 25675 1 0 1 0 1 0 0 0 0 0 0 0 1 1 0 1 1 1 1 1 1 0 0 0 1 0 1 1 0 0 0 1
351 32 37594 0 1 1 1 0 1 1 1 0 1 1 1 1 1 1 0 1 1 1 1 1 1 1 1 1 0 1 1 1 1 1 1
352 32 19261 0 0 0 0 0 0 0 1 0 1 0 0 0 1 0 0 1 0 0 1 1 1 1 1 1 1 0 1 0 1 0 1
353 32 34458 1 0 0 0 0 1 1 0 1 0 1 0 1 1 1 1 1 1 0 1 0 1 1 1 0 1 1 1 1 0 1 1
354 32 14744 0 0 0 0 1 0 1 0 0 1 0 0 1 1 0 1 1 0 0 0 1 0 1 0 1 0 0 1 0 0 0 0
355 32 40296 1 1 1 0 1 1 1 1 1 1 1 1 0 1 1 1 1 1 1 1 1 1 1 1 1 1 1 1 1 0 1 1
356 32 33339 1 1 0 1 1 0 0 1 0 1 1 1 1 1 0 0 1 1 1 1 1 1 0 0 0 1 0 1 0 1 0 1
357 32 17182 0 1 0 1 0 0 1 0 0 0 1 0 0 0 0 0 1 0 0 1 1 0 1 0 1 1 0 0 0 0 0 0
358 32 25892 0 1 0 1 1 0 1 0 1 0 1 1 0 1 1 0 0 1 0 0 0 1 0 0 1 1 1 0 0 1 1 1
359 32 37855 1 1 1 1 1 1 1 1 1 1 1 1 1 1 1 1 1 1 1 1 1 1 1 1 1 1 1 0 1 1 1 1
360 32 21720 1 1 1 0 1 1 0 1 0 0 1 0 0 0 0 0 1 0 0 0 0 0 0 0 0 1 0 1 0 1 0 1
361 32 11440 1 1 0 0 0 0 1 0 1 0 0 0 0 0 0 1 1 1 0 0 0 0 0 0 0 0 0 0 0 0 0 1
362 32 27766 1 1 1 1 1 1 0 0 0 0 1 0 1 0 0 1 0 0 0 0 1 0 0 0 0 0 1 0 1 1 1 1
363 32 43756 1 1 1 1 1 1 1 0 0 1 1 1 1 1 1 1 1 1 1 1 1 1 1 1 1 1 1 1 1 1 1 1
364 32 27707 1 1 0 1 1 0 0 1 1 1 1 1 1 1 1 1 1 1 0 1 0 0 0 0 1 0 0 0 0 1 1 1
365 32 37405 1 1 1 0 1 1 1 1 1 1 1 1 1 1 1 1 1 1 1 1 1 1 1 1 1 1 1 1 1 1 1 1
366 32 45992 1 1 1 1 1 1 1 1 1 1 1 1 1 1 1 1 1 0 1 1 1 1 1 0 1 1 1 1 1 1 1 0
367 32 40445 1 1 1 1 1 1 1 1 1 0 1 1 1 1 1 1 1 1 1 1 1 1 1 1 1 1 1 1 1 1 1 1
368 32 30289 1 1 1 1 1 1 1 1 1 1 1 1 1 1 1 1 1 1 0 1 1 0 1 1 1 1 0 1 1 1 1 0
369 32 37579 1 1 0 1 1 1 0 1 1 1 1 1 0 1 1 1 0 0 1 1 1 1 1 0 1 1 0 1 1 0 1 0
370 32 32584 1 0 1 1 1 1 1 0 0 0 0 1 1 1 1 1 0 0 1 1 0 1 0 0 1 0 1 0 1 1 1 1
371 32 3706 0 0 0 0 0 0 0 0 0 0 0 0 1 0 0 0 0 0 0 0 0 0 0 1 0 1 0 0 0 0 0 0
372 32 37741 1 1 1 1 1 1 1 1 1 1 1 0 0 0 1 1 0 0 0 1 1 1 0 1 1 1 1 1 1 1 1 1
373 32 39067 1 1 1 1 1 1 1 1 1 1 1 1 1 1 1 0 0 1 1 1 1 1 1 1 0 1 1 0 1 1 0 1
374 32 37366 1 1 1 1 0 0 1 1 1 1 1 1 1 1 1 1 0 0 1 1 1 1 1 1 1 0 1 1 1 1 1 1
375 32 32648 1 0 1 1 1 1 1 1 1 1 1 1 1 1 1 1 1 1 1 1 1 1 1 1 1 1 1 1 1 1 1 1
376 32 41927 1 1 1 1 0 1 1 1 1 1 1 1 1 1 1 1 1 1 1 1 1 1 1 1 1 1 1 1 1 1 1 1
377 32 22934 0 1 1 0 1 0 1 0 1 1 0 1 1 1 0 0 0 0 1 0 1 1 0 0 0 0 1 1 0 0 1 0
378 32 44352 1 1 1 1 1 0 1 1 1 1 1 1 1 1 1 1 1 1 1 1 1 1 1 1 1 1 1 1 1 1 1 1
379 32 24150 0 0 1 0 0 1 0 1 1 1 1 1 0 1 1 0 1 1 1 0 0 1 0 1 0 1 0 0 0 0 1 0
380 32 43109 1 1 0 1 1 1 0 1 1 1 1 1 0 1 1 1 1 1 1 0 1 1 1 0 1 1 1 1 1 1 1 0
381 32 39539 1 1 0 1 0 1 1 1 1 1 0 1 1 1 1 1 1 1 1 1 1 1 0 1 0 1 1 1 1 1 1 1
382 32 18353 0 0 0 1 0 1 0 0 0 0 1 1 0 1 0 1 1 1 1 0 1 0 0 1 0 0 0 0 0 0 1 0
383 32 40666 1 1 1 1 1 1 1 1 1 1 1 1 1 1 1 0 1 1 1 1 1 1 1 1 1 1 0 1 1 1 1 1
384 32 12596 1 1 0 0 1 0 0 0 1 0 1 0 0 0 0 0 0 0 0 0 0 1 0 0 0 0 0 0 1 1 0 0
385 32 31973 1 1 1 0 0 1 1 1 0 1 1 1 1 1 1 1 1 1 1 1 1 1 0 1 0 0 1 1 1 1 1 1
386 32 27649 0 0 1 1 0 0 0 0 1 0 1 1 0 1 0 1 0 0 1 1 1 1 0 1 1 1 1 1 1 1 0 1
387 32 39926 1 0 0 1 1 1 1 1 1 1 0 1 1 1 0 1 1 1 1 1 0 1 0 1 1 1 1 0 1 1 1 1
388 32 29251 1 1 1 0 1 1 1 0 1 0 0 0 1 1 1 0 1 1 1 1 1 1 1 1 1 1 1 1 1 1 1 1
389 32 15440 0 0 0 0 0 0 0 1 1 1 0 0 1 0 0 0 0 0 1 0 0 1 1 0 0 1 0 0 1 0 0 1
390 32 27290 1 0 1 0 0 0 0 1 0 1 0 0 0 0 0 1 0 0 1 0 1 1 1 1 0 1 1 1 0 0 1 1
391 32 27679 0 1 0 0 0 1 1 0 1 1 1 0 0 0 0 1 1 1 1 0 0 0 1 1 0 0 0 1 1 1 1 1
392 32 26668 1 0 0 0 0 1 1 1 1 1 0 1 0 1 0 1 1 1 1 1 0 1 1 0 0 0 0 0 0 0 0 1
393 32 11914 1 0 0 0 0 0 1 1 0 1 0 0 0 1 0 0 0 0 0 0 0 0 0 0 0 0 0 0 1 1 0 0
394 32 38657 0 1 1 1 1 1 1 1 1 1 1 0 1 1 1 0 1 1 1 1 1 1 1 1 1 1 1 1 1 1 1 1
395 32 31399 1 1 1 1 0 1 1 1 1 1 1 0 1 1 1 1 1 1 1 1 0 0 0 0 0 1 0 0 0 1 1 1
396 32 40880 1 1 1 1 1 1 1 0 1 1 1 1 0 1 1 1 1 1 1 1 1 1 1 1 1 1 1 1 1 1 1 1
397 32 32392 1 0 1 1 1 0 1 1 0 1 0 1 1 1 1 0 1 1 1 1 1 1 0 0 1 0 0 1 1 1 0 1
398 32 21592 1 0 0 1 0 0 1 1 0 1 1 0 1 1 0 0 1 1 0 0 0 0 0 0 1 0 0 1 1 0 1 1
399 32 21822 1 1 1 1 1 0 1 0 0 1 0 0 1 1 0 1 0 1 0 0 0 0 0 1 0 0 1 0 0 1 0 1
400 32 35816 0 1 1 1 1 1 1 1 1 1 1 1 1 1 0 1 1 0 1 1 0 1 1 1 0 1 1 1 1 1 0 1
401 32 37022 1 1 1 0 1 1 1 0 1 1 0 0 1 1 1 1 1 1 1 1 1 1 0 0 1 1 1 1 1 1 1 1
402 32 21134 1 0 0 1 1 0 1 0 0 0 0 0 0 0 1 1 1 0 1 1 0 0 1 0 0 0 0 0 0 0 1 1
403 32 6890 0 0 1 0 0 0 0 0 0 0 0 0 0 0 0 0 0 0 0 0 1 0 1 0 0 0 0 0 0 1 0 0
404 32 30570 0 1 1 0 1 1 0 1 1 1 1 1 0 1 1 1 1 1 1 1 0 1 1 1 0 1 1 1 0 0 0 1
405 32 38646 1 0 1 1 1 1 0 1 1 0 1 1 0 1 1 1 1 1 1 1 1 1 1 1 1 1 0 1 1 1 1 1
406 32 40491 1 1 1 1 1 1 1 1 1 1 0 1 1 1 1 1 1 1 1 1 1 1 1 1 1 1 1 1 1 1 1 0
407 32 27229 1 0 0 1 1 0 1 1 1 0 0 1 1 1 0 0 1 0 0 0 1 0 1 1 0 1 0 1 1 0 0 1
408 32 25070 0 1 1 0 1 1 1 1 0 1 1 1 1 0 0 0 0 1 0 0 0 0 1 0 0 1 0 0 0 1 1 1
409 32 29935 1 1 1 1 0 1 0 0 0 1 1 1 1 1 1 1 0 1 1 1 1 1 1 1 1 1 1 1 1 0 1 1
410 32 19918 0 0 0 0 1 0 1 1 0 0 1 0 1 0 0 1 1 0 0 1 0 0 1 0 1 1 1 0 0 0 1 0
411 32 11765 0 0 1 0 1 1 0 0 0 0 0 0 0 0 0 0 1 0 0 1 0 0 0 0 1 0 0 1 1 0 0 0
412 32 25411 0 0 0 1 1 1 1 1 0 0 1 0 1 0 1 0 1 0 1 0 1 0 1 0 1 1 0 0 0 0 0 1
413 32 41317 1 1 1 1 1 1 1 1 1 1 1 1 1 1 1 1 1 0 0 1 1 1 0 1 1 1 1 1 1 0 1 1
414 32 40309 1 1 1 1 1 1 0 1 1 1 1 1 1 1 1 1 1 1 1 1 1 1 1 1 1 1 1 1 1 1 0 1
415 32 37375 0 1 1 1 1 1 1 0 1 1 1 1 1 1 0 0 1 1 1 0 1 1 1 0 1 0 0 0 0 1 1 1
416 32 25220 1 0 1 1 0 0 0 1 1 0 0 0 1 0 0 1 0 1 1 0 0 1 0 1 0 0 1 1 0 1 0 1
417 32 29668 0 0 0 1 1 1 0 0 1 1 1 0 1 1 1 0 0 1 0 0 0 1 1 1 1 0 1 0 1 1 1 1
418 32 42026 1 1 0 1 1 1 1 1 1 1 1 1 1 1 1 1 1 1 1 1 1 1 0 1 1 0 1 1 1 0 1 1
419 32 41173 1 1 1 1 1 1 0 1 1 1 1 1 1 1 1 1 1 1 1 1 1 1 0 1 1 1 1 1 1 1 1 1
420 32 37571 1 1 0 1 1 0 0 1 1 1 1 1 1 1 0 0 1 1 0 1 1 0 0 1 0 1 1 1 0 1 1 0
421 32 17708 0 1 1 1 1 0 0 1 0 0 0 0 0 0 1 1 0 0 0 0 0 0 1 0 1 0 0 1 0 0 0 0
422 32 13577 0 1 0 0 1 0 0 1 0 0 1 1 1 0 0 0 0 0 1 0 1 0 0 0 0 0 0 1 1 0 0 0
423 32 41266 1 0 1 1 1 1 1 1 1 0 0 1 1 1 0 1 1 0 1 0 0 1 1 1 1 1 0 0 1 1 1 1
424 32 31718 1 0 1 1 1 1 1 0 1 1 1 0 0 1 1 1 1 1 1 1 1 0 0 0 1 1 1 1 1 0 0 1
425 32 27105 0 1 1 0 0 0 0 1 0 1 0 1 0 1 0 0 1 1 0 0 1 0 0 0 1 1 1 1 0 1 1 1
426 32 35811 1 0 1 0 0 0 1 1 1 1 1 1 1 1 1 1 0 1 0 1 1 0 1 1 1 1 0 1 1 0 1 1
427 32 9650 0 1 1 0 0 0 0 1 0 0 0 0 0 1 0 1 1 0 0 0 0 0 0 0 0 0 0 0 1 0 0 0
428 32 34607 1 0 1 0 1 1 1 1 1 1 1 1 0 1 0 1 1 0 1 0 1 1 0 1 1 0 0 0 0 1 1 0
429 32 32261 1 1 1 0 1 1 1 1 1 0 0 1 0 1 1 0 0 1 0 0 1 0 1 1 1 0 1 1 1 1 0 1
430 32 6818 0 0 0 0 1 0 0 0 0 0 0 1 0 1 0 1 0 1 0 0 1 0 0 0 0 0 1 0 0 1 1 1
431 32 28208 0 0 1 0 0 1 1 1 0 0 1 0 1 1 1 1 0 0 0 1 0 0 0 1 0 1 0 1 1 1 0 1
432 32 13511 0 1 1 1 0 0 0 0 1 0 0 0 1 1 0 0 0 0 0 0 0 0 0 0 0 0 0 1 1 1 1 0
433 32 39444 0 0 1 1 1 1 1 1 1 1 1 1 1 1 1 1 1 1 1 1 1 1 1 1 0 1 1 1 1 1 1 1
434 32 15788 0 0 1 0 0 0 0 0 1 0 0 0 1 1 0 0 1 1 1 0 0 0 0 0 1 0 1 0 0 0 0 0
435 32 28477 1 1 1 1 0 1 0 0 1 0 1 1 0 0 1 1 1 0 0 1 1 0 0 0 1 1 1 1 0 0 1 1
436 32 33507 1 1 1 1 1 1 1 1 1 1 0 1 1 1 1 1 1 0 1 1 1 1 1 1 1 1 1 1 1 1 1 1
437 32 33658 0 1 1 0 1 1 1 1 1 1 1 0 1 1 1 1 1 1 1 1 1 1 1 0 1 1 1 1 1 1 1 1
438 32 16051 1 1 0 0 1 0 1 1 0 0 0 0 0 1 0 1 0 0 0 0 0 0 1 0 1 1 0 0 1 0 1 0
439 32 34032 1 1 1 1 1 0 1 1 0 0 1 1 1 1 0 1 1 1 0 1 1 1 1 1 0 1 1 0 0 1 1 1
440 32 29762 0 1 1 0 1 0 1 0 0 0 1 0 0 1 0 0 0 0 0 1 1 1 1 1 0 1 0 1 1 1 0 1
441 32 33749 0 1 1 1 1 1 1 1 1 1 1 1 1 0 0 1 1 1 1 0 0 1 0 0 1 1 0 0 1 0 1 1
442 32 28834 0 0 1 0 0 0 0 1 1 0 0 1 1 0 0 0 0 1 1 1 0 1 1 1 1 1 1 0 1 0 1 1
443 32 36122 1 1 1 1 1 1 1 1 0 1 1 1 1 0 1 1 0 1 1 1 1 1 1 1 1 1 1 1 1 1 1 1
444 32 38143 0 1 1 0 1 1 1 1 1 1 1 0 1 1 1 0 1 1 1 1 1 1 1 1 1 1 1 1 1 1 1 1
445 32 32168 1 1 1 1 0 0 1 1 1 1 1 0 0 1 1 1 1 1 1 1 1 0 1 1 0 1 1 1 1 0 1 1
446 32 33368 1 1 1 0 1 1 1 0 1 1 1 0 0 0 0 1 1 0 1 1 1 1 1 1 1 0 0 1 1 1 1 0
447 32 34929 1 1 1 0 1 1 0 0 1 1 1 1 1 1 1 0 1 1 1 1 0 1 1 0 1 0 1 1 1 0 1 1
448 32 23559 0 1 0 0 0 1 0 1 0 1 0 1 0 0 1 1 0 0 1 0 1 0 0 1 1 1 1 0 0 0 1 1
449 32 19941 1 1 0 0 0 1 1 1 1 0 0 0 0 1 0 0 1 1 0 0 1 0 0 0 0 0 1 0 0 1 0 1
450 32 16432 0 0 0 0 0 1 0 0 0 0 0 0 0 0 0 0 0 1 1 1 1 0 0 0 0 1 1 0 0 1 0 1
451 32 7885 0 0 0 0 1 0 0 0 0 0 1 0 1 0 0 0 0 0 0 0 0 0 0 0 0 0 0 0 0 0 1 0
452 32 30228 1 0 0 1 0 1 1 1 1 0 1 1 0 0 1 0 1 1 1 1 1 0 0 0 1 0 0 1 1 1 0 0
453 32 43627 1 1 1 1 1 1 1 1 1 1 1 1 1 1 1 1 1 0 1 1 1 1 1 1 1 1 1 1 1 1 1 1
454 32 36405 1 1 1 1 1 0 1 1 1 1 1 1 1 1 1 1 1 1 1 1 1 1 1 1 1 1 1 1 1 1 1 1
455 32 36815 1 1 1 1 1 1 1 1 1 0 1 0 1 1 1 1 1 0 1 1 1 1 1 1 1 0 0 1 1 1 0 1
456 32 31643 1 0 1 0 1 0 1 0 1 1 0 0 0 1 0 1 1 1 0 1 1 1 0 1 1 1 1 0 0 1 0 1
457 32 26315 1 1 1 1 0 1 0 1 0 1 0 0 0 1 0 0 0 1 0 1 0 1 0 1 0 1 0 1 0 1 0 0
458 32 41281 1 1 1 0 0 0 1 1 0 1 0 0 1 1 1 1 1 1 1 1 1 1 1 1 1 1 1 0 1 1 0 0
459 32 40401 1 1 1 1 1 1 1 1 0 1 1 1 1 1 1 1 1 1 1 1 1 1 1 0 1 1 1 1 0 1 1 1
460 32 13337 0 1 0 1 0 0 0 0 1 1 0 0 0 1 0 0 0 0 0 0 0 0 0 0 0 1 0 1 0 0 0 1
461 32 16880 1 1 1 0 1 0 0 0 0 0 1 0 1 1 1 0 1 0 0 0 0 1 0 0 0 1 0 0 1 0 0 1
462 32 32620 1 1 1 0 1 1 1 1 0 1 1 1 1 1 0 0 1 1 1 1 1 0 1 0 1 1 0 0 1 1 1 0
463 32 21140 0 1 0 1 1 1 0 0 1 1 0 0 1 0 0 0 0 1 1 0 1 1 1 1 0 0 0 0 0 0 0 1
464 32 38607 1 0 0 1 1 1 0 0 1 1 1 1 0 1 1 1 1 1 1 1 1 1 0 1 0 1 1 1 0 0 1 1
465 32 27933 1 0 0 1 0 1 0 0 1 0 1 0 1 1 1 1 0 0 0 0 1 1 1 1 1 1 1 0 1 0 1 0
466 32 18142 1 0 1 0 0 0 0 1 0 0 0 0 0 1 0 1 1 1 0 0 1 1 1 0 0 0 1 0 0 1 0 1
467 32 7970 0 1 1 0 0 0 0 0 0 0 0 0 0 1 1 0 0 0 0 0 0 0 0 0 1 0 0 0 0 0 0 1
468 32 20459 1 0 0 0 1 0 1 0 1 0 1 1 0 1 0 1 0 1 0 0 0 1 0 0 0 1 1 0 1 0 0 0
469 32 32807 1 1 1 0 1 1 1 1 0 1 0 0 0 1 0 1 1 0 1 1 0 1 1 1 0 1 0 1 1 1 1 1
470 32 9703 0 1 0 0 0 0 0 1 0 0 0 0 0 1 0 0 0 1 0 0 0 0 1 0 1 0 0 0 0 0 0 1
471 32 40025 1 1 0 1 1 1 1 1 1 1 0 1 1 1 0 1 1 0 1 1 1 1 1 1 1 0 1 1 1 1 1 0
472 32 17935 1 1 1 0 0 0 0 1 1 0 1 0 0 0 1 1 0 0 0 1 0 0 0 1 1 1 0 0 0 1 1 0
473 32 30645 1 1 0 0 0 1 1 0 1 1 1 0 0 0 1 1 1 1 1 0 1 0 1 1 1 0 1 1 0 0 0 0
474 32 7831 0 0 0 0 0 0 0 1 0 1 0 0 0 0 0 0 0 0 0 0 0 1 0 0 0 0 0 0 1 1 0 0
475 32 27706 1 0 1 1 0 0 1 1 1 1 0 1 1 0 0 1 1 0 1 1 0 0 1 1 0 0 1 0 0 1 1 0
476 32 39373 1 1 1 0 1 1 0 0 1 1 1 1 1 0 1 0 1 1 1 1 1 0 1 1 1 0 1 1 0 1 1 1
477 32 35150 0 1 1 1 1 1 1 1 1 1 1 1 1 1 1 1 1 1 1 1 1 1 1 1 0 1 1 1 1 1 1 0
478 32 33970 1 1 1 1 0 0 1 0 1 1 1 1 0 1 1 1 1 1 1 1 1 1 1 1 1 1 1 1 1 1 1 1
479 32 8613 0 0 0 0 0 0 0 0 0 0 0 1 0 0 1 0 0 0 0 0 0 1 0 0 0 0 0 1 0 0 0 0
480 32 28327 1 0 1 1 1 1 0 0 0 0 0 0 0 0 1 0 1 0 1 1 1 1 1 1 1 1 1 1 1 1 0 1
481 32 37636 1 0 1 1 1 1 1 1 1 1 0 1 1 1 1 1 1 1 1 1 0 1 1 1 1 0 1 1 1 1 1 1
482 32 28084 1 0 1 0 0 1 1 0 1 0 0 0 0 1 1 1 0 0 0 1 1 1 1 0 1 1 0 1 1 1 0 1
483 32 15179 0 0 0 0 0 0 0 0 0 0 1 0 0 0 1 0 0 0 1 1 1 0 0 1 0 0 1 1 0 1 0 1
484 32 35532 1 1 1 1 1 1 1 1 1 1 1 1 1 1 1 1 1 1 1 1 1 1 1 1 1 0 1 1 1 1 1 1
485 32 24470 1 0 1 0 0 0 1 1 1 1 0 1 1 0 1 0 1 0 0 1 0 1 1 1 0 1 0 0 1 0 0 0
486 32 14838 0 0 0 0 0 0 0 1 0 0 1 0 0 1 0 1 1 0 1 1 0 0 0 0 0 0 1 0 0 0 1 0
487 32 7294 1 0 0 0 0 0 0 0 0 1 0 0 0 1 0 0 0 0 0 0 0 0 1 0 0 1 0 0 0 0 0 0
488 32 31278 1 1 1 1 1 0 0 1 1 1 0 1 1 0 1 0 1 1 0 1 0 1 1 1 0 0 0 1 1 1 1 1
489 32 28378 1 1 0 1 1 1 1 1 1 0 1 0 0 1 0 1 1 0 0 1 0 0 0 0 0 1 1 1 0 1 0 0
490 32 15750 0 1 0 0 0 1 1 0 0 0 1 0 1 0 1 0 0 1 0 0 0 0 0 1 0 1 0 1 0 0 0 1
491 32 25239 0 0 1 0 0 1 0 0 1 1 1 1 1 1 1 0 0 1 0 0 0 0 0 1 0 1 0 1 1 0 1 1
492 32 14647 1 1 0 1 0 0 0 1 0 0 0 0 0 0 0 0 0 1 1 0 0 1 0 0 0 0 1 1 0 1 0 0
493 32 24315 0 1 1 1 0 0 1 1 0 0 0 0 0 0 0 1 1 1 0 0 0 0 1 0 1 1 0 1 0 1 1 1
494 32 35244 0 0 1 1 1 1 1 1 1 0 1 0 1 1 1 1 0 1 1 1 1 1 1 1 1 1 1 1 1 1 1 0
495 32 27954 0 0 0 0 1 1 1 0 1 0 0 1 1 0 0 1 0 1 1 1 0 0 0 0 1 0 1 0 1 1 1 1
496 32 37117 0 1 1 1 1 1 1 1 1 1 1 1 1 1 1 1 1 1 1 1 1 0 1 1 1 1 1 1 1 1 1 1
497 32 31919 1 1 1 0 0 1 1 0 0 1 1 1 1 1 1 1 0 1 0 1 1 1 0 1 1 1 0 0 1 1 1 0
498 32 42332 1 1 1 1 1 1 1 0 1 1 1 1 1 0 1 1 1 1 1 1 1 1 1 1 1 1 1 1 1 1 1 1
499 32 21032 0 0 1 1 0 0 1 0 0 0 0 0 1 0 0 1 1 1 0 0 1 1 0 0 1 0 0 1 1 0 1 1
500 32 35185 1 1 1 1 1 1 1 1 1 1 1 1 1 1 1 1 1 1 1 1 1 1 1 1 1 1 1 1 1 0 1 1
