1 37 37534 1 1 0 1 1 1 0 1 1 1 1 1 1 1 1 1 1 0 1 1 0 1 1 0 1 1 1 1 1 1 1 1 0 0 1 1 1
2 37 14842 1 0 1 0 0 0 0 1 0 0 1 0 1 1 0 0 0 0 0 0 0 1 0 0 0 0 0 0 0 1 1 0 0 0 0 0 0
3 37 45864 1 1 0 0 1 1 1 1 1 1 1 0 1 1 1 1 1 0 1 1 1 1 1 0 1 1 1 1 1 1 1 1 1 1 1 0 0
4 37 35357 0 1 0 1 0 0 1 1 1 0 1 0 1 1 1 0 1 1 1 1 0 1 0 1 1 0 1 1 0 1 1 0 0 1 0 1 1
5 37 36843 1 0 0 1 1 1 1 0 1 0 1 0 0 1 0 0 1 0 0 1 1 0 1 1 1 0 1 1 1 1 1 0 1 1 1 0 1
6 37 25126 1 0 0 0 0 0 0 1 0 1 0 0 0 1 1 1 1 0 0 1 0 0 0 0 1 1 1 1 0 1 0 0 0 1 1 1 0
7 37 44786 1 0 1 1 1 0 1 1 1 1 0 1 1 1 1 1 1 1 1 1 1 1 1 0 1 1 1 0 1 1 0 1 1 1 1 0 1
8 37 18472 1 0 0 0 0 1 1 0 0 0 0 0 0 0 0 1 0 1 0 0 0 0 0 1 0 0 0 0 0 0 1 1 0 0 1 1 0
9 37 43572 1 1 1 1 0 1 1 0 1 1 1 1 1 1 1 1 0 0 1 1 1 1 0 1 1 0 1 0 1 1 1 0 0 1 1 1 1
10 37 18822 0 0 0 1 0 0 0 1 1 0 1 0 0 0 0 0 0 0 0 0 1 0 1 0 0 1 1 1 0 0 0 0 0 0 1 0 0
11 37 41719 1 1 1 1 1 1 1 1 1 1 1 1 1 1 0 1 1 1 1 1 1 1 1 1 1 1 1 1 1 1 1 1 1 1 1 1 1
12 37 4817 0 0 0 0 0 0 0 0 0 1 0 0 1 0 0 0 0 0 0 0 0 0 0 0 0 0 0 0 0 0 0 0 0 0 0 0 1
13 37 33830 0 1 1 1 0 1 0 1 1 1 1 0 1 1 1 1 1 0 0 0 0 0 1 0 1 0 1 1 0 0 0 1 0 0 1 0 1
14 37 50782 0 1 1 1 0 1 1 1 1 1 1 1 1 0 1 1 1 1 1 1 1 1 1 1 1 0 0 1 1 1 1 1 1 1 1 1 1
15 37 43285 1 1 0 1 1 0 0 1 1 1 1 0 1 1 1 1 1 1 1 0 1 1 1 1 1 1 1 1 0 0 0 1 1 0 1 0 1
16 37 21487 1 1 1 0 1 0 0 1 0 0 0 1 0 1 0 0 1 0 0 0 1 0 0 0 0 0 1 0 0 0 1 0 0 1 0 1 1
17 37 42730 1 1 1 1 1 0 1 1 1 1 1 1 1 1 0 0 1 1 1 1 1 1 1 1 1 1 0 1 1 1 1 0 1 0 1 0 0
18 37 39827 1 1 1 1 1 1 1 1 1 1 1 1 1 0 0 0 1 1 1 1 1 1 0 1 1 1 1 1 1 0 0 0 1 0 0 1 1
19 37 21305 0 0 1 1 0 0 0 0 0 1 1 1 0 1 0 0 1 0 0 1 0 0 0 0 0 1 1 1 1 1 1 0 1 0 0 0 1
20 37 34975 1 1 1 0 1 0 0 0 1 1 1 0 1 1 1 1 1 0 1 1 1 0 1 1 1 1 0 1 1 0 0 1 1 1 1 1 0
21 37 45934 0 0 1 1 0 1 1 1 1 1 0 1 1 1 1 0 1 1 0 1 0 0 1 1 1 1 0 1 1 1 1 0 1 1 1 1 0
22 37 37157 0 1 1 1 1 1 0 1 1 0 1 0 1 1 1 1 1 1 1 0 1 1 0 1 1 1 1 1 1 1 0 1 1 1 1 0 1
23 37 46145 1 1 1 1 1 1 1 0 1 1 1 1 1 1 1 1 1 1 1 1 1 0 1 1 1 1 1 1 1 1 1 1 1 1 1 1 1
24 37 39008 1 1 0 1 0 1 1 0 1 1 1 1 1 1 1 1 1 1 1 1 0 0 0 1 0 0 1 0 1 1 1 0 1 1 0 0 1
25 37 29474 1 1 1 0 1 0 0 0 0 0 1 1 1 0 1 1 0 1 1 0 0 0 0 1 1 1 0 0 0 0 1 1 1 0 1 0 0
26 37 27942 1 1 1 0 0 0 1 1 0 0 1 0 0 1 1 0 1 0 0 1 0 1 0 0 1 0 0 1 0 1 0 1 1 0 1 1 0
27 37 40333 0 1 1 1 1 1 0 0 1 1 0 1 1 1 1 1 0 1 0 1 1 1 0 0 1 1 1 1 0 0 1 1 0 1 1 1 1
28 37 34154 1 1 1 1 1 1 0 0 0 1 1 1 0 0 0 1 0 0 1 0 1 1 0 0 0 1 1 1 1 1 0 0 0 0 1 1 1
29 37 40779 1 0 1 0 1 0 1 0 0 1 1 0 1 1 0 0 1 1 1 1 1 1 0 1 1 1 0 0 1 0 1 1 1 1 0 1 1
30 37 37739 0 1 1 1 1 0 1 1 1 1 1 0 0 1 0 1 0 1 1 0 0 1 0 0 1 1 1 1 1 0 1 0 0 1 1 0 1
31 37 21564 0 0 0 1 1 0 0 0 0 0 1 0 0 1 1 1 0 0 1 1 0 0 1 0 1 1 0 0 0 0 1 0 0 0 0 0 1
32 37 28612 1 1 0 0 1 0 1 1 0 0 0 1 1 0 1 0 0 1 0 1 1 0 0 1 0 1 0 0 0 0 0 1 0 1 1 0 1
33 37 38325 1 1 1 1 1 1 0 1 1 1 0 0 1 1 1 1 1 1 1 0 0 1 0 0 0 1 1 0 1 1 1 0 1 0 0 1 1
34 37 26976 0 1 1 0 1 0 1 1 1 0 1 0 0 1 1 0 0 1 0 0 1 0 0 1 0 1 0 1 1 1 1 0 0 0 0 1 0
35 37 38515 1 1 1 0 1 1 0 1 1 1 0 1 0 0 1 1 0 0 1 1 1 1 1 1 0 1 1 1 1 1 0 1 1 1 1 0 1
36 37 5295 0 0 0 0 0 0 1 0 0 0 0 0 0 0 1 0 0 0 0 0 1 0 0 0 1 0 0 0 0 0 0 0 1 0 0 0 0
37 37 46135 1 1 1 1 1 1 1 1 1 0 1 1 1 1 1 1 1 1 1 1 0 1 0 1 1 1 1 1 1 1 1 1 1 1 1 1 1
38 37 43426 1 1 1 1 1 1 1 1 0 1 1 1 1 1 1 1 1 1 1 1 1 1 1 1 1 0 1 0 1 1 1 1 1 1 1 1 0
39 37 40299 1 1 1 0 0 0 1 1 0 1 1 1 1 1 1 1 1 1 1 1 1 0 0 0 1 0 1 1 0 0 0 1 1 1 1 1 0
40 37 33475 1 0 1 1 0 0 1 0 0 1 1 1 1 1 0 1 1 0 0 1 1 0 1 0 0 1 0 1 1 1 0 0 0 1 1 0 1
41 37 11251 1 0 1 0 0 0 0 0 0 0 1 0 0 0 0 0 0 1 0 0 0 1 0 0 1 0 1 0 0 0 0 0 0 0 0 0 0
42 37 34840 1 1 1 0 1 1 0 0 0 1 0 0 1 0 0 0 1 0 1 0 0 1 0 1 0 1 1 0 1 1 0 1 1 0 1 0 1
43 37 27135 1 0 1 0 0 1 0 0 0 1 0 0 0 1 0 1 0 0 0 0 1 0 0 0 0 1 1 1 1 0 1 1 1 1 1 1 1
44 37 21351 1 0 1 0 1 1 1 1 1 0 0 0 0 0 0 0 1 0 0 1 1 0 0 0 0 0 0 0 1 0 1 0 0 1 0 0 0
45 37 9553 0 0 0 0 0 0 0 0 1 0 0 0 0 1 0 0 0 0 1 0 0 0 0 0 0 0 0 0 0 1 0 1 0 1 0 0 1
46 37 8391 0 0 1 0 0 1 0 0 0 0 0 0 0 0 0 1 0 0 0 0 0 0 0 0 0 0 1 1 0 0 0 0 0 0 0 0 1
47 37 48754 1 1 1 1 1 0 1 1 1 0 1 1 1 1 1 1 1 0 1 1 1 1 1 1 1 0 1 1 1 1 1 0 1 1 1 1 1
48 37 43654 0 1 1 1 0 1 1 0 1 1 0 0 1 1 0 1 1 1 0 1 0 0 1 1 1 1 1 1 1 0 1 1 0 1 1 0 1
49 37 33999 1 1 1 1 1 1 0 0 1 1 0 0 0 0 1 1 1 0 1 0 1 1 0 1 1 1 0 1 1 0 1 1 0 0 1 0 0
50 37 44639 1 1 1 1 0 1 1 1 1 1 1 1 1 1 1 1 1 0 1 1 1 1 1 1 0 1 1 1 1 0 1 1 1 1 1 1 1
51 37 48825 1 1 1 1 1 0 1 1 1 1 1 1 0 1 1 1 1 1 1 0 1 1 1 1 1 1 1 1 0 1 0 1 1 1 1 1 0
52 37 46633 0 1 0 1 1 1 1 1 1 1 0 1 1 1 1 1 1 0 1 0 1 1 0 1 1 1 1 1 0 1 1 1 1 1 1 1 1
53 37 33858 0 1 1 0 0 0 1 1 1 1 0 1 0 1 0 0 0 0 0 0 1 1 1 0 1 1 1 1 0 1 1 1 1 1 0 0 0
54 37 22826 1 1 0 1 0 0 1 1 1 0 0 0 0 0 1 1 0 0 1 1 0 0 1 0 0 0 0 0 0 0 0 0 0 0 0 1 1
55 37 33253 0 0 1 0 0 1 0 1 0 0 0 1 0 1 0 0 0 1 1 0 0 1 1 1 0 1 1 1 1 1 0 0 0 1 1 1 1
56 37 28466 0 0 1 0 0 1 1 0 0 1 0 1 0 0 1 0 0 0 1 1 0 1 1 1 1 0 1 0 1 1 1 1 0 1 1 0 1
57 37 46184 0 1 1 1 1 1 1 1 1 1 1 1 1 1 1 1 1 1 1 1 1 1 1 1 1 1 1 1 1 1 1 1 1 1 1 1 1
58 37 38820 0 0 1 1 1 1 0 1 0 1 1 1 1 1 1 0 1 1 0 1 1 1 1 0 1 1 1 1 1 1 0 1 1 1 1 1 1
59 37 36270 1 1 1 1 1 1 1 1 0 1 1 0 1 0 1 1 1 1 1 1 1 0 0 0 1 1 1 0 1 1 1 1 1 1 0 0 1
60 37 41878 1 1 0 1 1 1 1 0 1 1 1 1 1 1 1 1 1 1 1 1 1 1 1 1 1 1 1 1 1 1 1 1 1 1 1 1 1
61 37 26529 1 0 0 0 1 0 0 0 0 1 0 1 0 0 1 0 0 1 0 1 0 0 0 1 1 1 0 1 1 1 0 1 0 0 1 0 0
62 37 37979 1 1 1 1 1 1 1 1 1 1 1 0 1 1 1 1 1 1 1 1 0 1 1 1 1 1 1 1 1 1 1 1 1 0 1 1 0
63 37 37397 0 1 1 0 1 1 0 0 0 0 0 0 0 1 1 1 1 1 1 0 1 0 1 0 0 0 1 1 0 1 0 1 1 1 1 1 1
64 37 40281 0 1 1 0 1 1 1 1 1 1 0 1 1 1 1 0 1 0 1 1 0 1 1 1 0 1 1 0 0 0 1 1 0 1 1 1 1
65 37 32843 0 1 1 1 0 0 1 0 0 1 1 1 0 0 0 1 1 1 0 0 1 0 1 1 1 1 1 1 1 0 1 0 0 1 1 0 1
66 37 28423 1 0 1 1 0 1 0 1 0 1 1 1 0 1 1 0 0 1 0 1 1 0 0 0 0 1 1 0 0 0 1 0 1 0 1 1 0
67 37 50308 1 1 1 1 1 1 1 1 1 1 1 1 0 1 1 1 1 1 1 1 1 1 1 1 1 1 1 1 1 1 1 1 1 1 1 1 1
68 37 48196 0 1 1 1 1 1 0 1 1 1 1 1 1 1 1 1 1 1 1 1 1 1 1 1 1 1 1 1 1 1 1 1 1 1 0 0 1
69 37 40844 0 1 0 1 1 1 1 0 1 1 1 1 1 1 1 1 1 1 1 1 1 1 1 1 0 1 1 1 1 1 1 1 1 1 1 1 1
70 37 16965 1 0 0 0 0 0 0 0 0 1 0 0 0 1 0 1 1 0 0 0 1 0 0 0 1 1 0 0 0 0 1 0 0 0 0 0 1
71 37 39065 0 1 0 1 1 1 1 1 1 1 1 1 1 1 1 1 1 1 1 1 1 0 1 1 1 1 1 1 1 1 1 1 1 1 0 0 1
72 37 45402 1 1 1 1 1 1 1 1 1 1 1 1 1 1 1 0 1 1 1 1 1 1 1 1 1 1 1 1 1 0 1 1 1 1 1 1 1
73 37 43972 1 1 1 1 1 1 1 1 1 0 1 1 1 1 1 1 1 0 1 1 1 1 1 0 1 1 1 1 0 1 1 1 1 1 1 1 1
74 37 7975 0 0 0 0 0 1 0 0 0 0 0 1 0 0 0 0 0 1 1 0 0 0 1 0 0 0 0 0 0 1 0 0 0 0 0 0 0
75 37 49970 1 1 1 0 1 1 1 0 1 1 0 1 1 1 1 0 0 1 1 1 1 1 1 0 1 0 1 1 1 1 1 1 1 1 1 1 1
76 37 27929 1 1 1 0 1 1 0 1 1 0 0 0 1 0 1 0 0 1 1 1 0 0 1 0 1 1 1 0 0 0 0 0 1 0 1 0 1
77 37 40199 1 1 1 1 1 0 1 1 1 1 1 1 1 0 0 1 1 1 1 1 0 1 1 1 1 1 1 1 1 1 1 1 1 1 1 0 1
78 37 38221 0 1 0 0 0 1 0 0 0 1 0 1 1 1 0 1 1 0 1 1 1 1 0 0 0 1 1 1 0 0 1 1 0 1 1 1 1
79 37 21834 0 0 0 1 0 0 0 1 1 0 0 0 1 1 1 0 0 1 1 0 0 1 1 1 1 0 0 0 0 0 0 0 0 0 0 1 1
80 37 21447 0 1 1 0 1 0 1 0 1 1 1 0 1 0 0 0 0 1 1 0 1 0 0 0 1 0 0 0 0 0 0 0 0 0 1 0 0
81 37 37273 0 0 0 1 1 1 1 1 1 1 1 1 1 1 0 1 1 1 1 1 1 1 1 1 1 1 0 1 1 0 0 0 0 1 1 1 1
82 37 33948 1 0 1 0 1 0 1 1 0 1 1 1 0 0 0 1 1 1 1 1 0 1 0 1 0 0 1 0 1 0 0 1 1 1 1 1 1
83 37 19693 0 1 0 1 0 1 0 0 1 0 0 1 1 0 0 0 0 0 0 0 0 0 0 1 0 0 1 0 1 1 1 0 0 0 1 0 0
84 37 41526 1 1 1 1 1 0 1 1 1 0 1 1 0 1 1 1 1 1 1 1 1 1 0 0 1 1 1 1 1 1 1 1 1 1 1 1 1
85 37 36019 0 0 1 0 0 0 1 0 1 1 1 1 1 1 1 1 0 1 1 0 0 0 1 1 0 0 1 1 1 1 0 1 1 1 1 1 1
86 37 32804 1 1 1 0 1 0 0 0 0 1 1 0 1 1 1 1 1 1 1 1 1 0 1 1 1 0 1 0 0 1 1 0 0 1 0 0 0
87 37 45055 1 1 1 1 1 1 1 1 1 1 1 0 1 1 0 1 1 1 1 1 1 1 0 1 1 1 1 1 1 1 1 1 1 1 1 0 1
88 37 34600 1 0 1 1 1 1 1 1 1 1 1 1 0 0 0 0 0 0 0 1 0 0 1 1 0 1 0 1 1 0 1 0 1 1 0 1 1
89 37 7270 0 0 0 0 0 0 0 0 0 0 0 0 0 0 0 0 0 0 0 0 0 0 1 1 0 0 0 0 1 0 0 1 0 0 0 0 0
90 37 35714 0 1 1 1 1 0 0 1 1 1 0 1 0 1 0 1 1 1 1 1 1 0 1 1 1 0 1 1 1 1 0 1 1 0 1 1 0
91 37 28599 1 0 1 1 1 1 1 1 1 1 0 1 1 0 1 1 0 1 1 0 0 0 0 0 1 1 0 0 0 1 0 0 1 1 0 1 0
92 37 28427 0 0 1 0 1 0 1 1 0 1 0 0 1 0 0 0 1 1 0 0 1 0 0 1 0 1 1 1 0 0 1 0 1 1 0 1 0
93 37 48485 1 1 1 1 1 1 1 1 1 1 1 1 0 1 1 1 0 1 1 1 1 0 1 1 1 1 1 1 0 1 1 1 1 1 1 1 1
94 37 38860 1 1 0 1 1 1 1 0 1 0 1 1 1 1 1 0 1 1 1 1 1 1 1 1 1 1 1 1 1 1 1 1 0 1 1 1 1
95 37 27262 1 1 1 0 0 0 1 1 0 1 0 1 0 0 0 0 1 0 0 0 0 0 0 1 0 0 0 1 1 0 1 1 1 1 0 1 1
96 37 32972 1 0 1 1 1 1 1 0 1 0 1 1 0 0 0 0 0 0 0 1 1 1 0 0 1 1 0 1 1 0 1 1 1 1 1 1 1
97 37 40565 1 1 0 1 1 0 1 0 0 1 1 1 1 0 1 1 1 0 1 1 0 1 1 1 1 1 1 1 1 1 1 1 0 1 0 1 1
98 37 29520 1 0 0 0 1 1 1 1 1 1 1 1 0 1 0 0 1 1 1 1 0 1 1 0 0 1 0 0 1 1 1 0 1 1 0 1 1
99 37 40270 1 1 0 1 1 1 1 1 1 1 1 0 1 1 1 1 1 0 0 0 1 1 1 1 1 1 1 1 0 1 1 1 1 1 1 1 1
100 37 20979 1 1 0 0 0 1 0 0 0 1 1 1 0 1 0 0 1 1 0 0 0 1 0 0 0 0 1 1 0 0 0 0 1 0 1 0 0
101 37 13165 0 0 0 0 0 0 0 1 0 0 0 1 0 0 0 1 0 1 0 0 1 1 0 0 0 0 0 0 0 0 0 0 0 0 1 0 0
102 37 45374 1 0 1 1 1 1 1 1 1 1 1 0 0 0 1 1 1 1 1 1 1 1 1 0 1 0 0 0 1 0 0 1 1 1 0 1 1
103 37 30188 1 1 0 0 1 1 1 1 1 1 1 0 1 1 1 0 0 1 1 1 0 1 1 1 0 0 1 0 0 0 0 0 1 0 0 0 0
104 37 44768 1 1 1 1 0 1 1 1 0 1 1 1 1 1 1 0 1 1 1 0 1 0 1 1 0 1 1 1 0 1 1 1 1 1 1 1 1
105 37 37404 1 1 1 1 1 1 1 1 1 1 1 1 1 0 1 1 1 0 1 1 1 1 0 0 0 1 1 1 1 1 1 1 1 1 1 1 1
106 37 29798 0 1 1 0 1 0 0 1 1 0 1 0 0 0 0 1 0 1 1 1 0 0 1 1 1 0 1 1 1 0 1 0 0 0 1 0 0
107 37 15636 1 1 0 1 0 0 0 0 1 1 0 1 0 1 0 0 0 0 0 0 0 0 0 0 0 0 0 0 0 1 1 1 0 0 1 1 0
108 37 46162 0 1 1 1 1 1 1 1 1 1 0 1 1 1 1 0 1 1 1 1 1 1 1 0 0 1 1 1 1 1 1 1 1 1 0 1 1
109 37 30167 1 0 1 0 0 1 0 1 1 0 0 0 1 1 0 0 0 1 1 0 0 1 1 0 0 1 0 0 1 1 1 1 1 1 0 1 1
110 37 13357 0 0 0 0 1 0 1 1 0 1 0 0 0 0 0 0 0 1 1 1 0 0 0 0 0 0 0 1 0 0 0 1 0 0 0 0 0
111 37 41454 0 1 1 0 1 0 1 1 1 1 0 0 1 1 1 0 1 1 1 1 1 1 0 0 0 1 1 1 0 1 0 1 1 1 1 1 1
112 37 48508 1 1 1 1 1 1 1 1 1 0 1 1 1 1 1 1 1 0 1 1 0 0 0 1 0 1 1 1 1 0 1 1 1 1 1 1 1
113 37 46535 1 1 1 1 1 1 1 1 1 1 1 1 1 1 1 1 1 0 1 1 0 1 1 1 0 1 1 1 1 1 1 0 0 1 1 1 1
114 37 30909 1 0 0 1 0 1 1 0 0 1 0 0 1 0 1 0 0 1 0 1 0 1 1 1 1 0 1 1 1 0 0 0 0 1 1 0 1
115 37 42101 1 1 1 1 1 1 1 1 1 1 1 1 1 1 0 1 0 1 1 1 1 1 1 1 1 1 1 1 1 1 1 1 1 1 1 1 0
116 37 44929 1 1 1 1 1 1 1 0 1 1 1 1 1 1 1 1 1 1 1 1 1 1 1 1 0 1 1 1 1 0 1 1 1 1 1 1 1
117 37 19295 0 0 1 0 0 0 0 0 0 1 1 0 1 1 0 0 0 0 0 0 0 1 0 0 0 0 1 0 1 1 0 1 0 0 0 1 0
118 37 32945 0 1 1 1 0 1 1 1 1 0 1 1 0 0 1 1 0 1 1 1 1 1 1 1 1 1 1 0 1 1 1 1 1 0 0 1 1
119 37 40006 0 0 0 0 1 0 1 1 1 1 0 1 1 1 1 1 1 1 0 1 1 1 1 0 1 0 0 1 0 1 1 1 1 1 1 0 1
120 37 47369 1 1 1 1 1 1 1 0 1 1 1 1 1 1 1 1 1 1 1 1 1 1 1 1 1 1 1 1 1 1 1 1 1 1 1 1 1
121 37 51135 1 1 1 1 1 1 0 1 1 1 1 1 1 1 1 1 1 1 1 1 1 0 1 1 1 1 1 1 1 1 1 0 1 1 1 1 1
122 37 41490 1 1 1 1 1 1 1 1 1 1 1 1 1 1 1 1 1 1 0 1 0 1 1 1 0 0 0 1 1 1 1 1 1 1 1 1 0
123 37 49187 1 1 1 0 1 1 1 1 0 1 1 1 0 1 1 1 1 1 1 1 1 1 1 1 1 1 1 1 1 1 1 0 1 1 1 1 1
124 37 22316 1 0 0 1 0 0 0 0 1 1 1 0 0 1 0 0 1 0 0 0 1 1 1 0 1 0 1 0 0 1 0 0 0 0 1 1 0
125 37 21856 1 1 1 1 0 1 0 0 1 0 0 0 0 1 0 1 0 0 0 1 1 0 1 1 0 1 1 1 0 0 0 0 1 0 0 0 1
126 37 33647 1 1 1 0 1 1 0 0 0 1 1 1 1 1 1 1 0 1 0 0 0 1 1 1 0 1 0 0 0 0 0 1 0 1 1 0 0
127 37 29351 0 1 0 0 0 1 1 1 1 0 1 1 0 0 1 0 1 0 1 1 1 0 0 1 0 1 1 1 0 0 1 1 1 0 1 1 0
128 37 38559 1 0 1 1 0 0 1 1 1 1 1 0 1 1 0 1 0 1 0 0 1 1 1 0 1 1 0 0 1 0 1 1 0 1 1 1 1
129 37 44830 1 0 1 0 1 0 1 1 1 0 1 0 1 1 1 1 1 1 1 0 1 1 0 1 0 1 1 1 1 1 1 1 1 1 1 0 1
130 37 31038 1 1 1 1 1 1 1 1 1 1 1 0 1 0 0 0 0 1 0 0 1 1 1 0 0 0 0 0 0 0 0 1 1 1 0 1 1
131 37 24441 0 1 0 1 1 0 0 0 1 0 1 1 1 1 0 0 1 0 1 0 1 0 0 0 0 0 0 0 1 1 0 1 1 0 0 0 1
132 37 29967 0 0 1 1 0 0 0 0 1 1 0 0 0 1 0 1 0 1 1 0 1 1 1 1 1 0 1 0 0 1 1 1 0 1 0 1 0
133 37 37622 1 1 1 1 1 1 1 1 1 1 0 0 1 1 1 1 1 1 1 1 1 1 0 1 1 1 1 1 1 1 1 1 1 1 1 1 1
134 37 36795 0 1 1 0 1 1 1 1 1 0 1 1 1 0 1 1 0 0 0 1 1 1 1 0 1 1 0 0 0 1 1 1 1 0 1 1 1
135 37 36668 1 0 0 0 1 1 1 1 1 1 1 0 1 0 1 1 0 0 1 1 0 0 0 0 1 1 0 0 1 1 1 1 0 0 1 1 1
136 37 27004 1 0 1 1 1 0 0 0 0 1 0 1 0 1 1 0 1 1 0 1 1 0 0 0 0 0 0 0 1 0 0 1 1 0 0 1 1
137 37 44419 1 1 1 1 1 1 1 1 1 1 1 0 0 0 0 1 1 1 1 1 1 1 1 1 1 1 1 1 1 1 1 1 1 0 1 1 1
138 37 8739 0 0 0 0 0 0 0 0 1 1 0 0 0 0 0 0 0 0 1 0 1 0 0 0 0 0 1 0 0 0 0 0 0 0 0 0 0
139 37 45437 1 1 0 1 1 1 1 1 1 1 1 1 1 1 1 1 0 1 1 1 1 1 0 1 1 1 1 1 1 1 1 0 1 1 1 1 1
140 37 11174 0 0 0 1 0 0 0 0 0 0 1 0 0 0 0 1 0 0 1 0 0 0 0 0 0 0 0 1 0 0 0 0 1 0 0 0 0
141 37 29442 0 1 0 0 1 1 1 0 0 0 0 1 0 1 1 1 0 1 0 1 1 1 0 1 1 1 1 1 1 1 1 0 1 0 1 1 1
142 37 25121 0 1 0 0 0 0 1 0 0 1 1 1 0 0 0 1 1 0 1 1 0 0 0 0 1 1 1 1 1 0 1 0 0 0 1 0 0
143 37 25488 0 0 1 1 0 1 0 1 0 1 1 0 0 0 1 0 0 0 0 0 1 1 1 1 0 1 1 0 1 0 1 0 0 1 0 1 0
144 37 41665 1 0 1 1 1 0 1 0 1 1 1 1 1 1 1 1 0 1 1 1 1 0 1 1 1 1 1 0 0 1 1 0 1 1 1 1 1
145 37 42803 1 1 1 1 0 0 1 1 1 1 1 1 1 1 1 0 1 1 1 1 1 1 1 1 1 0 0 1 1 1 1 1 1 0 0 1 0
146 37 39543 1 1 1 0 0 1 0 1 1 1 1 1 1 1 1 1 1 1 1 0 1 1 0 0 1 1 1 0 0 1 0 1 0 1 0 1 1
147 37 22514 1 1 0 0 0 0 1 1 0 0 1 1 0 0 1 1 0 0 0 1 0 1 1 0 0 1 1 0 1 0 0 0 0 0 0 1 0
148 37 50482 1 1 1 1 1 1 1 1 1 1 1 1 1 1 1 1 1 1 1 1 0 1 1 1 1 1 1 1 1 1 1 1 1 1 1 1 1
149 37 36208 1 1 1 1 0 1 1 0 1 1 0 0 0 0 1 1 0 0 0 1 1 1 1 1 1 1 0 0 1 0 0 1 0 0 1 1 0
150 37 47182 1 1 1 1 1 1 1 1 0 1 1 1 1 1 1 1 1 1 1 1 1 1 1 1 1 1 1 1 1 1 1 1 1 1 1 1 1
151 37 45453 1 1 1 1 0 1 1 1 1 1 1 1 0 1 1 1 0 1 1 1 1 1 1 0 1 1 1 1 1 1 1 1 1 1 1 1 1
152 37 37788 1 1 0 1 0 1 0 0 0 1 1 1 1 1 0 1 0 1 1 0 1 1 0 1 1 0 1 1 1 0 1 1 1 1 1 1 0
153 37 25326 1 1 1 1 1 1 1 0 0 1 1 0 0 0 0 0 0 1 1 0 0 0 1 1 0 0 0 1 0 1 0 1 0 0 0 0 0
154 37 34937 1 1 0 1 1 1 1 0 1 1 1 0 0 1 1 1 1 1 1 0 1 1 1 1 0 1 1 0 1 0 1 1 1 0 0 0 0
155 37 40063 1 1 1 1 0 1 1 1 1 1 0 1 1 1 1 1 1 1 1 1 1 1 1 1 0 1 1 0 1 1 1 0 1 0 1 1 0
156 37 17074 0 1 1 0 0 1 0 0 0 0 0 0 0 1 0 0 1 0 0 0 0 0 0 0 1 0 1 1 0 0 0 1 0 1 1 0 0
157 37 11156 1 0 0 0 0 0 1 0 0 0 0 0 0 0 0 0 0 0 0 1 0 1 1 0 0 0 0 0 0 1 1 0 0 0 0 0 0
158 37 19278 1 1 0 0 0 0 0 1 0 1 1 0 0 1 1 1 1 0 0 1 0 1 1 0 0 1 0 1 0 0 1 0 0 0 1 0 0
159 37 37166 1 0 1 0 0 1 0 0 1 0 1 1 1 1 1 1 1 1 1 0 0 1 0 1 0 1 1 0 1 0 1 0 0 0 1 1 1
160 37 39862 1 1 1 0 0 1 1 1 1 1 1 1 1 1 1 1 1 0 0 1 1 1 0 1 0 0 1 0 0 1 0 1 1 1 1 1 0
161 37 44712 1 1 0 1 1 1 1 1 1 1 1 0 1 0 0 1 1 1 1 1 1 1 1 1 1 1 1 1 1 1 1 1 0 1 1 1 1
162 37 34681 1 1 1 0 1 0 1 1 1 0 1 0 1 0 1 0 1 0 1 0 1 1 0 0 0 1 1 0 0 1 1 0 1 0 1 1 0
163 37 38045 1 1 1 1 0 1 1 0 1 1 1 1 1 1 0 0 0 1 0 0 1 1 1 0 0 0 0 1 1 1 1 1 1 1 1 0 1
164 37 43985 1 0 0 1 1 1 1 1 1 0 1 1 1 1 0 0 1 1 1 0 1 1 1 1 0 1 1 1 1 1 1 1 1 1 1 1 1
165 37 37237 0 0 1 1 0 1 1 1 0 1 1 1 1 0 1 1 1 1 1 1 0 0 0 0 1 1 1 1 0 1 1 1 1 0 1 0 1
166 37 45888 0 1 1 0 1 1 1 1 0 1 1 1 1 1 1 1 1 1 1 0 1 0 0 1 1 1 1 1 1 1 1 1 1 0 1 1 1
167 37 32456 0 0 0 1 1 0 0 0 1 1 0 0 1 0 1 1 1 1 1 0 0 1 1 1 0 0 0 0 0 0 1 1 1 1 1 1 0
168 37 38061 0 1 0 1 1 0 0 1 1 1 1 1 0 1 1 0 1 1 1 1 0 0 0 1 1 1 0 1 0 0 1 0 1 1 0 0 1
169 37 4191 0 0 0 0 0 0 1 0 0 0 0 0 1 0 0 0 0 0 0 0 0 0 0 0 0 0 0 0 0 0 0 0 0 0 0 1 0
170 37 45207 1 0 1 1 1 1 0 1 1 1 1 1 0 0 0 1 1 0 1 1 1 0 1 1 1 1 1 1 0 1 0 0 1 1 1 1 1
171 37 30678 1 1 1 0 1 0 1 0 0 0 0 1 1 1 1 0 1 0 1 1 0 1 0 1 1 1 0 0 1 1 0 1 1 0 0 0 0
172 37 42434 1 1 1 1 1 1 1 0 0 0 1 1 1 1 1 1 0 1 1 1 0 1 1 1 1 1 1 1 1 1 1 1 1 1 0 0 1
173 37 36173 0 1 1 1 1 1 1 1 0 1 1 0 1 0 1 1 1 0 0 0 1 0 1 1 1 1 1 0 1 0 1 0 1 1 1 0 0
174 37 33520 1 1 0 1 1 0 1 1 1 0 0 0 0 0 0 1 1 0 0 1 1 0 1 1 0 0 1 1 0 1 1 0 1 1 1 1 1
175 37 23871 0 0 1 0 1 0 1 0 0 0 0 1 1 1 0 0 1 1 1 1 0 0 1 1 0 1 0 0 0 0 1 0 1 0 0 0 1
176 37 21063 1 0 0 1 1 0 0 0 1 0 0 0 0 1 0 0 1 1 0 0 0 0 1 0 1 0 1 1 0 0 0 0 0 0 0 1 1
177 37 7782 0 1 0 0 1 0 0 0 0 1 0 1 0 0 0 0 0 0 0 0 0 0 0 0 1 0 0 0 0 0 0 0 0 0 0 0 0
178 37 48752 0 1 1 1 1 1 1 1 1 1 1 0 1 1 1 1 1 1 1 1 1 1 0 1 1 1 1 1 1 0 1 1 1 0 0 1 1
179 37 49625 1 1 1 1 1 0 1 1 0 0 1 1 1 1 1 1 1 1 1 1 1 0 1 1 1 1 1 1 1 1 1 1 1 1 1 1 1
180 37 46074 1 1 1 1 1 1 1 1 1 1 1 1 1 1 1 1 1 1 1 1 1 1 1 1 0 1 1 1 1 1 1 1 1 1 1 1 1
181 37 3659 0 0 0 0 0 0 1 0 0 0 0 0 0 0 0 0 0 0 0 0 0 0 0 0 0 0 1 0 0 0 0 0 0 0 0 0 0
182 37 22971 0 0 1 1 1 0 1 0 1 0 0 0 0 0 1 0 1 1 0 0 1 1 1 0 0 0 0 0 1 0 0 0 1 1 1 0 1
183 37 33438 1 1 0 1 1 1 0 0 0 1 0 0 0 0 1 1 0 1 1 1 0 1 1 0 1 1 1 1 1 0 0 1 0 0 0 1 0
184 37 45430 1 1 0 1 1 1 1 1 1 1 1 1 1 1 1 1 1 1 1 1 1 1 0 1 0 1 1 1 1 1 1 1 1 0 1 1 1
185 37 38323 1 1 0 1 1 0 1 0 1 1 1 1 0 0 1 1 0 1 1 0 1 1 1 1 0 1 1 1 1 0 1 0 0 1 0 1 1
186 37 51114 1 1 1 1 1 1 1 1 1 1 1 1 1 1 1 1 1 0 1 1 1 1 1 1 1 1 1 1 1 1 1 1 1 1 1 1 1
187 37 38522 1 1 1 1 0 1 0 0 1 1 1 1 0 0 1 1 0 1 0 0 1 1 1 0 1 0 1 0 1 1 1 0 0 1 1 0 1
188 37 42604 1 1 1 1 0 1 1 0 1 1 1 1 1 1 1 1 0 1 1 1 1 1 1 1 1 1 1 1 1 1 1 1 1 1 1 1 1
189 37 19738 0 1 0 0 1 0 0 1 0 1 0 0 0 0 0 1 0 0 1 0 0 0 0 1 1 0 1 1 0 0 0 1 0 0 0 1 0
190 37 4533 0 0 0 0 0 0 0 0 1 1 0 0 0 0 0 0 0 0 0 0 0 1 0 0 0 0 0 0 0 0 0 0 0 0 0 0 0
191 37 38205 1 0 1 0 1 1 1 0 1 1 1 1 0 1 1 1 1 1 1 0 1 1 1 0 0 1 1 1 0 1 0 1 0 0 1 1 0
192 37 41305 1 1 0 1 1 1 1 1 1 1 1 1 1 1 0 0 1 1 1 1 1 1 1 1 0 1 1 1 1 0 1 1 0 1 1 1 1
193 37 42354 0 1 1 1 0 1 1 1 1 1 1 0 1 0 1 1 1 1 1 1 1 1 1 1 1 1 0 0 1 1 1 1 0 0 0 1 1
194 37 45735 0 1 1 1 1 1 1 1 1 1 1 1 1 1 0 1 1 1 0 1 1 1 1 1 1 1 1 1 1 1 1 1 1 1 0 1 1
195 37 37048 1 0 1 1 1 1 1 1 1 1 0 0 1 1 1 1 1 1 0 0 0 1 1 1 1 0 1 1 0 0 0 1 1 0 1 0 1
196 37 47212 0 1 0 1 1 1 1 1 1 1 1 1 1 1 1 1 1 1 1 1 1 0 1 1 1 1 1 0 0 1 1 1 1 1 0 1 1
197 37 40795 0 1 1 1 1 1 1 1 1 1 1 1 1 1 1 0 1 1 1 1 1 1 1 1 0 0 1 1 0 1 0 0 1 1 1 0 0
198 37 35665 0 1 1 0 0 0 0 1 1 1 1 1 1 1 1 1 1 1 0 1 1 1 0 0 1 1 1 0 1 0 1 0 0 1 1 1 0
199 37 40481 0 0 1 0 1 0 1 1 1 1 1 1 0 1 1 1 0 0 0 1 0 1 0 0 1 1 1 1 0 1 1 1 1 1 0 1 1
200 37 44150 1 1 1 1 1 1 0 0 0 1 1 1 0 1 0 1 1 1 0 0 1 1 1 1 1 0 1 1 1 1 0 1 1 0 1 1 1
201 37 11317 0 0 1 0 0 0 0 0 0 0 1 0 0 0 0 1 1 0 0 1 1 0 0 0 1 0 0 0 0 0 0 0 0 0 1 0 0
202 37 32052 0 1 0 1 0 0 0 1 1 1 1 0 1 1 1 1 0 1 1 0 1 0 1 0 0 0 1 1 1 1 1 1 0 0 0 1 1
203 37 30405 0 0 1 0 1 1 0 1 1 1 1 1 0 1 0 0 1 1 0 0 1 1 0 1 1 0 0 1 0 1 1 0 1 1 1 0 0
204 37 40852 1 1 1 0 0 1 1 1 1 1 1 1 1 1 1 1 1 0 1 0 1 1 1 1 1 1 1 0 0 1 0 1 0 1 1 1 1
205 37 39148 1 1 0 1 1 1 0 1 1 0 1 1 1 1 1 0 1 1 1 1 1 1 0 1 0 1 0 1 1 1 1 1 1 1 1 1 0
206 37 47151 1 1 1 1 1 1 1 1 1 1 1 1 1 1 1 1 1 1 1 1 1 1 1 1 1 1 1 1 0 1 1 1 1 1 0 0 1
207 37 31637 1 1 1 0 1 1 1 1 1 1 0 1 1 1 1 0 0 0 1 0 0 0 0 0 1 1 0 1 1 0 0 0 0 0 1 1 0
208 37 46601 1 1 1 1 1 1 1 1 1 1 1 1 1 1 1 1 1 1 1 1 1 1 0 1 1 1 1 1 1 1 1 1 0 1 1 1 1
209 37 41571 1 1 1 0 1 0 1 1 1 1 1 1 1 1 1 1 1 1 1 1 1 1 1 1 1 1 1 1 0 0 1 1 1 0 1 1 1
210 37 26055 0 1 1 0 0 0 1 1 1 1 1 1 1 1 1 0 1 0 0 1 1 1 0 0 0 1 1 1 1 0 0 0 1 0 0 0 0
211 37 33959 0 1 1 0 0 1 0 0 1 1 1 1 1 1 1 1 0 0 1 1 0 0 1 1 0 0 1 1 1 1 1 1 0 0 0 0 1
212 37 50295 1 1 1 1 1 1 1 1 1 0 1 1 0 1 1 1 1 0 1 1 1 1 1 1 1 1 1 1 1 1 1 1 1 1 1 1 1
213 37 19059 0 0 0 0 1 1 0 0 0 0 0 0 1 1 1 0 0 0 0 0 1 1 0 1 1 1 0 1 0 0 0 1 0 0 0 0 0
214 37 23132 0 0 0 0 0 1 1 0 0 1 0 0 1 1 0 0 0 1 0 0 0 1 0 1 0 1 1 0 0 1 0 0 0 0 0 0 0
215 37 51610 1 0 1 1 1 1 1 1 1 1 1 1 1 1 1 1 1 1 1 1 1 1 1 1 1 1 1 1 1 1 1 1 1 1 1 1 1
216 37 12366 0 0 0 0 0 0 0 0 0 0 1 0 1 0 0 0 0 0 0 0 0 0 0 1 0 1 0 1 0 0 0 0 1 0 0 1 0
217 37 43433 1 1 1 1 1 0 1 1 1 0 1 1 1 1 1 0 0 1 1 1 1 0 0 1 1 1 1 1 1 1 1 1 1 1 0 1 1
218 37 18042 0 0 0 0 0 0 1 0 0 0 1 1 1 1 1 0 1 0 1 1 0 0 0 0 0 0 0 0 0 0 0 0 0 0 1 0 1
219 37 48057 1 1 1 1 1 0 1 1 1 1 1 1 1 1 1 1 1 1 1 1 1 1 1 1 1 1 1 1 1 1 1 1 1 1 1 1 1
220 37 41067 1 1 1 1 1 0 1 1 0 1 0 1 1 1 1 1 1 1 1 1 1 1 1 1 1 1 1 0 1 1 1 0 1 1 1 0 1
221 37 15376 1 0 0 1 1 0 0 1 0 1 0 1 1 0 0 0 0 0 1 0 0 0 1 0 0 0 0 0 1 0 0 0 0 0 0 0 1
222 37 27400 1 1 0 1 1 1 0 0 0 1 0 0 0 0 1 0 1 0 0 0 1 0 0 1 0 0 0 1 0 1 1 1 1 0 0 1 1
223 37 2276 0 0 0 0 1 0 0 0 0 0 0 0 0 0 0 0 0 0 0 0 0 0 0 0 0 0 0 0 0 0 0 0 0 0 0 0 0
224 37 31706 0 0 1 0 1 1 0 1 0 0 0 1 1 0 0 1 1 0 0 1 1 1 0 0 1 1 1 0 1 1 1 0 1 0 1 1 0
225 37 23123 0 0 0 0 0 0 0 1 1 1 0 0 1 1 1 0 0 0 0 1 0 0 1 1 0 1 0 1 1 0 0 1 1 0 0 0 0
226 37 27822 1 0 1 1 1 0 0 0 0 1 0 1 1 1 1 0 0 0 0 1 0 0 0 0 0 1 0 1 0 1 0 1 1 0 0 0 0
227 37 42960 1 0 0 0 1 1 1 1 1 1 1 1 1 1 0 1 1 0 1 1 1 1 1 1 1 1 1 1 1 1 1 1 0 1 1 0 1
228 37 21345 0 0 1 0 0 1 1 0 0 0 0 1 1 1 1 0 0 0 1 0 1 1 1 1 0 0 1 0 1 0 1 0 1 0 0 0 0
229 37 19496 0 0 0 0 1 0 0 1 1 1 1 1 0 0 1 0 0 0 0 0 0 0 1 0 1 0 0 0 0 1 0 0 0 0 0 0 0
230 37 16316 0 1 0 0 1 0 0 0 1 0 0 0 1 1 0 0 0 0 0 1 0 0 0 0 0 1 0 0 0 0 1 0 1 1 0 1 0
231 37 25750 1 0 0 0 1 0 1 0 1 1 0 0 1 0 0 0 0 1 0 0 0 1 0 1 0 0 1 1 0 0 0 1 1 1 1 0 1
232 37 29539 0 1 1 0 1 1 1 1 0 1 1 1 1 1 1 0 0 1 0 0 1 0 0 0 0 0 1 0 0 0 1 1 0 0 1 0 1
233 37 27181 1 0 1 1 0 1 1 0 0 1 0 0 0 0 0 1 0 1 1 1 0 1 1 0 0 0 0 1 0 0 1 1 1 1 0 0 1
234 37 21796 0 1 0 0 0 0 1 0 1 1 0 1 1 0 0 0 1 1 0 1 0 1 0 1 0 0 1 1 0 0 0 1 0 0 0 1 0
235 37 44791 1 0 1 1 1 1 1 1 1 1 1 1 1 1 1 1 1 1 1 1 1 1 1 1 1 1 1 1 1 1 0 1 1 1 1 1 1
236 37 24759 0 1 0 0 0 0 1 0 0 0 1 0 0 1 0 1 0 1 0 1 1 0 0 0 0 1 1 0 1 1 0 1 1 0 1 0 0
237 37 46766 1 1 1 1 1 1 1 1 1 0 1 0 1 1 1 0 1 1 1 1 0 1 1 1 1 1 1 1 0 0 1 1 0 1 1 1 1
238 37 34750 1 1 1 1 1 0 1 1 1 1 1 0 1 0 0 1 1 0 1 0 1 1 1 1 1 0 1 0 1 1 1 1 1 0 1 0 1
239 37 44330 1 1 0 1 1 1 1 1 0 1 1 1 1 1 1 1 1 1 1 1 1 1 1 1 1 1 1 1 1 1 1 1 1 1 1 1 1
240 37 23928 0 1 0 0 0 1 0 0 1 1 1 1 0 1 1 1 0 1 0 1 0 0 0 0 1 1 0 0 0 0 0 1 0 0 1 0 1
241 37 12244 0 0 0 0 0 0 0 1 0 1 1 0 0 0 0 0 0 0 0 0 0 0 0 0 0 0 1 0 0 0 0 0 1 0 1 0 1
242 37 39210 1 1 1 1 1 1 1 1 1 0 1 1 0 1 0 0 1 1 1 1 1 1 0 1 1 1 0 0 0 1 0 1 1 1 1 1 1
243 37 7532 0 0 0 0 0 0 0 1 0 0 0 0 0 0 0 0 0 0 0 0 0 1 0 1 1 0 1 1 0 0 0 0 0 0 0 0 0
244 37 20672 1 0 0 0 0 0 0 0 0 0 1 1 1 1 0 0 1 1 1 1 1 0 0 1 1 0 0 0 0 0 0 1 0 1 0 0 0
245 37 46410 1 0 1 1 1 1 1 1 1 1 1 1 1 0 1 1 0 1 1 1 1 1 1 1 1 0 1 0 1 1 0 0 0 0 1 1 1
246 37 41017 1 1 0 1 0 0 0 1 1 1 0 1 0 1 1 1 1 0 0 1 0 1 1 1 0 1 1 1 1 1 0 0 1 1 1 1 1
247 37 44761 1 1 1 1 1 1 1 1 1 1 1 1 1 1 1 1 0 1 1 1 1 1 1 1 1 1 1 1 1 1 1 1 0 1 1 1 1
248 37 39656 0 1 0 1 1 1 0 1 1 1 0 1 1 1 1 1 0 0 0 1 1 0 1 1 1 0 1 1 0 0 1 1 1 0 1 0 1
249 37 37119 1 0 1 1 1 0 1 1 0 1 1 1 0 0 0 1 0 1 1 0 1 1 1 0 1 0 1 0 1 1 1 1 0 0 1 0 0
250 37 44082 1 1 1 1 1 1 1 1 1 1 1 1 1 1 0 1 0 1 1 1 1 1 1 1 0 1 1 1 1 1 1 1 1 1 1 1 1
251 37 22398 0 1 0 1 0 1 0 0 1 0 0 0 1 1 0 0 1 0 0 0 0 0 1 0 1 1 0 1 1 0 1 1 0 1 0 0 1
252 37 17885 0 0 0 0 1 1 0 0 0 0 1 0 1 0 1 0 0 0 1 0 0 1 0 1 1 0 0 0 0 0 0 1 0 1 0 0 0
253 37 17519 0 0 1 1 0 0 1 0 0 1 0 1 1 0 1 0 0 0 0 0 0 1 0 0 1 0 0 0 1 0 0 0 0 0 0 1 1
254 37 31372 1 0 0 1 1 0 1 1 1 1 0 0 0 0 0 1 1 1 1 1 0 1 1 1 1 1 0 1 0 0 0 1 0 0 1 0 0
255 37 37074 1 1 0 1 1 0 1 1 0 0 1 0 0 0 0 1 1 1 1 1 1 0 1 0 1 1 1 1 1 1 1 1 0 0 1 1 1
256 37 15847 0 0 0 1 1 1 0 0 1 0 0 0 1 1 0 0 0 1 0 0 0 0 1 0 1 1 0 0 0 0 0 0 0 0 0 0 0
257 37 46693 1 1 1 1 1 1 1 1 1 1 1 1 1 1 0 1 1 1 1 1 1 1 1 1 1 1 0 1 1 1 1 1 1 1 1 1 1
258 37 41489 0 1 1 1 1 1 1 1 1 1 1 0 1 0 1 1 1 1 1 0 1 0 0 1 1 1 1 1 1 1 0 1 1 1 1 1 0
259 37 39303 1 1 1 0 1 0 0 1 1 1 1 0 0 1 1 1 1 1 1 0 1 1 1 1 1 1 1 1 0 1 0 1 1 1 0 1 1
260 37 25953 0 1 0 0 1 1 0 1 0 1 1 1 0 0 0 1 0 0 1 1 1 0 0 0 1 0 0 0 1 1 1 0 1 0 1 1 0
261 37 26967 1 0 0 0 1 1 1 1 1 0 0 0 0 0 0 0 1 0 0 0 0 1 0 1 1 1 0 0 1 0 1 0 1 1 0 0 0
262 37 30635 1 0 0 0 0 1 0 1 1 1 0 0 1 1 0 0 0 0 1 1 0 1 0 1 0 0 0 0 1 1 1 1 1 1 1 1 1
263 37 44517 1 1 1 1 1 1 1 1 1 1 1 1 1 1 1 1 1 1 1 1 1 1 1 1 1 1 1 1 0 0 1 1 1 1 1 1 1
264 37 43155 1 1 1 1 0 1 1 0 1 1 1 1 1 1 1 0 1 1 1 1 1 1 1 0 1 1 1 1 0 0 1 0 1 1 1 1 0
265 37 33567 0 1 0 1 1 1 0 1 0 0 1 0 0 1 1 1 0 1 1 0 0 1 0 0 1 0 0 1 1 1 0 1 1 0 1 1 1
266 37 45274 1 1 0 1 1 1 0 1 0 1 0 1 1 1 1 1 1 1 1 1 1 0 1 1 0 1 1 1 1 1 1 1 1 1 1 1 1
267 37 32418 1 0 1 1 0 0 0 0 0 1 1 1 0 1 0 1 0 1 1 1 1 1 1 1 0 0 0 1 0 1 1 0 0 0 1 1 1
268 37 38549 1 0 1 1 0 1 1 0 1 1 1 0 1 1 0 1 0 1 1 0 0 0 1 1 1 1 0 1 0 1 1 1 1 1 0 1 0
269 37 46009 1 1 1 1 0 1 0 1 1 1 1 1 1 1 1 0 1 1 1 1 1 1 1 1 1 1 1 1 1 1 0 1 1 1 1 1 1
270 37 50025 1 1 1 1 1 1 1 1 0 1 1 1 1 1 1 1 1 1 1 1 1 1 1 1 1 1 1 1 1 1 1 1 1 1 1 1 1
271 37 40504 1 0 1 1 1 1 1 0 0 1 1 1 1 1 1 1 1 0 1 1 1 0 1 1 1 1 1 0 1 1 1 1 1 1 1 1 0
272 37 40193 1 0 1 1 1 1 1 1 1 1 1 1 1 1 1 1 0 1 1 1 0 0 1 0 1 0 1 1 0 0 1 1 1 1 1 1 0
273 37 22507 1 1 0 1 1 0 1 1 0 0 0 0 1 1 0 1 1 1 0 0 0 0 1 0 0 0 1 1 0 0 0 0 0 0 0 0 0
274 37 51611 1 1 1 1 1 1 1 1 1 0 1 1 1 1 1 1 1 1 1 1 1 1 1 1 1 1 1 1 1 1 1 1 1 1 0 1 1
275 37 43062 1 1 1 1 1 1 1 1 1 1 1 1 1 1 1 0 1 1 0 1 1 1 1 1 1 1 1 1 0 1 1 1 1 1 0 1 0
276 37 44244 0 1 1 1 1 1 1 1 1 1 1 0 1 1 1 0 1 1 1 1 1 1 1 1 0 1 1 1 1 0 1 1 1 1 1 1 1
277 37 32303 1 0 1 1 1 0 1 0 0 0 1 1 0 1 1 1 0 0 0 1 0 0 1 0 1 1 1 0 0 1 1 1 1 0 1 0 0
278 37 40178 1 0 0 1 0 1 1 1 0 0 1 0 1 0 0 0 0 1 1 1 1 1 1 0 0 0 0 1 1 1 0 1 1 1 1 1 1
279 37 26357 1 1 0 1 1 1 0 0 1 0 1 0 0 0 0 1 1 0 0 1 0 1 0 0 0 1 1 0 1 1 0 0 1 1 1 0 0
280 37 37289 1 1 1 1 1 1 1 1 0 0 0 1 1 1 0 1 1 0 0 0 0 0 1 1 1 1 1 1 1 1 1 1 1 1 1 1 1
281 37 26675 0 1 0 0 1 1 1 0 1 0 0 0 0 1 0 0 1 1 1 1 1 0 1 0 0 1 0 0 0 1 0 0 0 1 0 0 1
282 37 44581 0 1 0 1 1 1 0 1 1 1 1 0 1 1 1 0 1 1 0 1 1 1 1 1 1 1 0 1 1 1 0 1 1 1 1 1 1
283 37 29509 0 1 0 0 1 1 1 1 0 0 0 1 1 0 0 0 0 0 1 0 0 0 1 1 1 0 0 0 1 1 1 1 0 1 0 1 1
284 37 30299 1 0 1 0 0 1 0 1 1 1 0 1 1 1 1 1 1 0 1 1 0 0 0 0 1 0 0 0 0 0 0 1 1 1 0 0 0
285 37 46559 1 1 1 1 1 1 1 1 1 1 1 1 1 1 1 1 1 1 1 1 1 0 1 1 1 1 1 1 1 1 1 0 1 1 1 1 1
286 37 42745 1 1 1 1 1 1 1 1 1 1 1 1 0 0 1 1 1 1 1 1 1 1 1 1 1 1 1 1 0 1 1 1 1 1 1 1 1
287 37 27858 0 0 1 1 0 0 1 0 0 1 0 0 1 1 1 0 1 0 1 0 1 0 1 0 0 0 1 1 0 1 1 1 0 0 0 0 1
288 37 41991 1 1 1 1 1 0 1 0 1 1 1 1 1 1 0 1 1 1 0 1 0 1 0 0 1 1 1 1 1 0 1 1 1 1 1 1 1
289 37 47680 1 1 1 0 1 0 0 1 1 1 0 0 1 1 1 1 1 1 0 1 1 1 1 1 1 1 1 1 1 1 1 1 1 1 1 1 1
290 37 30832 1 0 1 0 0 0 1 0 0 0 1 1 1 1 0 1 0 1 0 1 1 1 1 1 1 1 0 1 0 0 1 1 0 0 0 1 1
291 37 44611 1 1 1 1 1 0 0 1 1 1 0 1 1 1 1 1 1 1 0 1 0 0 0 0 0 1 1 1 1 1 1 1 1 1 1 0 1
292 37 44159 1 1 1 1 1 1 0 1 1 1 1 0 1 1 1 1 1 0 0 0 1 1 0 1 1 1 1 0 1 1 1 1 0 1 1 1 0
293 37 16091 1 1 0 0 0 1 0 0 0 0 0 1 1 0 1 0 0 1 1 0 0 1 0 0 0 0 1 0 0 0 0 0 0 0 1 1 0
294 37 43223 1 0 1 0 1 1 1 0 1 1 0 0 1 1 1 1 1 1 1 1 1 1 1 1 1 1 1 1 1 1 1 1 1 0 1 1 0
295 37 35657 1 1 0 1 0 1 0 0 0 1 1 1 0 0 1 1 1 1 1 1 0 1 1 1 1 1 1 0 0 0 0 0 1 1 1 1 1
296 37 43131 1 1 1 1 1 1 1 1 1 1 1 1 0 1 0 1 1 1 1 1 1 1 1 1 1 1 1 1 0 1 1 0 1 0 1 1 0
297 37 25162 0 0 1 0 1 0 1 1 0 0 1 0 0 0 0 0 0 1 0 1 1 1 0 0 0 0 1 0 1 1 0 1 0 1 0 0 1
298 37 34761 0 1 1 1 0 1 0 0 1 1 1 0 1 0 1 0 1 0 1 1 0 0 0 0 1 0 1 1 0 1 0 1 1 0 1 1 1
299 37 37462 1 1 1 1 1 0 1 1 1 1 0 1 1 0 1 1 0 1 0 1 0 0 1 1 1 0 0 1 0 1 1 1 1 1 1 0 0
300 37 27855 0 1 0 1 1 0 0 1 1 0 1 0 1 0 1 0 1 0 1 0 1 0 1 1 1 0 0 1 0 1 1 0 1 0 0 0 0
301 37 40703 1 1 1 1 0 1 1 1 1 1 1 1 1 0 1 0 1 1 1 1 1 1 1 1 1 1 1 1 1 1 1 1 1 1 1 1 1
302 37 51771 1 1 1 1 1 1 1 1 1 1 1 1 1 1 0 1 1 1 1 1 1 1 1 0 1 1 1 1 1 1 1 1 1 1 1 1 1
303 37 44646 1 1 1 1 1 1 1 1 1 1 1 1 1 1 0 0 1 1 1 1 1 1 1 1 1 1 1 1 1 1 1 1 1 1 0 1 0
304 37 50000 1 1 1 1 1 0 1 1 1 1 1 1 1 1 1 1 1 1 1 1 1 1 1 1 1 1 1 1 1 1 1 1 1 1 1 1 1
305 37 37631 1 1 1 1 1 1 1 1 1 1 1 1 1 1 1 1 1 1 1 1 1 1 1 1 1 1 1 1 0 1 1 1 1 1 1 1 1
306 37 31099 1 1 1 1 1 1 1 0 0 1 1 1 1 1 1 0 1 0 0 0 1 1 1 0 0 1 0 1 1 1 1 1 1 1 1 0 0
307 37 42704 1 1 1 0 1 1 1 1 1 0 0 1 1 1 1 1 1 1 1 1 1 1 1 1 0 1 1 1 1 0 1 1 1 0 1 1 1
308 37 33974 0 0 1 1 1 1 0 1 1 0 0 1 1 0 1 0 0 0 0 1 0 1 1 0 1 1 1 0 1 1 0 0 1 0 1 1 1
309 37 33592 0 1 1 1 0 0 1 0 1 1 1 1 1 0 1 0 1 0 1 0 1 1 0 1 0 0 1 1 0 0 1 1 0 1 1 0 1
310 37 46546 1 1 1 1 1 1 1 0 1 1 1 0 1 1 1 1 1 1 1 1 1 1 1 1 1 1 1 1 1 1 1 1 1 0 1 1 1
311 37 35430 1 0 1 0 1 1 0 0 1 0 1 0 1 1 0 1 0 1 1 1 1 1 1 0 0 0 0 1 1 1 1 0 1 1 1 1 1
312 37 26813 1 0 0 0 1 1 1 1 0 1 1 0 1 0 0 1 0 0 0 0 0 1 0 0 0 0 0 1 0 0 1 0 1 1 0 0 1
313 37 38667 1 1 1 1 0 1 1 1 1 1 1 1 0 1 1 1 1 1 1 0 1 0 1 1 1 1 1 1 1 1 0 1 1 0 1 0 1
314 37 26367 1 1 0 0 0 1 0 1 0 0 1 0 0 0 0 1 0 1 0 0 0 1 0 1 1 1 1 0 0 0 0 0 1 0 0 1 1
315 37 48160 1 1 0 1 1 1 1 1 1 1 1 1 1 1 1 1 1 1 1 1 1 1 1 1 1 1 1 1 1 1 0 1 1 1 1 1 1
316 37 21495 0 1 0 0 1 0 0 0 0 1 0 0 0 0 0 0 1 0 0 1 1 1 1 1 0 1 1 1 1 0 0 0 0 0 0 0 1
317 37 39524 1 1 0 1 1 0 0 1 1 1 1 1 0 1 1 0 0 1 1 1 1 1 1 1 1 1 1 1 0 1 1 0 0 0 0 1 1
318 37 45997 1 1 0 0 1 1 0 1 1 1 1 1 0 1 1 1 1 1 1 0 0 1 1 1 0 1 0 1 1 1 0 1 0 1 0 1 1
319 37 40068 1 1 1 1 1 1 1 1 1 1 1 1 1 1 1 1 0 0 1 1 1 1 0 1 1 1 0 0 1 1 1 1 1 1 1 1 1
320 37 27239 1 0 0 0 0 0 1 1 0 1 1 0 0 1 1 1 0 0 0 1 1 1 0 0 0 0 0 1 0 0 1 0 0 1 1 1 0
321 37 13234 1 0 0 0 0 0 0 0 0 1 0 0 0 0 0 1 0 0 1 1 1 0 0 1 0 0 0 0 0 0 0 0 0 0 0 1 0
322 37 37906 1 0 0 1 1 1 1 1 1 1 0 1 1 0 1 0 0 1 1 0 1 1 1 1 1 1 1 1 1 1 1 0 0 0 1 1 0
323 37 1633 0 0 0 0 0 0 0 0 0 0 0 0 0 0 0 0 0 0 0 0 0 0 0 0 0 0 0 0 0 0 0 0 0 1 0 0 0
324 37 25040 0 1 1 1 0 1 0 0 1 0 1 1 0 0 0 0 1 1 0 0 0 0 1 1 1 1 0 0 1 1 1 0 0 1 1 0 0
325 37 41165 1 1 1 1 1 1 0 1 1 1 1 1 1 1 1 1 1 1 1 1 1 1 1 1 1 1 1 1 1 1 1 1 1 1 1 1 1
326 37 30511 1 1 0 1 0 1 1 1 1 1 0 0 1 1 0 1 1 0 1 0 1 0 1 1 0 1 1 0 1 0 0 0 0 0 0 0 0
327 37 41464 1 1 0 1 1 0 1 1 1 0 1 1 0 1 1 1 1 0 0 0 1 1 1 1 0 1 1 1 1 0 1 1 1 1 0 0 1
328 37 27001 0 1 1 1 1 0 1 1 1 1 0 1 0 0 1 1 1 0 1 0 1 0 0 0 0 0 1 1 1 0 0 0 0 1 1 0 0
329 37 13259 0 0 1 1 0 0 1 0 0 0 0 0 0 0 0 0 0 1 0 0 1 0 1 0 0 0 0 0 0 0 1 0 0 0 0 0 1
330 37 18858 1 0 0 0 1 1 0 1 0 1 0 0 0 0 0 0 1 1 1 0 0 0 0 0 1 0 0 1 0 0 0 0 0 0 0 1 0
331 37 16575 0 1 0 0 0 1 1 0 0 1 0 0 0 0 0 1 1 0 0 0 0 0 0 0 0 0 1 0 1 0 0 0 0 1 1 0 0
332 37 34789 1 0 1 0 1 0 0 1 1 1 1 0 1 0 0 1 1 1 1 0 1 0 0 1 1 1 0 0 0 1 0 0 0 1 1 1 1
333 37 30567 1 0 0 1 0 1 1 0 1 1 1 0 1 0 1 1 1 0 0 0 1 1 1 0 1 0 0 1 0 0 0 0 0 0 0 1 1
334 37 36133 1 1 1 1 1 1 1 0 1 0 1 1 1 0 1 1 1 1 1 1 1 0 0 1 1 1 0 1 1 1 1 0 1 1 1 1 1
335 37 42444 1 1 1 1 1 1 0 1 1 1 1 1 1 1 1 1 1 1 1 1 1 0 1 1 1 1 1 1 1 1 1 1 1 1 0 1 1
336 37 34334 1 1 1 1 1 1 1 1 1 1 1 0 1 0 1 1 1 1 0 1 1 1 1 1 0 0 0 1 1 1 0 1 1 1 1 1 1
337 37 47075 1 1 1 1 1 1 1 1 1 1 1 1 0 1 1 1 1 1 1 1 1 1 1 1 1 1 1 1 1 1 1 1 1 1 1 1 1
338 37 29209 0 0 0 0 1 1 0 1 0 0 0 0 1 0 1 0 0 0 0 0 1 0 0 1 0 1 1 1 1 0 1 1 1 1 0 1 1
339 37 7042 0 0 0 0 0 0 0 0 0 0 0 0 0 0 0 0 0 0 1 0 0 0 0 0 0 0 0 0 0 1 0 1 0 0 0 0 1
340 37 42676 1 1 1 1 1 1 1 1 1 1 1 1 1 1 1 1 1 1 1 1 1 1 1 1 0 0 1 1 1 1 1 1 1 1 1 1 1
341 37 43315 1 1 1 1 1 1 1 1 1 1 0 0 1 1 1 0 0 1 1 1 1 0 1 1 1 1 1 1 1 1 1 1 0 1 0 1 1
342 37 47577 1 1 1 1 1 1 1 1 1 1 1 1 1 1 1 1 1 0 1 1 1 1 1 0 1 1 1 1 1 1 0 1 1 1 1 1 1
343 37 32356 0 0 0 0 0 0 0 0 0 1 0 1 1 0 1 1 1 0 1 1 1 1 1 0 1 1 1 1 0 0 1 1 0 1 0 1 1
344 37 40950 0 0 1 1 1 1 0 0 1 1 1 1 1 1 1 1 1 1 1 0 0 1 1 1 1 1 0 0 0 0 1 1 1 1 0 1 0
345 37 1693 0 1 0 0 0 0 0 0 0 0 0 0 0 0 0 0 0 0 1 0 0 0 0 0 0 0 0 0 0 0 0 0 0 0 0 0 1
346 37 33060 0 0 1 0 0 1 0 1 1 1 0 1 1 1 1 0 1 0 1 1 0 1 1 0 0 1 1 0 1 0 0 1 0 0 1 1 1
347 37 24303 0 0 0 1 0 0 0 1 0 0 1 0 1 1 1 0 1 0 1 0 0 0 1 1 1 1 1 0 0 1 1 1 0 0 1 0 0
348 37 39049 1 1 1 1 1 0 1 1 1 1 1 1 1 0 1 0 1 1 1 1 1 1 1 1 1 1 1 0 0 1 1 1 1 1 1 1 1
349 37 14758 0 0 0 0 0 0 0 1 0 1 1 0 0 0 0 0 0 1 0 0 0 0 1 0 0 1 0 0 0 0 0 0 1 0 0 1 0
350 37 24349 0 0 1 0 0 1 1 0 0 0 0 1 1 0 1 1 0 0 0 1 0 1 0 1 0 0 1 1 1 0 0 1 1 1 0 0 0
351 37 46477 1 1 1 1 1 1 0 1 1 1 1 0 1 1 0 1 1 0 1 1 1 1 1 1 1 1 1 1 1 0 1 0 1 1 1 1 1
352 37 46526 1 1 1 1 1 1 1 1 1 0 0 1 1 1 1 1 1 1 1 1 1 1 1 1 1 1 1 1 1 1 1 0 1 1 1 1 1
353 37 40685 1 1 1 1 1 1 1 1 1 1 1 1 0 1 1 1 1 1 1 1 1 1 1 0 1 1 1 1 1 1 1 1 1 1 1 1 1
354 37 42056 1 1 1 1 1 0 1 1 1 0 1 1 1 1 1 1 0 1 0 1 1 1 1 1 1 1 1 1 1 1 1 1 1 1 1 1 1
355 37 34810 0 0 1 1 1 0 1 0 1 0 1 1 1 1 0 0 1 1 1 1 1 1 1 1 0 1 1 0 1 0 1 1 1 0 1 1 0
356 37 18150 0 0 1 0 1 1 0 0 0 0 1 0 1 0 0 0 0 0 0 0 0 0 1 1 0 0 0 0 0 1 1 0 1 1 0 1 0
357 37 9427 0 0 0 1 0 0 0 1 0 1 0 0 1 0 0 0 1 0 0 0 0 0 0 0 0 0 0 0 0 0 0 1 0 0 0 0 1
358 37 42847 1 1 1 1 1 1 1 1 1 1 0 1 1 1 1 1 1 0 1 1 1 1 1 1 1 1 1 0 1 1 1 1 1 1 1 1 1
359 37 41532 1 1 1 1 1 0 1 1 1 0 1 1 0 1 1 1 1 1 1 1 0 1 1 1 0 1 0 1 1 1 1 1 1 1 1 1 1
360 37 32416 1 1 0 1 0 0 0 1 1 0 0 0 1 0 1 0 1 1 0 1 1 1 0 0 0 1 1 1 1 0 0 0 1 1 1 0 1
361 37 43301 1 1 0 1 1 0 1 1 1 1 1 1 1 1 1 1 1 1 0 1 1 1 1 1 1 1 1 1 1 1 1 1 1 1 1 1 1
362 37 44059 1 1 1 1 1 1 1 0 1 1 1 0 1 0 1 1 1 0 1 1 1 1 1 0 1 1 1 1 1 1 1 0 1 1 0 1 1
363 37 42858 1 0 1 1 0 1 1 1 1 1 0 1 0 1 1 1 0 1 0 1 0 1 1 0 0 0 1 1 1 1 0 1 0 1 0 1 1
364 37 43410 1 1 0 1 1 1 1 0 1 1 0 0 1 1 1 1 1 1 1 0 0 0 1 0 1 1 0 0 1 0 1 1 1 0 1 1 0
365 37 45341 1 1 1 1 1 1 1 1 1 1 1 1 1 1 1 1 1 1 0 1 1 1 1 1 1 1 1 1 1 1 0 1 1 1 1 1 1
366 37 20058 0 0 1 0 0 1 1 1 0 0 1 0 0 1 1 1 0 0 0 0 1 0 1 0 0 0 0 1 0 1 0 0 0 0 0 0 0
367 37 40578 0 1 1 1 0 1 1 0 1 0 0 1 1 1 1 1 0 0 1 1 1 1 0 1 1 0 1 0 0 1 1 1 1 0 1 1 1
368 37 36835 1 0 1 1 1 0 0 0 0 1 1 1 1 1 0 0 1 1 1 1 0 1 1 1 0 1 0 1 1 1 1 1 1 0 0 1 1
369 37 45740 1 1 0 0 1 1 1 1 1 1 1 1 1 1 1 1 1 1 0 0 1 1 1 1 1 1 1 1 1 1 1 1 1 1 1 1 1
370 37 12539 0 0 0 0 0 0 1 0 0 0 0 0 1 1 1 1 1 0 1 0 1 0 0 0 0 0 1 0 0 0 0 0 0 0 0 0 0
371 37 36205 0 0 1 1 1 0 1 0 0 0 1 0 0 0 1 1 0 1 1 0 1 0 0 1 1 1 0 1 1 1 1 1 0 0 1 0 1
372 37 46531 1 1 1 0 1 0 1 1 1 1 1 0 1 1 1 1 1 1 1 1 1 0 1 1 1 1 0 1 1 1 1 1 1 1 1 0 1
373 37 29413 1 0 1 0 0 0 1 0 1 0 0 1 0 1 0 1 1 1 0 1 0 0 0 0 1 1 0 1 0 0 1 1 1 0 0 1 0
374 37 43574 0 1 1 1 1 1 0 1 1 1 1 1 1 1 1 0 1 1 1 0 1 1 1 1 0 0 1 1 1 1 1 0 1 1 0 0 1
375 37 47549 1 1 1 1 1 1 1 1 1 0 1 1 1 1 1 1 1 1 1 1 1 1 1 1 1 1 1 1 1 1 1 1 1 1 1 1 1
376 37 41024 0 0 1 1 0 1 1 1 1 1 0 1 1 1 1 1 1 1 1 1 0 0 1 1 1 0 1 1 1 0 1 1 1 0 1 0 0
377 37 34770 1 0 1 1 0 1 1 1 1 0 1 0 0 1 0 1 1 0 0 1 1 1 0 0 1 1 0 0 0 1 1 1 1 0 0 1 1
378 37 19525 0 1 0 1 0 0 0 0 0 0 0 1 1 1 0 1 1 0 0 1 1 1 0 1 0 0 1 0 0 0 0 0 0 1 0 0 1
379 37 39331 0 1 1 0 1 1 0 1 1 1 0 1 0 1 1 1 1 1 0 1 1 1 1 1 1 1 1 1 0 1 1 0 1 1 1 1 1
380 37 9473 0 0 0 1 0 0 0 0 0 0 0 0 1 0 1 0 0 0 0 0 0 0 0 0 0 0 0 0 1 0 1 0 0 1 0 0 0
381 37 32766 1 1 1 0 1 1 0 1 0 1 0 1 0 0 0 1 1 1 1 0 0 1 0 0 0 1 1 1 1 1 1 0 1 1 1 1 0
382 37 33189 1 0 1 0 0 1 0 1 1 1 0 1 0 1 0 0 1 1 1 1 0 0 1 0 0 0 1 0 0 1 0 1 0 1 1 1 0
383 37 50802 1 1 0 1 1 1 1 1 1 1 1 1 1 1 0 1 1 1 0 1 1 1 1 1 1 1 1 1 1 1 1 1 1 0 1 1 1
384 37 30717 1 1 0 0 1 0 0 1 1 1 0 1 1 1 0 1 1 1 1 1 0 0 0 0 1 1 0 1 1 1 0 0 1 1 1 0 1
385 37 46492 1 1 1 1 1 1 1 1 1 1 1 1 1 1 1 1 1 1 1 1 1 1 1 1 1 1 1 1 1 1 1 1 1 1 0 1 1
386 37 36449 1 0 0 1 1 0 1 1 1 0 0 1 1 0 1 1 1 1 0 0 1 1 1 1 1 0 1 1 0 1 1 1 0 1 1 1 0
387 37 38612 1 1 1 1 1 0 1 0 1 1 0 0 1 1 1 1 1 0 1 1 0 1 0 0 0 1 0 0 0 1 1 1 1 0 1 0 1
388 37 47725 1 1 1 1 1 1 1 1 1 1 1 1 1 1 1 1 1 0 1 1 1 1 1 1 1 1 1 1 1 1 1 1 1 1 1 1 1
389 37 25388 0 0 0 0 1 0 1 1 0 0 1 1 0 1 0 1 1 0 1 1 0 0 0 1 0 0 1 1 0 0 1 0 0 1 0 0 1
390 37 19231 1 0 0 1 0 0 0 0 0 0 1 0 0 0 0 0 0 0 0 1 0 0 1 1 1 1 0 0 0 0 1 1 0 0 1 0 1
391 37 41290 1 0 1 1 1 1 1 1 1 1 1 1 1 0 1 1 1 1 1 0 1 1 0 0 1 1 1 1 1 1 1 1 1 1 1 0 1
392 37 41574 1 1 1 1 1 1 1 0 1 1 0 1 1 1 1 1 0 0 1 1 1 0 1 1 1 0 0 1 0 1 0 0 0 1 1 1 1
393 37 4780 0 0 0 0 0 0 0 0 0 0 0 0 0 0 1 0 0 0 0 0 0 1 0 0 0 0 0 0 0 0 0 0 0 0 0 0 0
394 37 44970 1 0 1 0 1 0 0 1 1 1 0 0 1 1 1 1 0 0 1 1 1 1 0 1 1 1 1 1 1 1 1 1 1 0 1 1 1
395 37 39670 1 1 1 1 1 1 0 1 1 1 0 1 1 1 1 1 1 1 1 1 0 1 1 1 1 1 1 1 1 0 1 0 1 1 1 1 1
396 37 49210 1 1 1 1 1 1 1 1 0 1 0 1 1 1 1 1 1 1 1 1 1 1 1 1 1 1 1 1 1 1 1 1 1 1 1 1 1
397 37 42653 1 1 1 1 0 0 1 1 1 1 1 1 1 1 1 1 0 1 0 1 1 1 0 1 0 1 1 0 0 1 0 0 1 1 1 1 1
398 37 41708 0 0 1 0 1 0 1 1 1 0 0 1 1 1 0 1 0 1 1 1 1 1 0 1 1 0 1 0 1 1 1 1 0 1 0 1 0
399 37 26013 0 0 1 1 0 1 1 1 1 1 1 0 1 0 1 0 1 1 0 0 0 1 1 0 0 0 0 1 0 1 0 0 0 0 0 1 0
400 37 48034 0 0 1 0 1 1 1 1 1 1 1 1 1 1 1 1 1 1 0 1 1 1 1 0 1 1 1 1 1 1 1 1 1 1 0 0 1
401 37 44053 0 0 0 1 1 1 0 1 1 1 1 1 1 1 1 0 1 0 1 1 1 1 0 0 1 1 1 1 0 1 0 1 1 1 1 1 1
402 37 57117 1 1 1 1 1 1 1 1 0 1 1 1 1 1 1 1 1 1 1 1 1 1 1 1 1 1 1 1 1 1 1 1 0 1 0 1 1
403 37 32809 1 1 1 0 1 1 0 0 1 0 1 0 0 1 0 1 0 1 0 1 1 0 0 0 0 0 1 1 1 1 1 1 0 1 0 1 0
404 37 19446 1 0 1 0 0 0 0 1 0 0 0 0 0 1 0 1 1 1 0 0 1 1 1 0 0 0 1 0 0 1 0 0 1 0 0 0 1
405 37 18008 1 1 0 1 0 1 0 0 1 1 0 0 1 0 0 0 0 0 0 1 0 0 0 0 0 1 1 1 0 0 0 1 0 1 0 0 1
406 37 31371 1 1 0 1 0 1 0 1 0 1 0 1 0 1 0 1 1 0 1 0 1 0 1 0 0 0 0 1 0 0 1 0 1 1 1 0 0
407 37 51935 1 1 0 1 1 1 1 1 1 1 1 1 1 1 1 1 1 1 1 1 1 1 1 1 0 1 1 1 1 1 1 1 1 1 0 1 1
408 37 39046 1 0 1 1 1 1 1 0 1 0 1 1 1 1 1 1 1 1 1 1 1 1 0 1 1 0 1 1 0 1 0 1 0 0 1 0 1
409 37 44762 0 1 1 1 1 1 0 0 0 0 1 1 1 1 1 0 1 1 1 1 1 0 1 1 1 1 1 0 1 1 1 0 1 1 1 0 1
410 37 42265 1 0 1 0 1 1 1 1 0 1 1 0 1 1 1 1 0 0 0 1 1 1 1 0 0 1 0 1 1 1 0 1 1 1 0 1 0
411 37 18380 1 0 0 0 0 0 0 0 1 0 1 0 0 0 1 0 0 0 0 0 1 1 0 0 1 0 0 0 1 0 1 0 1 0 0 0 1
412 37 37781 1 1 1 1 0 1 1 1 1 1 1 1 1 1 1 1 1 1 1 1 1 1 0 1 1 1 1 1 1 1 1 0 1 1 1 1 1
413 37 21053 1 1 0 1 0 0 0 0 0 1 0 0 1 0 0 0 1 1 0 0 0 0 0 1 0 1 1 1 1 0 0 0 0 1 0 0 1
414 37 46863 1 1 1 1 1 1 1 1 1 1 1 1 1 1 1 1 1 1 1 1 0 1 1 1 1 1 1 1 1 1 1 1 1 1 1 1 1
415 37 7242 0 0 1 0 0 0 0 0 0 0 0 0 0 0 0 0 0 0 0 0 1 1 0 0 1 0 0 0 0 0 0 0 0 0 0 0 0
416 37 31138 0 1 1 0 0 1 1 1 1 1 1 0 0 0 0 0 0 0 0 1 0 1 0 1 1 1 1 1 1 1 1 1 1 1 1 0 1
417 37 12522 0 0 0 0 0 0 0 0 0 0 0 0 0 1 1 0 0 1 0 1 0 0 1 0 0 0 0 1 0 1 0 0 0 0 0 0 1
418 37 45577 1 1 0 1 0 1 0 0 1 1 1 0 1 1 1 1 1 1 1 1 1 1 1 1 1 1 1 1 1 1 1 1 1 1 1 1 1
419 37 43142 1 1 1 1 1 1 1 1 1 1 1 1 1 1 1 1 1 1 1 1 1 1 1 1 1 1 1 1 1 1 1 1 0 1 1 1 1
420 37 39522 1 1 1 1 1 1 1 1 1 1 0 1 0 1 1 1 1 1 1 1 1 1 1 1 1 0 1 1 1 0 1 1 1 1 1 1 1
421 37 17635 0 1 1 1 0 0 0 0 0 0 0 0 0 1 0 0 0 0 0 0 1 1 0 0 1 0 0 1 0 1 0 0 0 1 0 0 1
422 37 26844 0 1 0 0 0 1 0 1 0 0 0 1 1 1 0 0 1 0 1 1 0 1 0 1 0 1 1 1 0 0 1 0 1 1 1 0 0
423 37 39140 0 0 1 1 0 0 1 1 1 1 0 1 1 1 0 1 1 1 1 0 1 1 0 0 0 1 1 1 1 1 0 1 0 1 1 1 1
424 37 42716 1 1 0 1 0 1 0 0 1 1 1 0 1 0 0 1 0 1 1 1 1 1 0 1 0 1 0 1 0 1 1 1 0 1 1 1 1
425 37 2918 0 0 0 0 0 0 0 0 0 0 0 0 0 0 0 0 0 0 0 1 0 1 0 0 0 0 0 0 0 0 0 0 0 0 0 0 0
426 37 29742 0 0 1 1 0 0 1 0 0 1 0 1 0 0 0 0 1 0 0 1 1 1 1 1 0 1 1 1 0 1 0 0 0 0 0 1 0
427 37 36280 1 0 1 0 1 1 1 1 0 0 1 1 0 1 0 0 1 1 1 0 0 1 1 0 1 0 0 0 1 1 1 1 1 0 1 1 1
428 37 24894 0 1 0 0 1 1 1 0 0 1 0 0 0 0 1 1 1 0 1 0 1 0 1 0 1 1 0 1 1 0 0 1 0 1 0 1 0
429 37 31422 0 0 1 0 1 0 0 0 0 1 1 1 0 1 1 0 1 1 0 0 1 0 1 1 1 0 0 0 0 1 0 1 0 1 1 1 1
430 37 13982 0 1 0 0 0 1 0 0 0 0 0 0 0 0 1 0 1 0 0 1 0 0 0 0 0 0 0 1 1 1 0 0 0 0 0 0 0
431 37 32889 1 1 0 0 1 1 0 1 0 1 1 0 1 0 1 1 1 0 1 0 0 0 0 1 1 1 0 0 1 1 1 1 0 1 1 1 1
432 37 23727 0 0 1 0 1 0 0 0 1 0 1 0 1 1 1 1 0 0 0 0 0 0 0 1 0 0 1 1 0 0 0 1 0 0 0 0 0
433 37 16171 1 1 0 0 0 0 1 0 0 0 0 0 0 0 0 1 0 1 1 1 1 1 0 0 0 1 0 0 0 0 0 0 0 0 1 0 0
434 37 24630 0 1 0 0 1 1 0 0 0 0 1 0 0 1 1 0 1 1 0 1 1 0 0 0 0 1 1 0 1 0 0 0 0 1 0 1 0
435 37 44557 1 1 1 1 0 1 1 1 1 1 1 1 1 1 1 1 1 1 1 1 1 0 1 1 1 1 1 1 1 1 1 1 1 1 1 1 1
436 37 43854 1 1 1 0 1 1 0 1 1 1 1 1 1 0 1 1 1 1 1 1 0 1 1 0 0 1 1 1 0 0 1 0 1 1 1 0 0
437 37 34172 0 1 1 1 1 1 1 1 1 1 0 0 1 0 1 1 1 1 1 1 1 1 1 0 0 0 1 1 1 0 0 0 0 1 0 0 0
438 37 37650 1 1 1 1 1 1 0 1 1 1 1 1 1 1 1 0 0 1 0 1 1 1 1 1 1 1 1 1 1 1 1 1 1 1 0 1 0
439 37 54001 1 1 1 1 1 1 1 1 1 1 1 1 1 1 1 1 1 1 1 1 0 0 1 1 1 1 1 1 1 1 1 1 1 1 1 1 1
440 37 43461 1 1 1 1 1 1 1 1 1 1 1 1 1 0 0 1 1 1 1 1 1 1 1 1 1 1 1 1 1 1 1 1 1 1 1 1 1
441 37 30824 1 0 1 0 0 1 1 1 0 1 1 0 1 0 0 1 0 1 1 1 1 1 0 0 1 1 1 0 0 0 1 0 0 1 0 0 1
442 37 42191 1 1 1 1 1 1 1 1 0 1 0 1 1 1 1 1 1 1 1 1 0 1 1 1 1 1 0 1 0 1 1 1 1 0 1 1 1
443 37 41509 1 1 1 1 1 1 1 1 1 1 1 1 1 1 1 1 1 1 1 1 1 1 1 1 1 1 1 1 1 0 1 1 1 1 1 1 1
444 37 38058 1 1 1 0 0 1 1 1 1 1 1 0 1 0 0 0 1 0 0 1 1 0 1 1 0 1 0 1 1 1 1 0 1 1 0 1 1
445 37 39775 1 0 0 1 1 1 1 1 0 0 1 1 1 0 1 1 0 1 1 1 1 1 0 1 0 1 0 1 1 1 1 0 1 1 1 1 1
446 37 46391 1 1 1 1 1 1 1 1 1 1 1 0 1 1 1 1 1 1 1 1 1 1 1 1 1 1 1 1 1 1 1 1 1 1 1 1 1
447 37 20836 0 0 0 0 1 1 0 0 1 1 0 0 1 0 1 0 0 0 1 1 0 0 0 1 0 0 1 0 1 0 0 0 0 0 0 1 0
448 37 28631 1 0 1 0 1 0 0 1 0 0 1 1 0 0 0 0 1 0 1 0 1 1 1 0 0 1 0 0 1 1 1 1 0 0 0 0 1
449 37 40836 1 0 1 1 0 0 0 1 1 1 1 1 0 1 0 1 0 1 0 1 0 1 1 1 1 1 1 0 1 0 1 1 1 0 1 1 1
450 37 33413 1 0 1 1 1 0 0 0 1 0 1 1 0 0 1 1 0 1 1 0 1 0 0 0 1 0 0 1 0 0 0 1 0 1 1 1 1
451 37 49002 1 1 1 1 1 1 1 1 1 1 1 1 1 1 1 0 1 1 1 0 0 1 1 1 1 1 1 1 1 1 1 0 1 1 0 1 1
452 37 27564 1 1 1 0 0 1 0 0 0 0 1 1 1 0 0 1 0 0 1 1 1 1 0 0 1 0 0 1 0 0 0 0 1 1 0 1 0
453 37 39065 0 1 1 1 1 0 1 0 1 1 0 0 1 1 1 1 0 1 1 0 0 1 1 0 0 1 1 1 1 0 1 1 1 0 1 0 0
454 37 29381 0 0 0 0 1 0 0 0 0 1 0 0 1 0 0 1 0 0 0 1 1 0 0 1 1 1 1 1 1 0 0 1 1 0 1 0 1
455 37 42773 0 0 0 1 1 1 1 1 1 1 1 0 0 0 1 1 1 1 1 1 0 1 1 0 1 1 1 1 1 1 1 0 1 1 1 1 1
456 37 49689 1 0 1 1 1 1 1 1 1 1 1 0 1 1 1 1 1 1 1 1 1 1 1 1 1 1 1 1 1 1 1 0 1 1 0 1 0
457 37 43093 1 1 1 1 1 1 1 1 1 1 0 1 1 1 0 1 1 1 1 1 1 1 1 1 1 1 1 1 1 1 1 1 1 0 1 1 1
458 37 29795 0 1 0 1 1 1 0 1 0 1 0 1 1 0 0 0 1 1 0 0 1 0 0 0 1 0 1 0 0 1 0 1 0 0 1 1 0
459 37 28209 1 0 0 1 1 0 0 0 1 1 0 1 0 1 0 1 0 1 1 0 1 0 1 0 0 0 1 0 0 0 1 1 0 0 1 0 0
460 37 49367 1 1 1 1 1 1 1 1 1 1 1 0 1 0 1 1 1 1 1 1 1 1 1 0 1 1 1 1 1 1 1 0 1 1 0 1 1
461 37 39582 1 1 1 1 0 1 1 1 1 1 1 1 1 1 1 1 1 1 1 1 1 1 1 1 1 1 1 1 1 1 1 1 1 1 1 1 1
462 37 32636 1 1 1 0 0 1 1 0 1 1 0 1 0 1 0 1 1 1 1 0 1 1 1 1 0 1 0 1 0 0 1 0 1 1 1 1 0
463 37 41669 1 0 1 1 0 0 1 1 1 0 0 1 1 1 1 0 1 1 1 1 0 1 0 1 1 0 1 0 0 1 1 0 1 1 0 1 1
464 37 6856 0 0 0 0 0 0 1 0 0 0 0 0 0 0 0 1 0 0 0 0 1 0 0 0 1 0 0 0 0 0 0 0 0 0 0 0 0
465 37 35356 0 0 0 0 1 1 1 1 1 0 1 1 1 0 1 1 1 1 1 1 1 1 0 0 0 0 1 0 0 0 1 1 1 1 1 1 1
466 37 44495 1 1 1 1 1 1 1 1 1 1 1 1 1 1 1 1 1 1 1 1 1 1 1 1 0 1 1 1 1 1 1 0 1 1 1 1 1
467 37 16807 0 0 1 0 1 1 1 0 1 0 0 0 0 0 0 0 1 1 0 0 0 0 0 0 0 1 0 0 0 0 0 1 1 0 0 0 0
468 37 35567 0 1 1 1 1 1 0 0 1 1 1 1 1 1 0 1 0 1 0 1 0 1 0 0 1 1 0 0 1 0 1 0 1 1 0 0 1
469 37 25790 0 0 1 1 1 0 0 0 0 1 0 0 0 0 1 1 1 1 1 0 1 1 0 0 0 1 0 1 1 0 1 1 0 0 0 0 0
470 37 23358 1 0 0 1 0 1 0 0 1 0 0 0 0 0 1 0 1 1 1 0 1 1 0 0 1 0 0 1 0 0 1 0 0 1 1 1 0
471 37 19484 0 0 0 0 1 0 0 1 0 0 1 0 0 1 1 0 0 0 1 0 0 1 1 1 1 1 0 0 0 0 1 0 0 0 0 0 0
472 37 6310 0 0 0 0 0 0 0 0 0 0 0 1 0 0 0 0 0 0 0 0 0 1 0 1 0 0 0 0 0 0 1 0 1 0 0 0 0
473 37 32588 0 1 1 1 0 0 1 0 1 1 1 1 0 0 1 0 0 0 0 1 1 1 1 0 1 1 0 1 1 0 0 1 1 1 0 0 1
474 37 35456 1 1 1 0 1 1 0 1 1 1 0 0 1 1 0 0 0 1 0 0 1 0 0 1 1 0 0 1 0 0 0 1 1 1 0 1 1
475 37 26736 1 1 0 1 0 1 0 1 0 0 1 1 1 1 1 1 0 0 0 1 0 0 1 1 0 0 1 0 1 1 0 0 0 0 0 0 1
476 37 32213 0 0 1 1 0 1 0 1 1 1 1 1 0 1 1 1 1 0 1 1 0 1 0 1 0 0 1 1 1 0 1 0 0 1 0 1 0
477 37 36108 0 0 1 1 1 1 1 1 0 1 1 0 0 0 0 1 1 0 1 1 1 1 1 0 0 1 1 1 0 1 0 1 1 0 0 0 1
478 37 29793 1 1 0 1 1 0 0 1 1 1 0 1 1 0 0 0 0 1 0 1 0 1 0 1 0 0 1 0 1 0 1 0 0 1 1 0 1
479 37 26353 1 0 0 1 0 1 1 0 1 0 0 0 0 1 1 1 1 0 1 0 1 1 0 1 1 0 0 0 0 0 0 1 0 0 0 1 0
480 37 14932 1 1 0 0 0 1 1 0 0 1 0 0 1 0 0 1 1 0 1 0 0 0 1 0 0 0 0 0 0 0 0 0 0 0 0 0 0
481 37 39681 0 0 0 1 1 1 1 0 1 1 1 0 1 1 0 1 1 0 1 1 0 1 1 1 0 1 0 1 0 1 1 0 1 0 1 1 1
482 37 10580 0 0 0 0 0 0 0 0 0 0 0 0 0 1 0 0 0 0 1 0 0 0 0 0 0 0 0 0 1 0 1 0 1 0 0 0 0
483 37 37455 0 1 1 1 1 1 1 0 1 1 1 1 1 0 1 1 1 1 1 0 1 1 1 0 0 1 0 1 1 0 1 1 0 1 0 0 0
484 37 14473 0 0 1 0 0 0 1 0 1 1 0 0 0 0 0 0 0 0 0 0 0 1 0 1 0 0 0 0 0 0 0 0 0 1 0 0 1
485 37 45278 1 1 1 0 1 1 1 1 1 0 1 0 1 1 1 0 1 0 1 1 1 0 1 0 1 1 0 1 0 1 1 1 1 1 0 1 1
486 37 45883 1 1 1 1 1 1 1 1 1 1 1 1 0 1 1 1 1 1 1 1 0 0 1 1 1 1 1 1 1 0 1 1 1 1 1 1 1
487 37 35496 1 0 1 1 1 1 0 0 0 0 1 1 1 1 1 1 1 1 1 0 1 1 0 1 1 0 1 1 1 0 1 0 0 1 0 0 0
488 37 23413 0 0 0 1 0 0 1 1 0 1 1 0 0 1 0 1 0 1 1 1 0 0 0 0 0 0 0 1 0 0 1 1 0 0 0 0 1
489 37 42396 1 1 1 1 1 1 1 0 1 0 1 1 1 1 1 1 1 1 1 1 1 1 1 1 0 1 1 0 1 1 0 1 1 1 1 1 1
490 37 42403 1 1 1 1 1 1 1 1 1 0 0 1 0 1 1 1 0 1 1 1 1 1 1 1 1 1 0 1 1 0 0 1 1 1 1 1 0
491 37 29294 1 1 0 1 1 0 1 1 1 0 1 0 0 1 1 1 0 0 1 1 0 0 1 0 0 1 1 1 0 1 0 1 0 1 1 0 0
492 37 50276 1 1 1 1 1 1 1 1 1 1 1 1 1 1 1 1 1 1 1 1 1 1 0 1 1 1 0 1 1 1 0 1 1 1 1 1 0
493 37 42503 0 1 1 1 0 1 1 1 0 1 1 1 1 1 1 1 1 1 1 1 1 1 0 1 0 0 1 1 1 1 1 1 1 1 1 1 1
494 37 39749 0 1 1 1 1 0 1 1 1 1 0 1 0 1 1 0 1 1 1 1 0 1 0 1 0 0 1 1 1 1 0 0 1 0 1 1 1
495 37 44399 1 1 1 1 1 1 1 1 1 1 0 1 1 1 1 1 1 1 1 1 1 1 1 1 1 1 1 1 1 1 1 1 1 1 1 1 1
496 37 7246 0 0 0 0 0 0 0 0 0 0 1 1 0 0 0 0 0 1 0 0 0 1 0 0 1 0 0 0 0 0 0 0 0 1 0 0 0
497 37 47913 1 1 1 0 1 1 1 1 1 1 1 0 1 0 1 0 1 1 0 1 1 1 0 1 1 1 1 1 0 1 1 1 1 1 1 1 1
498 37 50720 1 0 1 1 1 1 0 1 0 1 1 1 1 1 1 1 1 1 1 1 1 1 1 1 1 1 1 1 1 1 1 1 0 1 1 1 1
499 37 41414 0 1 1 1 0 0 1 1 1 1 1 0 1 1 1 0 1 1 0 1 1 1 1 1 1 1 1 1 0 0 0 0 1 1 1 1 1
500 37 18601 1 1 1 0 0 1 1 0 0 1 0 0 0 1 0 0 0 1 1 0 0 0 0 1 0 0 0 0 0 0 0 0 0 0 0 1 1
