20 22 1936 0 0 0 0 0 0 0 0 0 0 0 0 0 0 0 0 0 0 0 0 0 1
29 22 1393 0 0 0 0 0 0 0 0 0 0 1 0 0 0 0 0 0 0 0 0 0 1
51 22 909 0 0 0 0 1 0 0 0 0 0 0 0 0 0 0 0 0 0 0 0 0 0
60 22 2753 0 0 0 0 0 1 0 0 0 1 0 0 0 0 0 0 0 1 0 0 0 0
156 22 3548 0 0 0 0 0 0 0 0 0 0 0 1 0 0 0 0 0 0 0 1 1 0
163 22 4878 0 0 1 0 0 1 0 0 0 0 0 0 0 0 0 0 1 1 0 0 0 0
164 22 6184 0 0 0 0 0 1 1 0 1 0 0 1 0 0 0 0 0 0 0 1 0 0
167 22 5102 1 1 1 1 0 0 0 0 0 0 0 0 0 0 0 0 0 0 1 0 0 0
168 22 6096 0 0 1 0 0 0 0 1 0 0 0 0 0 1 0 1 0 0 1 1 0 0
182 22 2232 0 0 0 0 0 0 0 0 0 0 0 0 0 0 0 0 0 0 0 0 0 1
193 22 6580 1 0 0 1 0 0 0 0 0 0 0 0 0 0 0 1 0 1 0 0 0 0
202 22 2048 0 0 0 0 0 0 0 0 0 1 0 0 0 0 0 0 0 1 0 0 0 0
230 22 4909 0 0 0 1 0 1 0 0 0 0 0 1 0 0 0 0 0 0 0 0 0 0
253 22 9049 1 1 0 0 0 0 0 1 0 1 0 0 1 0 1 0 0 0 0 0 0 1
262 22 4687 0 1 1 0 0 0 0 0 0 0 0 1 0 1 0 0 0 0 0 0 0 0
286 22 1263 0 0 0 1 0 0 0 0 0 0 0 0 0 0 0 0 0 0 0 0 0 0
295 22 2217 0 0 0 0 0 0 0 0 0 1 0 0 0 0 0 0 0 0 0 0 0 0
336 22 2452 0 0 0 0 0 0 0 0 0 0 0 0 0 0 1 0 0 0 1 0 0 0
347 22 3176 1 1 0 0 0 0 0 0 0 0 1 0 0 0 0 0 0 0 0 0 0 0
398 22 3460 0 1 0 0 0 0 0 0 0 0 0 0 1 0 0 0 0 0 0 0 0 0
424 22 4049 0 1 0 0 0 0 0 0 0 0 0 0 0 0 0 0 0 1 0 0 1 1
454 22 1395 0 0 0 0 0 1 0 0 0 0 0 0 0 0 0 0 0 0 0 0 0 0
456 22 1382 0 0 0 0 1 1 0 0 0 0 0 0 0 0 0 0 0 0 0 0 0 0
508 22 5633 0 0 0 1 0 0 0 1 0 1 0 0 0 1 0 0 0 0 0 1 0 1
523 22 4176 0 1 0 0 0 0 1 0 0 0 0 0 0 0 0 0 0 0 0 0 1 0
561 22 9360 0 0 1 0 0 0 1 0 0 1 0 0 0 0 0 0 0 1 1 1 0 0
575 22 1542 0 0 0 1 0 0 0 0 0 0 0 0 0 0 0 0 0 0 0 0 0 1
577 22 4358 0 1 0 0 0 0 0 0 1 0 0 0 0 0 0 0 0 0 1 0 0 0
639 22 1545 0 0 0 0 0 0 0 0 0 0 0 0 0 0 1 0 0 0 0 0 0 0
646 22 2001 0 0 0 0 0 0 0 0 0 0 0 0 0 0 0 0 1 0 0 0 0 0
692 22 6350 0 0 0 1 0 0 0 1 1 0 1 0 0 0 0 0 0 0 0 0 0 0
720 22 12610 1 0 1 0 0 0 0 0 1 0 0 1 1 0 0 0 1 0 0 0 0 0
737 22 3232 0 0 0 0 0 0 1 0 0 0 0 1 0 0 0 0 0 0 1 0 0 0
738 22 3340 0 0 0 0 0 0 0 0 0 0 0 1 1 0 0 0 0 0 0 0 0 0
748 22 3118 0 0 0 0 0 1 0 1 0 0 0 1 0 0 0 0 0 0 0 0 0 0
837 22 5389 0 0 0 0 0 0 0 0 0 0 0 1 0 0 0 0 0 1 0 0 1 0
869 22 9210 0 0 0 0 0 0 1 0 1 1 1 0 0 1 0 0 0 0 0 0 0 1
894 22 2745 0 0 0 0 0 0 0 0 0 0 0 0 0 0 0 0 1 1 0 0 0 0
900 22 2646 1 0 0 0 0 0 0 0 0 0 0 0 0 0 0 0 0 0 0 0 0 1
907 22 771 0 0 0 1 0 0 0 0 0 0 0 0 0 0 0 0 0 0 0 0 0 0
909 22 1932 0 1 0 0 0 0 0 1 0 0 0 0 0 0 0 0 0 0 0 0 0 0
933 22 3474 0 1 0 0 0 0 0 0 1 0 0 0 0 0 0 0 0 0 0 0 0 1
968 22 1679 0 0 0 0 0 0 0 0 0 0 0 0 0 1 0 0 0 0 0 0 0 1
1019 22 2150 0 0 1 0 0 0 0 0 0 0 0 0 0 0 0 0 0 0 0 0 0 0
1028 22 67536 0 0 0 0 0 0 0 0 0 0 0 0 0 0 1 0 0 0 0 0 0 0
1052 22 4149 0 0 0 0 0 1 0 0 0 0 0 0 0 0 0 0 1 0 0 0 0 0
1086 22 3426 0 0 1 0 0 0 0 0 0 0 0 1 0 0 0 0 0 1 0 0 0 0
1131 22 12294 0 0 0 0 0 1 0 0 0 0 0 0 0 0 0 0 0 0 0 0 0 0
1186 22 3856 0 0 0 0 0 0 0 0 0 0 1 0 0 0 0 0 1 0 0 0 1 0
1227 22 881 0 0 0 0 0 0 0 0 0 0 0 0 0 0 0 0 0 1 0 0 0 0
1260 22 6724 0 0 0 0 1 0 0 0 0 1 0 1 1 0 0 0 0 0 0 0 0 0
1326 22 8584 0 0 1 1 1 0 0 0 0 0 1 0 1 0 0 1 0 0 0 0 0 0
1381 22 2427 0 0 0 0 1 0 0 0 0 0 0 0 0 0 0 1 0 0 0 0 0 0
1382 22 2074 0 0 0 0 0 1 0 0 0 0 0 0 0 0 0 0 0 0 0 0 0 0
1412 22 3960 0 0 0 1 0 0 0 0 0 0 0 0 0 0 0 0 0 0 0 0 0 0
1437 22 7306 1 0 0 0 0 1 0 0 0 0 0 0 1 0 0 0 1 0 0 0 0 0
1452 22 6044 0 1 1 1 0 0 0 0 0 0 0 0 0 0 0 0 0 0 0 0 1 0
1459 22 3858 0 0 0 0 1 0 0 0 0 0 0 0 0 0 0 0 0 1 0 0 0 1
1464 22 3289 0 0 0 0 1 0 0 1 0 0 0 0 0 0 0 0 0 0 0 0 0 0
1468 22 2888 0 0 0 0 0 0 1 0 0 0 0 0 0 0 1 0 0 0 0 0 0 0
1496 22 6869 0 1 0 0 1 0 1 0 0 1 0 0 0 0 1 0 0 0 0 0 0 0
1514 22 2487 0 0 0 0 1 0 0 0 0 0 0 0 0 0 0 0 0 0 0 0 0 0
1516 22 4091 0 0 0 0 0 0 0 0 0 0 1 0 1 0 0 0 0 0 0 0 0 0
1534 22 3943 0 0 0 0 0 1 0 0 0 0 0 1 1 0 0 0 0 1 0 0 0 0
1543 22 1602 0 0 0 0 0 1 0 0 0 0 0 0 0 0 0 0 0 0 0 0 0 0
1564 22 5205 1 0 1 0 1 0 1 0 0 0 0 0 0 0 0 0 0 0 0 0 0 0
1657 22 2652 0 1 0 0 0 0 1 0 0 0 0 0 0 0 0 0 0 0 0 0 0 0
1669 22 5611 1 0 0 1 0 0 0 0 0 1 0 0 0 0 1 0 0 0 0 0 0 0
1690 22 10948 1 0 0 0 1 0 1 0 0 0 0 0 0 1 1 0 0 0 0 1 0 1
1713 22 659 0 0 0 0 0 0 0 0 0 0 0 0 0 0 0 1 0 0 0 0 0 0
1724 22 6797 1 1 1 0 0 1 0 0 0 0 1 0 0 0 0 0 0 1 0 0 0 0
1750 22 7213 0 0 0 0 0 0 0 0 0 0 1 1 0 0 0 0 1 0 0 0 1 0
1779 22 1131 0 0 0 0 0 0 0 0 0 0 0 0 0 0 0 0 0 0 1 0 0 0
1790 22 7115 0 1 0 0 1 1 1 0 0 0 0 0 0 0 0 0 0 1 0 0 0 0
1812 22 2811 0 0 0 1 0 0 0 0 0 0 0 0 0 0 0 0 0 0 0 0 1 0
1842 22 7422 0 0 1 0 1 1 0 0 0 0 0 0 0 1 0 0 1 0 0 0 0 0
1943 22 2788 0 0 0 0 0 0 0 0 0 0 1 1 0 0 0 0 0 0 0 0 0 0
1954 22 2317 0 0 0 0 0 0 1 0 0 0 0 0 0 0 1 0 0 0 0 0 0 0
1985 22 4102 0 0 0 0 0 1 0 0 0 0 0 0 0 0 0 0 0 0 0 0 0 1
