1 30 23524 1 1 1 1 0 1 1 0 1 1 1 1 0 1 1 0 1 1 1 1 1 0 1 1 1 0 1 1 1 0
2 30 25005 0 1 1 0 1 1 1 1 1 0 1 1 0 1 1 1 1 0 0 1 1 1 1 1 0 1 1 1 0 1
3 30 29495 1 1 1 1 0 1 1 1 1 0 1 1 0 1 1 1 1 1 0 0 1 0 1 0 0 0 1 1 1 1
4 30 26196 1 0 1 0 0 0 1 1 1 1 0 0 1 0 0 1 0 1 1 0 1 1 1 1 1 1 1 1 1 1
5 30 26897 1 0 1 1 1 0 1 0 0 1 1 1 0 1 1 1 1 0 1 1 1 1 0 1 1 1 0 1 1 1
6 30 27689 1 1 1 1 1 1 1 1 0 0 1 1 0 1 0 1 0 0 0 0 1 1 0 1 0 1 0 1 1 1
7 30 27616 1 1 1 1 0 1 1 0 1 1 1 1 1 1 1 1 1 1 0 1 1 0 0 0 1 1 1 1 0 0
8 30 28555 0 0 0 0 1 0 1 0 1 0 1 1 1 1 1 1 1 1 1 1 1 1 1 1 1 1 0 1 1 1
9 30 28227 1 1 1 1 0 1 1 0 1 1 1 1 0 1 0 1 1 0 1 1 1 0 1 1 1 1 0 0 1 1
10 30 28087 1 1 0 1 1 0 1 0 0 1 1 1 1 1 1 0 0 1 1 1 1 1 1 0 1 1 1 1 0 1
11 30 24595 1 1 0 1 1 1 0 1 0 1 1 1 1 1 0 1 1 1 0 0 1 1 1 1 0 1 0 1 1 1
12 30 26572 0 1 1 1 1 1 0 1 1 0 1 1 0 1 0 0 1 1 1 1 1 1 1 0 1 1 1 1 0 1
13 30 26453 1 1 1 1 0 1 1 1 1 0 0 1 0 1 1 1 1 1 1 1 1 1 0 0 1 1 1 0 1 1
14 30 24423 1 1 1 1 1 0 1 1 1 0 1 1 1 1 0 0 0 1 0 0 1 1 1 1 1 1 1 0 0 1
15 30 23885 1 1 1 0 1 1 1 1 0 1 0 1 0 1 1 1 0 1 1 1 1 1 1 1 1 1 0 0 1 1
16 30 26967 1 1 0 1 0 1 1 1 0 1 1 1 1 1 0 1 1 1 0 1 1 1 1 1 1 0 1 1 1 0
17 30 25613 1 1 1 0 1 1 1 0 0 1 1 1 0 0 0 1 1 0 0 1 1 1 0 1 1 1 0 1 1 0
18 30 29363 1 1 0 1 0 1 0 1 1 0 1 1 1 1 0 0 0 1 1 1 1 1 1 1 0 0 1 1 1 1
19 30 27414 1 1 0 1 1 1 1 1 1 1 1 1 1 0 1 1 1 0 1 0 1 1 1 0 1 0 1 1 0 1
20 30 28989 1 1 0 1 1 1 1 0 0 1 0 1 0 1 0 1 0 1 1 0 1 1 1 0 1 1 1 1 1 1
21 30 25891 1 0 1 1 0 1 1 1 1 1 0 1 0 1 1 1 1 1 1 0 0 0 1 0 1 1 1 1 0 1
22 30 24769 1 1 1 0 1 1 1 1 0 0 1 1 0 0 1 1 1 1 1 1 1 1 1 0 1 0 0 1 1 0
23 30 27281 1 0 0 0 0 0 1 1 1 1 0 1 1 1 0 1 1 1 1 1 1 1 0 1 1 0 1 1 1 0
24 30 25470 1 1 1 0 1 0 1 1 1 1 0 1 1 0 1 1 1 1 1 1 1 1 0 0 0 1 1 1 0 1
25 30 26238 1 0 0 0 1 1 1 1 1 1 1 1 1 0 1 1 1 1 0 1 0 0 0 1 1 1 0 1 1 1
26 30 25022 1 1 1 0 1 0 0 1 0 1 1 1 1 1 1 1 1 1 1 0 1 0 1 1 1 1 1 0 1 0
27 30 26147 1 0 0 1 1 1 0 1 1 1 1 1 1 0 1 1 1 1 1 1 1 1 0 0 0 0 1 1 1 1
28 30 27278 1 1 0 1 1 1 1 1 0 0 1 1 1 1 1 0 1 1 0 1 1 0 0 1 1 1 1 1 0 1
29 30 26362 0 1 1 1 1 0 1 0 1 0 1 1 1 1 1 0 1 1 1 1 1 1 1 1 1 0 0 1 1 1
30 30 27765 1 0 0 1 1 1 1 1 1 1 1 1 1 1 1 1 0 1 1 1 0 1 0 1 1 1 1 1 0 0
31 30 27886 1 0 1 1 0 1 1 1 1 0 1 1 1 1 1 1 1 1 0 1 1 0 1 0 1 0 0 1 1 1
32 30 26762 1 1 1 1 1 0 1 1 0 1 0 1 1 1 1 1 0 1 0 1 1 0 0 1 1 0 1 1 1 0
33 30 26599 1 1 1 0 1 0 1 1 1 1 1 1 0 1 1 1 0 1 1 1 1 1 0 1 0 0 1 0 1 0
34 30 30429 1 1 1 0 0 1 1 1 0 0 1 1 1 1 1 1 1 0 1 0 0 1 1 1 1 0 1 1 0 1
35 30 24449 0 1 1 0 1 1 1 1 1 1 1 1 1 1 1 1 1 0 1 1 0 0 0 0 1 1 1 0 1 1
36 30 27703 1 1 0 1 1 1 0 1 0 0 0 1 0 1 1 0 1 1 1 1 1 0 1 1 1 0 1 1 1 1
37 30 25676 1 1 1 0 1 1 1 1 0 1 0 1 1 0 0 1 1 1 0 1 1 1 1 1 1 1 1 0 1 0
38 30 28011 1 0 1 0 1 1 1 0 0 0 1 1 1 1 0 1 1 1 1 1 0 1 0 1 1 1 1 1 1 1
39 30 24447 1 0 1 1 1 0 0 0 1 1 0 1 1 1 1 1 1 1 1 1 0 1 1 0 0 1 1 0 1 1
40 30 29220 1 0 1 1 1 1 0 1 1 1 0 1 1 1 0 1 0 0 1 0 1 0 1 1 1 1 1 1 0 1
41 30 26169 1 0 0 1 1 0 1 0 0 1 1 1 0 1 1 0 1 1 1 1 1 1 0 0 1 1 1 1 1 1
42 30 27597 1 0 1 1 0 1 0 1 1 1 1 0 1 1 1 0 1 1 0 1 0 1 0 1 1 1 1 0 1 1
43 30 25957 1 1 1 0 1 1 0 1 1 0 1 1 1 1 1 0 0 1 1 0 1 1 1 1 1 1 1 1 1 0
44 30 26389 1 1 1 0 0 1 1 1 0 1 1 1 1 0 1 1 0 1 1 0 1 1 1 1 1 0 1 1 0 0
45 30 26364 0 0 1 1 1 1 1 1 1 0 1 1 1 1 1 0 1 1 0 1 1 1 0 0 1 1 0 1 0 1
46 30 25562 1 1 0 1 1 0 1 0 1 1 1 1 0 1 1 1 0 1 1 1 0 1 1 1 1 1 0 1 0 1
47 30 25938 1 1 1 0 1 0 1 1 1 0 1 1 1 1 1 1 1 1 1 1 1 0 1 1 1 1 0 1 0 0
48 30 24540 0 0 0 1 0 0 1 1 1 0 1 1 1 1 1 1 1 1 1 1 0 1 1 1 0 0 1 1 1 1
49 30 27219 1 0 1 0 1 1 1 1 1 0 1 0 1 1 1 1 0 1 0 1 1 1 1 1 1 1 1 1 0 0
50 30 27825 0 1 0 1 1 1 1 1 0 1 1 1 1 1 1 1 1 0 1 1 0 1 0 1 1 1 0 1 0 1
51 30 27713 1 1 0 1 1 0 1 1 0 1 1 0 0 1 1 1 1 0 1 1 1 1 0 1 1 1 1 1 1 1
52 30 24929 1 1 1 1 1 1 1 0 1 0 1 1 0 1 1 0 0 1 1 1 1 1 0 1 0 1 1 0 1 1
53 30 24719 0 1 1 1 1 0 0 0 1 1 1 1 0 1 1 1 0 1 1 0 1 1 1 1 1 0 1 1 1 1
54 30 25623 1 1 1 1 1 0 1 1 1 1 1 0 0 1 1 1 1 0 1 0 1 1 1 0 1 0 0 1 1 1
55 30 27206 0 1 0 1 1 0 0 0 1 1 1 1 1 1 1 1 1 1 1 1 1 1 1 1 1 1 1 0 0 1
56 30 27308 1 1 0 1 0 1 1 0 1 1 0 1 1 1 1 0 1 1 1 0 0 1 1 0 1 1 1 0 1 1
57 30 26149 1 1 1 1 1 1 1 1 1 1 1 1 1 1 1 1 1 1 0 1 0 1 0 0 0 1 0 0 0 0
58 30 25864 0 1 1 1 1 1 1 1 1 1 1 0 0 0 1 0 1 1 1 1 1 1 0 1 0 1 0 1 0 0
59 30 26152 0 1 1 1 1 1 1 1 0 0 1 1 1 0 0 1 0 0 0 1 0 1 1 1 1 0 1 1 1 1
60 30 24722 1 1 1 1 0 1 1 1 1 0 1 0 0 1 1 0 1 1 0 1 1 1 0 1 1 0 1 0 1 1
61 30 24752 0 1 1 0 1 1 0 1 0 0 1 1 0 1 1 1 0 1 1 1 1 0 1 1 1 0 1 1 1 1
62 30 27810 1 1 0 0 1 1 1 1 1 0 1 1 1 0 0 0 1 1 1 1 1 1 1 0 1 1 1 0 1 1
63 30 25569 1 0 1 1 1 1 1 1 0 0 1 1 1 0 1 1 1 1 0 1 1 1 0 1 1 1 0 1 1 0
64 30 26074 0 1 1 1 1 1 1 1 0 0 1 1 1 1 1 1 1 0 1 1 0 0 1 1 0 1 1 1 1 0
65 30 24376 0 1 0 1 0 0 1 1 1 1 1 1 1 1 1 0 1 1 1 1 1 1 0 1 0 1 1 0 1 1
66 30 23150 1 1 0 1 1 1 0 0 1 1 1 1 1 1 1 1 1 1 0 1 1 1 0 1 0 0 1 1 1 0
67 30 27876 1 1 1 1 1 0 0 1 0 1 0 0 1 1 1 1 0 1 1 1 1 1 0 1 1 0 1 1 1 1
68 30 29547 0 1 1 1 1 0 1 1 1 1 0 0 1 0 1 1 0 1 1 0 1 0 1 1 1 0 1 1 0 1
69 30 25652 1 0 0 1 1 1 1 1 1 1 0 0 1 0 1 1 1 0 1 1 1 1 1 1 1 0 1 1 1 0
70 30 27850 0 0 0 1 1 1 1 1 1 1 1 1 0 1 0 0 1 0 1 1 0 0 0 1 1 1 1 1 1 1
71 30 26753 1 0 0 0 1 1 1 0 1 1 1 1 1 1 0 1 1 0 1 1 1 1 0 1 0 1 1 1 1 1
72 30 27507 1 0 1 1 0 1 1 1 1 1 1 0 0 1 0 0 1 1 1 1 0 1 1 1 1 0 1 1 1 1
73 30 25176 1 1 1 1 0 1 1 0 1 1 1 1 0 0 1 1 1 0 0 1 0 1 0 1 1 1 1 1 1 1
74 30 24321 0 1 0 1 1 0 1 1 1 1 1 1 0 1 0 1 0 1 1 1 1 1 0 1 1 1 1 0 1 0
75 30 22614 1 1 1 1 1 1 1 0 1 0 1 0 0 1 1 1 1 1 1 0 0 0 1 1 1 0 1 1 1 0
76 30 26938 1 1 1 0 0 1 1 1 1 1 1 1 1 1 1 1 0 0 0 0 0 1 1 0 1 0 1 1 1 1
77 30 27100 1 0 1 1 1 1 1 1 1 1 1 1 0 1 1 1 0 0 1 1 1 0 1 0 0 1 0 0 1 1
78 30 26201 1 1 0 0 1 1 1 1 0 0 1 1 1 1 1 1 0 1 0 0 1 1 1 1 0 1 1 1 0 1
79 30 27733 0 0 1 1 1 1 1 0 1 1 1 0 1 1 0 1 1 1 1 1 1 1 0 0 1 1 0 1 0 1
80 30 24549 1 1 1 1 1 1 0 1 1 1 0 0 1 1 1 1 0 0 1 0 1 1 1 1 1 0 1 0 1 0
81 30 27163 1 0 1 1 0 1 1 0 1 1 0 1 1 0 1 1 1 1 0 0 1 1 1 1 1 1 0 0 1 1
82 30 25524 1 1 1 0 1 0 0 1 1 1 1 1 0 1 1 0 1 0 1 0 1 1 1 1 1 1 1 1 1 1
83 30 28308 1 0 0 1 1 1 1 1 0 0 1 1 0 1 1 1 1 0 1 1 1 1 1 0 1 0 1 1 1 0
84 30 24544 1 1 1 0 1 0 0 1 1 1 1 1 1 1 1 0 1 1 0 1 0 1 0 1 0 1 1 1 1 0
85 30 26645 1 1 1 0 0 1 0 1 1 1 0 0 1 1 1 0 0 1 1 1 0 1 1 1 1 1 1 1 1 0
86 30 23211 1 1 1 0 1 1 0 1 1 1 1 0 0 1 0 1 1 1 1 1 0 0 1 1 0 1 1 1 1 0
87 30 24618 1 0 0 0 1 1 1 1 1 1 1 1 1 1 0 0 0 1 1 1 0 0 1 1 1 1 1 1 1 1
88 30 26202 1 1 1 0 1 0 0 1 1 1 1 1 1 0 1 1 0 1 1 1 1 1 1 1 0 1 1 1 0 1
89 30 29890 1 0 0 0 0 1 0 1 0 1 1 1 0 1 1 1 1 1 1 1 1 1 0 1 0 1 1 1 1 1
90 30 27967 1 0 0 1 1 0 1 1 1 1 0 0 0 0 1 1 0 1 1 1 1 1 1 0 1 1 1 0 1 1
91 30 24153 1 0 1 0 1 1 1 1 0 1 1 1 1 0 1 1 1 0 1 1 1 1 0 1 0 1 1 0 0 1
92 30 27614 1 1 1 1 1 1 0 1 0 1 0 1 1 1 1 1 0 1 0 1 1 0 1 1 1 1 1 1 0 1
93 30 25713 0 1 1 1 0 1 1 1 0 1 1 0 1 0 1 1 1 1 1 0 1 1 1 1 1 1 1 1 1 0
94 30 25268 1 1 0 1 1 1 0 1 1 0 1 1 1 1 1 1 0 1 1 1 1 1 1 1 1 0 0 0 1 0
95 30 28118 0 1 0 0 0 1 0 1 1 1 0 1 1 1 1 1 1 1 1 0 1 1 0 1 1 0 1 1 1 1
96 30 28771 1 1 1 1 1 1 1 1 0 0 1 0 1 1 1 1 0 1 1 0 1 1 0 0 1 1 0 1 0 0
97 30 23565 1 0 1 1 0 0 0 1 1 1 1 1 1 0 1 1 0 1 1 1 1 1 0 0 1 1 1 1 1 0
98 30 26005 1 0 1 1 1 0 1 1 0 1 1 1 1 1 0 0 1 0 1 1 0 1 1 1 1 0 1 1 1 1
99 30 27882 0 1 1 0 1 0 1 1 0 0 0 0 1 1 1 1 1 1 1 1 1 1 0 1 0 1 1 1 1 1
100 30 26209 0 1 0 0 1 1 0 1 1 1 1 1 1 1 1 0 1 0 1 1 1 1 0 1 1 0 1 1 1 0
