1 30 23253 1 1 1 1 1 1 0 1 1 0 1 0 0 1 1 1 1 1 0 1 1 1 0 0 1 0 1 1 1 1
2 30 24756 1 1 0 1 1 0 1 1 1 1 1 1 0 0 1 0 1 0 1 1 1 1 1 1 0 1 0 1 0 1
3 30 29494 0 0 1 1 0 1 1 1 1 1 1 1 0 1 1 0 1 0 1 1 1 1 1 1 1 1 0 1 0 0
4 30 26454 0 1 1 0 0 0 1 1 1 1 1 0 1 1 1 1 1 1 1 1 0 1 1 0 1 0 0 1 1 1
5 30 26866 1 1 0 1 0 1 1 1 1 1 0 1 1 0 1 0 1 1 1 1 1 1 0 1 1 1 0 0 1 1
6 30 28180 1 0 1 1 1 1 1 1 1 1 1 0 1 1 1 0 1 1 1 1 0 1 0 0 0 1 0 1 0 1
7 30 27367 1 0 1 1 1 1 1 0 1 1 0 1 0 1 1 1 0 0 1 1 1 0 0 0 1 1 1 1 1 1
8 30 28565 0 1 1 0 1 0 1 0 1 0 1 1 1 1 1 1 1 1 1 1 1 1 1 1 1 0 0 1 0 1
9 30 27976 1 1 0 1 0 0 1 0 0 1 1 1 1 1 0 1 0 1 1 1 1 1 1 1 1 0 1 0 1 1
10 30 27854 1 0 1 1 1 1 1 0 0 1 1 0 1 1 0 1 0 1 1 0 1 1 0 1 1 1 1 1 0 1
1 30 23270 1 1 0 1 0 1 1 1 1 0 1 1 0 1 1 1 1 0 0 1 1 0 1 1 1 0 1 1 1 1
2 30 24736 1 1 1 0 1 0 1 1 1 0 0 1 1 1 1 0 1 0 0 1 1 0 1 0 1 1 1 1 1 1
3 30 29480 1 1 1 1 0 1 1 0 1 1 1 1 0 1 0 1 1 1 1 0 1 1 0 0 0 1 1 1 0 1
4 30 26445 1 1 0 0 1 1 1 1 1 1 0 0 1 1 1 1 0 0 1 0 1 0 1 0 1 1 1 1 1 1
5 30 26631 1 1 1 1 1 1 0 0 1 1 0 1 1 1 1 0 1 1 1 0 1 0 1 1 0 1 1 0 1 0
6 30 27920 1 0 1 1 1 1 1 1 0 1 1 0 0 1 1 1 1 0 1 0 0 1 1 1 0 1 0 1 0 1
7 30 27353 1 1 1 0 1 1 0 0 1 1 0 1 1 1 1 0 1 0 1 0 1 1 0 0 1 1 1 1 1 1
8 30 28039 0 1 0 1 0 1 1 0 1 0 1 0 1 1 1 0 1 1 1 1 1 0 1 1 1 0 1 1 0 1
9 30 27952 1 1 1 1 0 1 0 0 1 1 1 1 1 1 1 0 1 1 0 1 1 0 0 1 1 1 0 1 1 0
10 30 27610 1 1 0 0 1 1 1 0 1 1 0 0 1 1 1 1 1 0 0 1 1 1 1 0 1 1 1 1 0 0
1 30 23249 1 1 1 1 1 1 1 0 1 1 0 0 1 1 1 1 1 1 0 1 1 0 1 0 0 1 1 1 0 1
2 30 24989 1 1 1 1 1 1 0 1 1 1 1 1 1 0 1 0 1 0 0 1 1 1 1 0 0 1 1 1 1 0
3 30 28981 0 1 1 1 1 1 0 0 1 0 0 1 1 0 1 1 1 1 1 0 0 0 1 1 0 1 1 1 1 0
4 30 26206 0 1 1 1 0 0 0 1 1 1 1 1 1 0 0 1 0 1 1 1 1 1 0 1 1 0 0 1 1 1
5 30 26807 1 1 1 1 0 0 0 1 1 1 1 1 1 1 1 1 1 1 1 0 0 1 0 1 0 1 1 0 1 1
6 30 27938 1 0 1 1 0 0 0 0 1 1 1 0 0 1 1 1 0 1 1 1 1 1 0 1 1 1 1 1 1 0
7 30 27725 1 0 1 0 1 1 1 0 1 1 0 1 1 1 1 1 1 0 1 1 0 1 1 1 1 1 1 1 0 1
8 30 28546 0 0 0 1 1 1 1 0 0 1 1 1 0 1 1 1 1 1 0 1 1 1 1 1 1 1 1 1 0 1
9 30 28170 1 1 1 1 0 0 0 0 1 1 1 1 0 1 0 0 1 1 1 1 0 1 1 1 1 1 1 1 1 1
10 30 28112 1 1 1 1 1 1 1 1 0 0 1 0 0 0 1 1 1 1 1 1 1 1 1 1 1 0 0 1 0 1
1 30 23269 1 1 1 1 1 1 0 1 1 0 1 1 0 1 1 0 1 1 1 1 1 0 0 0 1 0 1 1 1 1
2 30 24996 1 0 0 1 1 0 0 1 1 1 1 1 0 1 1 1 1 0 1 1 1 1 1 0 0 1 1 1 1 1
3 30 29257 1 0 1 1 0 1 1 1 0 1 0 1 1 1 0 0 1 1 1 1 1 1 0 0 0 0 1 1 1 1
4 30 26202 0 1 1 1 0 1 1 1 1 1 1 1 1 0 1 0 0 0 0 0 0 1 1 1 1 1 0 1 1 1
5 30 27122 1 1 1 0 1 1 0 1 1 1 0 1 0 1 1 1 1 1 1 1 0 1 1 0 0 1 1 1 1 1
6 30 27942 1 0 1 1 0 0 1 1 1 1 1 0 0 0 1 0 1 0 1 1 1 1 1 1 0 1 1 1 0 1
7 30 27368 1 1 1 0 0 1 1 1 1 1 1 1 0 1 1 0 1 0 1 0 1 1 0 0 1 1 0 1 1 1
8 30 28049 0 1 0 0 1 0 1 1 1 0 1 1 0 1 1 0 0 0 1 1 1 1 0 1 1 1 1 1 1 1
9 30 27978 1 1 1 1 0 0 0 1 1 1 1 1 0 0 1 0 1 1 1 1 1 0 1 1 1 0 0 1 1 1
10 30 28105 1 1 0 1 1 1 1 1 1 0 1 1 0 0 1 1 1 1 1 1 0 1 1 1 1 0 0 1 0 1
1 30 23275 1 1 1 1 1 1 1 1 1 1 1 1 0 1 1 0 1 0 1 0 1 0 1 0 1 0 1 1 1 0
2 30 25219 1 0 1 1 1 1 0 1 1 1 1 0 1 1 1 0 1 1 0 1 1 1 1 0 1 1 0 1 1 1
3 30 29491 1 1 0 1 0 1 1 0 1 0 0 1 0 1 1 1 1 1 1 1 1 1 1 0 1 0 1 1 0 1
4 30 26427 1 1 1 1 1 0 1 1 1 1 1 1 0 0 1 1 1 0 1 0 1 1 0 0 1 0 1 1 1 0
5 30 27133 1 1 0 0 1 0 0 1 1 1 1 1 1 1 1 1 1 1 1 1 1 1 1 0 1 1 0 1 1 0
6 30 28436 1 1 1 1 1 0 1 0 1 1 0 0 1 1 1 1 0 0 1 1 1 0 1 0 1 1 1 1 1 1
7 30 27135 1 1 1 1 0 1 0 0 1 0 0 1 1 1 0 0 1 1 1 1 1 1 1 0 1 1 1 1 0 0
8 30 28559 0 1 1 1 1 0 1 0 1 0 1 1 0 1 1 1 0 1 1 1 1 1 1 1 1 1 0 1 0 1
9 30 27973 0 1 1 1 1 1 0 0 1 1 1 1 1 1 0 1 1 1 1 0 1 0 1 1 0 0 1 0 1 1
10 30 27852 1 0 1 0 1 1 1 1 1 1 0 1 0 1 0 0 1 1 1 1 1 1 1 1 0 1 1 0 0 1
