1 27 26660 0 1 0 1 1 1 1 1 1 1 1 1 1 1 1 1 1 1 1 1 0 1 1 0 1 1 1
2 27 36477 1 1 1 1 1 1 1 0 1 1 1 1 1 1 1 1 1 1 1 1 1 1 1 1 1 1 1
3 27 20393 1 0 1 0 1 1 0 1 1 1 0 0 0 0 1 1 1 0 1 0 0 1 0 0 1 0 0
4 27 26081 1 0 1 1 1 1 1 0 0 0 1 0 0 0 0 1 1 0 0 0 1 1 0 1 1 1 1
5 27 18162 0 0 0 0 1 0 0 1 1 0 0 1 1 1 0 0 0 0 1 1 1 0 1 0 0 0 0
6 27 27033 0 1 1 0 1 1 0 0 1 0 1 1 0 1 1 0 0 0 1 0 1 1 1 0 1 1 1
7 27 31322 0 1 0 1 1 1 0 1 1 1 0 1 1 1 1 1 0 1 1 1 0 1 1 1 1 1 1
8 27 19105 0 0 1 0 1 0 0 0 1 1 1 1 0 0 1 0 0 0 0 1 1 1 1 1 1 0 0
9 27 33071 0 1 1 1 1 1 0 1 1 1 1 1 1 1 1 1 1 1 1 1 1 1 1 1 1 1 1
10 27 30885 1 1 1 1 1 1 0 1 1 1 1 1 1 1 1 1 1 0 0 1 1 1 1 0 0 1 0
11 27 14236 0 1 0 1 1 0 1 1 1 0 1 0 0 1 1 0 0 0 0 0 0 1 0 0 0 0 0
12 27 31530 0 1 1 1 1 1 1 0 1 1 0 1 1 1 1 1 1 1 0 1 1 1 1 1 1 1 0
13 27 27089 0 0 0 1 1 0 0 1 1 0 0 0 1 1 1 0 0 1 1 1 0 1 0 1 1 1 1
14 27 31730 1 1 1 0 0 1 1 1 0 1 1 0 0 1 1 0 0 1 1 1 0 1 1 1 1 1 1
15 27 28117 1 1 1 1 1 1 1 1 1 1 1 1 1 1 1 0 1 1 1 1 1 1 1 1 1 1 1
16 27 22604 1 1 0 0 1 0 1 0 0 1 1 0 1 1 1 0 1 0 1 0 0 1 1 1 0 0 0
17 27 32968 1 1 1 1 1 1 1 1 0 0 0 1 1 1 0 1 0 1 1 1 1 0 1 1 1 1 0
18 27 12407 0 1 0 0 1 0 0 0 0 0 0 1 1 0 0 0 1 0 0 0 0 0 0 1 0 1 1
19 27 33484 1 1 1 1 1 1 1 1 1 0 1 1 1 1 1 1 1 1 1 1 1 1 1 1 1 1 1
20 27 32922 1 1 1 1 1 1 0 1 1 0 1 0 1 1 1 1 0 1 1 1 1 1 1 1 1 1 0
21 27 23063 1 1 1 0 0 0 1 0 0 1 0 1 0 0 1 1 0 1 1 0 1 1 1 0 0 0 0
22 27 26605 1 1 1 1 1 1 1 0 0 0 1 1 0 0 0 1 0 0 1 0 1 1 1 1 1 1 0
23 27 10882 0 0 0 1 1 0 0 0 0 0 0 0 1 0 0 0 0 0 0 0 0 0 0 1 1 0 0
24 27 27044 1 1 1 1 1 1 0 0 1 1 0 1 0 0 0 1 0 1 0 0 0 1 1 1 0 1 0
25 27 27464 1 0 0 1 0 1 1 1 1 0 1 1 1 1 1 1 0 1 1 0 1 0 0 0 1 0 1
26 27 24002 1 1 1 1 1 1 0 1 1 0 1 0 0 1 0 1 0 0 0 1 0 1 1 0 1 1 1
27 27 17581 1 1 1 1 1 1 0 0 1 1 0 1 0 0 0 1 0 0 0 1 0 0 0 1 1 0 0
28 27 29720 1 1 1 1 1 1 0 1 1 1 1 1 1 1 1 1 1 1 1 1 1 1 1 1 1 1 1
29 27 20259 0 0 1 1 0 1 0 1 0 1 1 0 1 1 0 1 0 0 0 1 0 0 0 1 1 0 1
30 27 29792 1 0 1 1 1 0 1 1 1 0 1 1 0 1 1 1 1 1 1 1 0 1 1 1 1 0 1
31 27 30535 1 1 1 0 1 0 1 0 1 1 1 0 1 0 1 1 1 1 1 1 1 0 1 0 1 1 0
32 27 23102 0 1 0 0 0 0 0 0 0 1 0 1 0 1 0 1 1 0 1 1 1 0 1 0 1 1 1
33 27 38565 0 1 1 1 1 1 1 1 1 1 1 1 0 1 1 1 1 1 0 1 1 1 1 0 1 0 0
34 27 24509 1 1 0 0 1 1 0 1 0 0 1 1 1 1 1 0 0 0 1 1 1 1 1 0 1 1 0
35 27 16294 0 1 1 0 1 0 1 1 0 0 0 1 0 1 0 0 0 0 0 1 1 0 1 0 0 1 0
36 27 28217 1 1 1 1 1 1 1 1 1 1 1 1 1 0 0 0 1 0 1 1 0 0 0 1 1 0 0
37 27 4184 1 0 0 0 0 0 0 0 0 1 0 0 0 0 0 0 0 0 0 1 0 0 0 0 0 0 0
38 27 34003 1 1 1 0 1 1 1 0 1 1 1 1 0 1 0 1 1 1 1 0 1 1 1 1 1 0 0
39 27 26275 1 1 0 0 0 1 0 1 0 1 0 1 0 0 1 1 0 1 1 0 1 1 1 1 1 1 1
40 27 31575 0 1 0 1 1 1 0 1 0 1 1 1 0 1 0 1 1 1 1 1 1 1 1 1 1 1 0
41 27 29178 1 1 1 1 0 1 0 1 1 0 1 1 1 0 0 1 1 0 0 1 0 1 1 1 1 1 1
42 27 12671 0 0 0 1 1 0 0 0 0 1 1 0 0 0 1 0 0 1 0 0 0 0 0 0 0 1 1
43 27 27802 1 0 1 0 1 1 1 1 1 1 1 1 1 1 0 1 1 1 1 0 1 1 1 1 0 1 1
44 27 34839 1 1 1 1 1 1 1 1 1 1 1 1 1 1 1 1 1 1 1 1 1 0 1 1 1 1 1
45 27 25489 0 0 1 1 1 1 1 1 1 1 0 1 0 0 0 1 1 0 1 1 1 1 1 0 0 1 1
46 27 7479 0 0 1 0 1 0 0 1 0 0 1 0 0 1 1 0 0 0 0 0 0 0 0 0 0 0 0
47 27 24156 0 0 0 1 1 1 1 0 1 0 1 1 1 0 1 1 0 1 1 1 0 1 0 0 1 1 0
48 27 22143 1 0 1 1 0 0 0 1 0 0 1 0 1 1 1 0 0 1 0 1 1 0 0 0 0 1 1
49 27 27971 0 1 1 1 1 1 0 1 0 1 0 1 0 1 1 0 0 1 0 1 0 1 1 1 0 1 1
50 27 30219 0 1 1 1 0 1 1 0 1 0 0 1 1 1 0 0 1 1 0 1 1 0 0 1 1 1 1
51 27 23348 1 0 1 1 0 1 0 1 0 0 1 1 0 1 1 0 0 1 1 0 1 1 0 1 0 0 1
52 27 25665 1 1 0 1 1 1 1 0 0 0 0 0 0 0 1 1 1 1 1 1 1 0 0 1 0 1 1
53 27 31544 1 1 1 1 1 1 1 1 1 1 1 1 1 1 1 1 1 1 0 1 1 1 1 1 1 1 1
54 27 29227 0 0 1 1 1 1 0 1 1 0 0 1 0 1 1 1 1 1 1 1 1 1 0 0 1 1 1
55 27 32348 1 1 1 1 0 1 0 1 1 1 1 0 1 1 1 1 1 1 1 1 1 1 1 0 1 1 1
56 27 19935 1 1 0 1 0 0 1 0 0 0 1 0 0 0 0 1 0 1 1 0 1 1 0 1 0 1 1
57 27 24856 0 0 1 0 1 1 0 0 1 1 1 1 1 1 1 0 0 1 0 1 1 1 0 1 0 0 0
58 27 22991 0 0 1 0 1 0 1 1 0 1 0 1 1 0 0 1 0 0 1 1 0 0 1 0 1 1 0
59 27 19479 1 0 0 0 0 1 1 1 1 0 1 1 1 1 0 1 1 0 0 1 0 0 1 0 0 0 1
60 27 12240 0 0 0 0 0 0 1 0 0 1 1 0 1 0 0 0 0 0 1 0 1 0 0 1 0 1 0
61 27 17407 1 0 0 1 1 0 0 0 1 0 0 0 1 1 0 0 0 0 1 0 0 0 0 1 0 1 1
62 27 24478 1 0 1 1 1 0 1 1 1 0 1 0 1 1 1 1 1 1 0 0 1 0 0 0 0 1 1
63 27 32401 1 1 1 1 1 1 1 1 0 1 1 1 1 1 1 1 1 1 1 0 1 1 1 1 1 1 1
64 27 37381 1 1 1 1 1 1 0 1 1 1 0 1 1 1 1 1 1 1 1 1 1 1 1 1 1 1 1
65 27 35777 1 1 1 1 0 1 1 1 0 1 1 0 1 1 1 1 0 1 0 0 1 0 1 1 1 0 1
66 27 32728 1 1 1 1 0 1 1 1 1 1 0 1 1 1 0 1 0 0 1 1 1 1 0 1 1 1 1
67 27 11733 1 1 0 0 0 0 1 0 0 0 0 0 0 0 0 0 0 0 0 0 0 0 0 1 0 1 1
68 27 26599 0 0 0 1 0 1 1 0 1 1 0 1 0 1 1 0 1 1 0 0 1 0 1 1 0 1 0
69 27 32851 0 1 1 1 1 1 1 1 1 1 0 1 1 1 0 1 1 0 1 1 1 1 1 1 0 1 1
70 27 30577 1 0 1 0 0 1 1 1 1 1 0 1 0 1 1 0 1 0 1 1 1 1 1 1 0 0 1
71 27 21297 0 0 0 1 1 0 1 0 0 1 1 1 0 0 0 1 1 1 0 1 0 0 1 0 1 1 1
72 27 35421 1 1 1 0 1 0 1 1 1 1 0 1 1 1 1 1 1 1 1 1 1 1 0 1 0 1 1
73 27 26636 1 1 1 1 1 1 0 1 1 1 1 1 1 0 1 1 1 1 1 1 1 1 1 1 1 1 1
74 27 26344 1 1 1 0 0 0 0 1 1 1 0 0 0 0 0 1 1 1 1 0 0 1 0 1 1 1 1
75 27 24490 0 1 0 1 0 0 0 1 1 0 0 1 0 1 0 1 1 1 1 0 0 0 0 0 1 1 1
76 27 19039 0 0 1 0 0 1 1 0 0 1 0 1 0 0 1 0 0 0 1 0 0 1 1 1 1 0 1
77 27 30011 1 0 1 1 1 1 1 1 1 1 0 1 1 1 1 1 1 1 1 1 0 1 1 1 1 1 1
78 27 13800 1 1 0 1 0 0 1 0 0 1 0 0 1 1 0 0 0 0 0 0 0 0 0 1 1 1 0
79 27 31200 0 1 1 1 1 1 0 1 1 1 1 1 1 1 1 1 1 1 1 1 0 1 1 1 1 1 1
80 27 29176 1 1 0 0 1 1 1 0 0 0 1 1 1 1 1 1 1 1 1 1 0 1 1 1 1 1 1
81 27 24521 1 1 0 1 1 1 1 1 0 0 0 1 0 1 1 1 1 1 1 1 1 0 1 0 0 0 1
82 27 32280 1 1 1 1 0 1 0 1 1 0 0 1 1 1 1 1 1 0 1 1 1 1 1 1 1 1 1
83 27 37390 1 1 1 1 1 1 1 1 1 1 1 1 1 0 1 1 1 1 1 1 1 1 1 1 1 1 1
84 27 1200 0 0 0 0 0 0 0 0 0 0 0 0 0 0 0 0 0 0 0 0 0 0 0 1 0 0 0
85 27 31674 1 1 1 1 1 1 1 1 1 1 1 1 0 1 1 1 1 1 0 1 1 1 1 1 1 0 0
86 27 28599 1 1 1 0 1 1 1 1 1 1 1 1 1 1 1 1 1 1 1 1 1 1 1 1 1 1 1
87 27 2361 0 0 0 0 0 0 1 0 0 0 0 0 0 0 0 0 0 0 0 0 0 0 0 0 0 0 0
88 27 27351 1 1 0 0 1 1 1 1 0 0 0 0 1 0 1 1 0 1 1 1 0 1 1 0 1 1 1
89 27 34117 1 0 1 1 1 1 1 1 1 1 1 1 1 1 1 1 1 1 1 1 1 1 1 1 1 1 1
90 27 18951 1 1 0 1 0 0 0 1 0 1 1 0 0 0 0 1 1 0 0 0 1 0 1 0 1 1 0
91 27 11648 0 0 1 0 0 1 1 0 0 1 0 0 0 0 0 0 0 0 0 1 0 0 0 0 0 1 0
92 27 35545 1 1 1 1 1 1 1 1 1 1 0 1 1 1 1 1 0 1 1 1 1 1 1 1 0 1 1
93 27 31177 1 1 1 1 1 1 1 1 1 1 1 1 1 0 1 0 1 1 1 1 0 1 0 1 0 1 1
94 27 34201 1 1 1 1 1 1 1 1 1 1 1 1 1 1 0 1 1 1 0 1 1 1 1 1 1 1 1
95 27 23045 1 1 0 1 0 1 1 0 0 1 1 0 0 0 1 0 1 1 0 0 1 1 0 1 0 1 0
96 27 33723 1 1 0 1 1 1 1 1 0 1 1 1 1 1 1 1 1 1 1 0 1 0 0 1 1 1 1
97 27 26350 1 1 1 1 1 1 0 1 1 0 1 1 1 1 1 1 1 1 1 0 0 1 1 1 0 1 1
98 27 25227 0 0 1 0 1 1 0 0 1 1 0 0 0 1 0 1 0 1 1 1 0 1 1 1 0 1 1
99 27 11169 1 0 0 0 1 0 1 1 1 0 0 0 0 1 0 0 0 0 0 0 0 0 0 0 0 0 1
100 27 9836 0 1 0 0 0 0 0 1 0 0 0 0 0 0 0 0 1 0 1 0 1 0 0 0 1 1 1
101 27 8883 0 1 0 0 0 0 0 1 1 0 0 0 1 0 0 0 0 0 0 0 0 0 0 0 0 1 0
102 27 18569 0 1 0 0 0 1 0 1 0 0 1 1 1 1 1 0 0 0 0 1 0 0 1 1 0 0 0
103 27 30930 1 1 1 1 1 1 1 0 0 1 0 1 1 1 1 1 1 1 1 1 1 1 1 1 1 0 0
104 27 27209 1 1 1 0 1 1 1 1 0 0 1 0 1 1 1 1 1 0 1 1 1 1 1 1 1 0 1
105 27 27273 1 1 1 0 0 1 1 1 1 1 0 1 1 1 1 1 1 1 1 1 1 1 1 1 1 0 1
106 27 29989 1 1 0 0 1 1 0 0 0 1 0 1 1 1 0 1 1 0 1 1 1 1 0 1 1 1 1
107 27 27986 0 1 1 0 1 1 1 0 0 1 0 0 1 1 1 0 0 1 1 1 0 0 1 1 1 1 1
108 27 29683 0 1 1 0 0 0 0 1 1 1 1 0 1 1 1 1 1 0 0 0 0 1 1 1 1 1 1
109 27 28345 1 0 0 1 1 0 1 1 1 1 0 1 0 1 1 1 0 1 1 1 1 1 1 1 1 1 1
110 27 23110 0 1 1 1 1 1 0 1 1 0 0 1 1 1 1 1 1 0 1 1 0 1 0 0 1 0 1
111 27 21023 1 0 1 1 0 0 0 0 1 0 1 1 0 1 0 1 0 1 0 1 0 1 0 0 1 0 1
112 27 28392 1 1 1 1 1 0 0 0 1 0 1 1 0 1 0 0 1 1 1 1 1 1 1 0 1 1 0
113 27 32370 1 0 1 1 0 1 1 1 0 1 0 0 1 0 1 1 0 0 1 1 0 1 1 1 1 1 1
114 27 16079 0 0 1 0 0 1 0 0 1 1 0 0 0 1 0 0 1 0 1 1 0 0 0 1 1 0 1
115 27 5309 1 0 0 0 0 0 0 0 0 0 1 0 0 0 0 0 0 0 0 0 0 1 0 0 0 0 0
116 27 25662 0 1 0 1 0 1 0 1 1 1 1 1 1 1 0 0 0 1 1 0 0 1 0 0 1 1 1
117 27 26358 1 0 1 1 1 1 1 1 1 1 0 0 1 1 1 1 0 1 1 1 1 1 1 0 1 1 1
118 27 22342 1 0 0 1 1 1 0 0 1 1 0 0 0 1 1 1 1 1 1 1 0 1 1 1 0 0 1
119 27 31386 1 1 0 1 1 1 1 1 1 1 1 1 1 1 1 0 1 1 1 1 1 1 1 1 1 1 1
120 27 23596 1 1 0 0 0 0 0 0 0 1 1 0 1 1 0 1 0 1 1 1 1 0 1 1 0 1 1
121 27 39212 0 1 1 1 1 1 0 1 1 0 1 1 0 1 1 1 1 1 0 1 1 1 1 1 1 1 0
122 27 2238 0 0 0 0 0 0 0 0 1 0 0 0 0 0 0 0 0 0 0 0 0 0 0 0 0 0 1
123 27 12251 0 0 0 0 0 1 0 1 0 1 0 0 0 0 0 1 1 0 0 1 0 0 0 0 1 1 0
124 27 33599 1 0 1 0 1 1 0 1 0 1 0 1 1 1 1 1 1 1 1 1 1 1 1 1 0 1 1
125 27 28399 1 0 1 1 1 1 0 0 0 0 0 1 1 1 1 0 1 1 0 0 1 1 1 1 1 0 1
126 27 28381 1 1 1 1 1 1 1 1 1 1 1 1 1 1 1 1 1 1 1 1 0 1 0 1 1 1 0
127 27 34388 1 0 1 1 1 1 0 1 1 1 1 1 1 0 1 1 1 1 1 1 1 1 1 1 1 1 1
128 27 28627 1 1 0 0 0 1 1 1 1 1 0 1 1 1 1 1 1 1 1 1 1 1 1 1 1 1 1
129 27 30493 1 1 1 1 1 1 1 1 1 1 1 1 1 1 1 1 1 1 1 0 0 1 1 0 1 1 1
130 27 13777 0 0 0 0 0 0 0 0 0 1 0 1 0 0 0 1 0 1 1 1 1 1 0 0 0 0 1
131 27 26418 0 1 0 1 1 1 1 1 0 1 0 1 0 1 0 0 1 1 1 0 1 0 0 1 1 1 0
132 27 18845 1 1 1 1 1 1 1 0 0 1 0 1 0 0 0 0 0 0 1 0 1 0 1 0 0 0 0
133 27 27000 1 1 0 1 0 1 1 1 1 1 1 1 1 0 0 0 0 1 0 1 1 1 1 1 1 0 0
134 27 20521 0 1 1 1 0 1 1 1 1 1 1 0 1 1 0 0 1 1 1 1 1 1 1 0 0 0 1
135 27 28445 1 0 1 1 1 1 1 0 0 0 1 1 1 1 1 1 1 1 0 1 1 1 0 1 1 1 1
136 27 26737 1 1 1 1 1 1 0 1 1 1 1 1 1 1 0 0 1 1 1 0 0 1 0 0 1 0 1
137 27 15714 0 1 1 1 0 0 0 0 0 0 0 0 1 1 0 0 0 1 0 0 0 1 0 0 0 1 1
138 27 6384 0 0 0 0 0 0 0 0 0 0 0 0 1 0 0 0 0 0 0 0 0 0 1 1 0 1 1
139 27 6077 0 0 0 0 0 0 1 0 0 0 0 0 0 0 0 1 0 0 0 0 0 0 1 0 0 0 0
140 27 13902 1 0 0 0 0 1 0 0 0 0 0 1 0 0 1 0 0 1 1 1 1 0 0 0 0 0 1
141 27 24052 0 1 1 1 0 1 0 1 1 1 1 1 1 1 0 1 1 1 0 1 1 1 0 0 1 1 0
142 27 14929 0 1 0 1 0 1 0 1 1 0 1 0 0 0 0 0 1 1 0 0 1 0 0 0 0 1 0
143 27 25177 1 1 1 1 1 1 1 1 0 1 1 1 0 1 1 1 1 0 0 1 1 1 1 1 1 1 1
144 27 12484 0 0 1 0 1 0 0 1 0 0 0 0 0 1 0 0 0 0 0 0 1 0 0 1 1 0 0
145 27 23855 0 0 1 1 0 0 1 0 0 1 1 1 1 1 1 1 1 0 1 0 1 0 0 1 1 1 1
146 27 22519 0 1 0 1 0 1 1 1 1 0 1 0 1 1 1 0 1 0 0 1 0 0 0 1 0 0 1
147 27 31592 1 1 1 0 0 1 0 1 1 0 1 0 1 1 0 1 1 1 1 1 1 1 1 0 1 1 1
148 27 25508 1 1 1 1 0 1 1 0 1 1 0 1 1 0 0 0 1 1 1 0 0 1 0 0 0 0 1
149 27 30487 1 1 1 0 1 1 1 1 1 1 1 1 1 1 0 1 1 1 1 1 1 0 1 1 0 1 1
150 27 6156 0 0 0 0 0 0 0 1 1 1 0 0 0 0 0 0 0 1 0 0 0 1 0 0 0 0 0
151 27 3450 0 0 0 0 0 0 0 0 0 0 0 0 1 0 0 0 0 0 0 0 0 0 0 0 0 1 0
152 27 30503 1 1 1 1 0 1 0 0 0 1 1 1 1 1 1 1 0 1 0 0 1 1 0 1 1 1 1
153 27 22281 1 0 1 1 1 0 0 1 0 0 1 0 1 0 0 1 0 0 0 0 0 1 1 1 0 1 1
154 27 38577 1 1 1 1 1 1 0 1 0 1 1 1 1 1 1 1 1 1 1 1 1 1 1 1 1 1 0
155 27 20492 1 1 0 1 1 0 1 0 0 0 1 0 1 1 0 1 0 1 1 0 1 0 0 1 0 1 0
156 27 0 0 0 0 0 0 0 0 0 0 0 0 0 0 0 0 0 0 0 0 0 0 0 0 0 0 0 0
157 27 13222 1 0 0 0 1 1 0 0 0 0 0 1 0 1 1 0 0 1 0 1 0 0 0 0 0 1 0
158 27 14321 0 0 0 0 0 0 1 0 0 1 0 1 1 1 0 1 0 0 0 0 0 1 0 1 0 0 0
159 27 35146 1 1 1 1 1 1 1 1 0 1 1 1 1 0 1 1 0 1 1 1 0 0 1 1 1 1 1
160 27 24371 1 1 1 1 1 0 1 1 1 1 1 1 1 1 1 1 1 1 1 1 1 1 1 1 0 1 1
161 27 29796 1 1 1 1 1 1 1 0 1 1 1 0 1 1 1 1 1 1 1 0 1 1 0 1 1 1 1
162 27 31023 1 1 1 1 1 1 1 1 1 1 0 0 1 0 1 1 1 1 1 0 1 1 1 1 1 1 1
163 27 31113 1 1 1 1 1 1 1 1 1 1 1 1 1 0 1 1 0 1 0 1 1 0 0 1 0 0 1
164 27 36012 1 0 1 1 1 1 1 1 1 1 1 1 1 1 1 1 1 1 1 0 1 1 0 1 1 0 1
165 27 38052 1 1 1 1 1 1 1 1 0 1 1 0 1 1 1 1 1 1 1 1 1 0 1 1 1 1 1
166 27 27441 0 1 1 1 1 1 1 1 1 1 1 1 1 1 1 1 1 1 0 1 0 1 1 1 0 0 0
167 27 10242 0 0 0 1 0 0 0 0 0 1 0 0 0 0 0 0 1 0 0 0 0 0 0 1 1 0 1
168 27 19857 1 1 0 0 0 0 0 1 0 0 0 1 1 1 1 1 0 1 1 1 1 1 0 1 0 0 0
169 27 26175 0 0 0 1 1 0 1 1 1 1 0 1 0 1 0 1 0 1 0 0 1 0 0 1 1 1 1
170 27 20052 1 0 1 0 0 0 1 0 1 1 1 0 1 1 0 0 0 1 0 1 0 1 0 1 0 1 0
171 27 29845 1 1 1 1 1 0 1 1 0 1 1 1 1 1 1 0 1 1 1 1 1 1 1 1 0 0 1
172 27 28908 1 0 1 0 0 1 1 1 1 0 1 1 0 0 0 1 1 1 1 1 0 0 1 1 1 1 1
173 27 1531 0 0 0 0 0 0 0 0 0 0 0 0 0 0 0 0 0 0 0 0 0 1 0 0 0 0 0
174 27 17698 0 1 1 0 0 1 0 1 1 0 0 1 0 1 1 0 0 0 1 0 1 0 1 0 0 0 1
175 27 19418 0 0 0 1 0 1 0 0 1 1 0 1 0 0 0 1 0 1 0 0 0 1 1 1 0 1 0
176 27 29372 1 0 1 1 0 1 1 1 1 1 1 1 1 1 0 0 1 0 0 1 0 1 1 1 1 1 1
177 27 31776 0 0 1 1 1 0 1 1 0 0 1 1 1 1 0 1 1 0 1 0 1 1 1 1 1 1 1
178 27 21899 0 1 1 1 0 0 0 1 0 1 0 0 1 1 0 0 1 0 0 0 0 1 1 0 0 1 1
179 27 26077 1 1 0 0 1 0 0 1 1 1 1 1 1 0 1 0 1 1 1 1 0 1 1 0 1 0 0
180 27 22108 0 0 0 1 0 1 0 1 1 0 1 1 1 1 1 0 1 0 0 0 0 1 0 1 0 1 0
181 27 21817 1 1 0 1 1 1 1 1 1 1 0 0 1 0 1 1 0 1 1 0 0 0 0 1 1 0 1
182 27 32017 0 1 1 1 1 1 1 1 1 1 1 1 1 1 1 1 1 1 1 1 1 1 1 1 1 1 1
183 27 10804 1 0 0 0 0 0 1 0 0 0 1 1 0 0 0 0 1 0 0 0 0 0 0 0 1 1 0
184 27 35961 1 1 0 1 1 1 1 1 1 1 0 1 1 1 1 1 1 1 1 1 1 0 1 1 0 1 1
185 27 22821 1 1 0 0 0 1 0 0 1 1 1 1 1 0 1 1 0 0 0 0 0 0 0 1 1 0 1
186 27 14191 0 0 0 0 0 0 0 1 0 0 1 1 0 0 0 0 0 0 1 1 1 0 0 0 1 1 1
187 27 36675 1 1 0 1 1 1 1 1 1 1 1 1 1 0 1 0 1 1 0 1 0 1 1 1 1 1 1
188 27 29999 1 1 1 1 1 0 1 1 1 1 0 1 1 1 0 1 1 1 1 0 1 1 1 1 0 1 1
189 27 36134 1 1 1 1 0 1 1 1 1 1 1 1 1 1 1 1 1 1 1 1 1 1 1 0 1 1 1
190 27 33967 1 1 1 0 1 1 1 0 1 1 1 1 1 0 1 0 1 0 1 1 1 1 1 1 1 1 1
191 27 32634 1 1 1 0 1 0 1 1 1 0 1 1 0 1 0 1 1 1 1 1 0 1 1 1 0 0 1
192 27 25913 1 1 1 1 0 1 1 1 0 1 0 0 0 1 1 1 1 1 0 1 0 1 0 0 1 1 0
193 27 25224 1 0 1 0 1 0 1 1 1 1 1 1 1 1 0 1 1 0 0 0 1 1 0 1 1 1 0
194 27 14387 0 0 0 0 1 0 1 1 0 0 0 0 0 0 1 0 0 1 1 1 0 1 0 1 0 0 0
195 27 17920 1 0 0 0 1 0 0 0 0 0 1 1 1 1 0 1 1 0 1 0 1 0 0 1 0 1 0
196 27 34880 1 1 1 1 1 0 1 1 1 1 1 1 1 1 1 1 1 1 1 1 1 1 1 1 1 1 1
197 27 18987 1 1 0 1 1 0 0 0 0 0 1 0 1 0 0 0 0 1 0 1 1 1 0 1 0 0 0
198 27 12487 1 0 0 1 0 0 0 0 0 1 0 0 0 0 0 1 1 0 1 0 0 0 0 0 0 1 0
199 27 4500 0 0 0 0 0 0 0 0 0 0 0 0 0 0 0 0 0 0 0 0 1 0 0 0 1 0 0
200 27 20596 1 0 0 0 1 0 1 0 0 0 1 1 0 0 0 1 0 1 0 1 0 0 1 0 0 0 1
201 27 13798 0 1 0 1 0 0 0 0 0 0 1 0 1 0 0 0 0 0 0 1 0 1 1 1 0 0 0
202 27 13140 0 0 0 0 1 0 0 0 0 0 0 1 1 0 0 0 0 0 1 0 1 1 0 0 0 1 0
203 27 19484 1 0 0 0 0 0 0 0 0 1 1 0 0 0 1 1 1 1 1 0 1 0 0 1 0 0 1
204 27 27009 1 1 0 0 1 1 1 1 0 1 1 0 1 0 0 1 1 1 0 1 1 1 0 1 0 1 0
205 27 35945 1 0 0 1 1 1 1 1 0 1 1 1 1 1 1 1 1 1 1 0 1 1 1 1 0 1 1
206 27 37596 1 0 1 1 1 0 0 1 1 0 1 1 1 1 1 1 1 1 1 1 1 1 1 1 1 1 1
207 27 12416 0 0 0 1 1 1 1 0 0 0 0 0 1 0 1 0 0 0 0 1 0 0 0 0 0 0 1
208 27 20612 0 1 1 1 1 0 0 0 0 0 0 1 0 0 1 1 0 0 0 0 1 1 0 1 0 0 1
209 27 26214 1 1 1 1 0 0 0 1 1 1 0 1 1 0 0 1 1 1 0 1 1 1 0 0 1 1 0
210 27 25774 1 0 0 1 0 1 0 1 1 0 1 1 1 1 0 1 1 0 1 0 1 1 1 0 0 0 1
211 27 19526 0 1 1 0 0 0 1 1 0 1 0 1 0 0 0 1 1 1 1 1 0 0 1 0 0 1 1
212 27 31154 1 1 1 0 1 0 1 1 1 1 1 1 1 1 1 1 1 0 1 1 0 1 0 1 0 0 1
213 27 24658 1 1 1 1 1 1 1 1 1 1 1 1 1 1 1 1 1 0 1 1 1 1 1 1 1 1 1
214 27 26902 1 1 1 1 1 1 0 1 0 1 1 0 0 0 0 1 1 1 1 0 0 0 0 1 1 1 1
215 27 13930 0 0 1 0 0 1 1 1 0 0 0 0 0 1 1 0 0 0 0 1 0 0 0 1 0 0 0
216 27 30613 1 0 1 0 1 1 1 1 0 1 0 1 1 0 1 0 1 1 1 1 1 1 1 1 0 1 0
217 27 13946 1 0 1 1 0 0 0 0 0 0 0 1 0 1 0 1 0 0 0 1 0 0 0 0 0 0 1
218 27 14286 1 0 0 1 1 0 0 0 1 0 1 1 0 0 1 0 0 0 1 0 0 0 0 0 1 0 1
219 27 30545 0 1 1 1 1 1 1 1 1 1 1 1 1 1 1 1 0 1 0 1 0 1 1 1 1 1 1
220 27 32256 1 1 1 0 1 1 0 0 1 1 1 0 1 0 1 1 1 1 1 1 1 1 1 1 1 1 0
221 27 16481 0 1 0 0 0 0 0 0 0 0 1 1 0 0 0 1 1 0 0 0 1 1 0 1 0 1 0
222 27 32700 0 1 1 1 0 1 0 0 1 0 1 0 1 1 1 1 1 1 1 1 1 0 1 1 1 0 0
223 27 9155 0 1 1 0 0 0 0 0 1 0 1 0 0 0 0 0 0 0 1 0 0 0 1 0 0 0 0
224 27 23434 0 0 1 1 0 1 1 1 0 1 0 1 1 1 1 0 0 1 1 1 0 0 1 0 0 1 0
225 27 25841 1 1 1 0 1 1 1 1 1 1 0 0 0 0 0 1 1 1 0 1 1 1 0 0 1 0 1
226 27 24955 0 1 1 0 0 1 1 1 0 1 0 1 1 0 0 1 1 1 1 0 0 0 0 0 1 1 1
227 27 15637 0 0 1 0 0 0 1 1 0 0 0 0 0 1 1 0 0 0 1 1 0 0 1 0 1 0 1
228 27 22592 1 1 1 0 0 0 1 0 1 1 1 0 1 0 0 0 0 0 0 1 0 1 0 1 1 1 0
229 27 25567 0 1 1 0 0 1 0 1 1 1 0 0 1 1 1 1 0 0 1 0 1 1 1 0 1 1 1
230 27 20417 0 1 0 0 0 1 0 1 0 0 1 0 0 0 0 0 1 1 1 1 0 1 1 0 0 1 0
231 27 436 0 0 0 0 0 0 0 0 0 0 0 0 1 0 0 0 0 0 0 0 0 0 0 0 0 0 0
232 27 19679 1 1 0 0 0 1 0 1 0 1 1 1 0 0 1 0 0 1 1 0 1 0 0 0 0 0 0
233 27 8717 0 0 0 0 0 0 0 1 0 1 0 1 0 0 0 0 0 0 1 1 0 0 0 0 1 0 0
234 27 2930 0 0 0 1 0 0 0 0 1 0 0 0 0 0 0 0 0 0 0 0 0 0 0 0 0 0 0
235 27 4547 0 0 0 0 0 0 0 0 0 0 0 0 1 0 0 0 1 0 1 0 0 0 0 0 0 0 0
236 27 32225 1 1 0 1 1 1 1 1 1 1 1 1 0 0 1 1 1 1 1 1 1 1 1 1 1 1 1
237 27 37292 1 1 1 1 1 1 1 1 1 1 1 1 1 0 1 1 1 1 1 1 1 1 1 1 0 1 1
238 27 14544 1 0 1 1 1 0 0 1 0 0 1 0 0 0 0 1 1 1 1 0 0 0 0 0 0 0 0
239 27 28030 1 1 1 1 0 1 1 0 0 0 1 0 1 1 0 0 1 1 0 1 0 0 0 1 1 1 1
240 27 13987 0 0 0 1 0 0 1 1 0 0 0 0 1 0 0 0 1 1 0 0 0 0 0 0 0 1 1
241 27 23193 0 1 0 1 1 0 0 1 0 1 1 1 1 0 0 0 1 0 1 1 0 0 0 0 1 0 1
242 27 19814 0 0 0 0 0 0 1 0 0 0 0 1 1 1 0 0 1 1 0 0 0 0 1 1 1 0 1
243 27 28064 1 1 0 1 1 0 1 0 1 0 0 1 1 1 1 1 1 1 1 1 1 1 1 0 1 0 1
244 27 25355 1 1 1 1 1 1 0 0 0 1 0 1 1 1 1 1 1 1 1 0 1 0 1 0 1 0 0
245 27 7782 0 1 0 0 0 0 1 0 0 0 0 1 0 0 0 1 0 0 0 0 0 0 0 0 0 0 1
246 27 27883 1 1 1 1 1 1 1 0 1 0 1 0 0 1 1 0 1 1 0 0 1 1 0 1 1 0 1
247 27 31586 1 1 1 1 1 1 1 1 0 1 1 1 1 1 1 1 1 1 1 1 1 1 1 1 1 1 1
248 27 20232 0 1 0 1 1 0 0 0 1 1 0 1 0 1 0 1 1 1 0 0 1 0 1 1 0 0 1
249 27 21916 0 0 0 0 0 1 1 0 1 1 1 0 0 0 1 0 0 0 0 1 1 0 1 1 1 0 1
250 27 30030 0 0 0 1 0 0 1 1 0 1 1 1 1 1 1 1 0 0 1 0 0 1 1 1 1 1 1
251 27 29079 1 0 0 1 1 0 1 1 1 1 1 1 1 0 0 0 0 0 0 0 1 1 1 1 1 1 1
252 27 11102 0 0 0 0 0 1 0 0 0 0 1 0 0 0 0 1 1 1 0 0 0 0 1 0 0 0 1
253 27 33530 1 1 1 1 0 1 1 0 1 1 1 1 0 1 1 0 1 1 0 1 1 1 0 0 1 1 1
254 27 36289 0 0 1 1 1 0 0 0 1 1 1 1 1 1 1 1 1 0 1 1 1 1 1 1 1 1 0
255 27 24724 1 1 0 0 1 1 0 1 0 0 1 1 1 0 1 0 1 0 0 1 1 0 0 1 1 0 1
256 27 9727 0 1 0 0 0 0 0 0 0 1 0 0 0 1 0 0 0 1 1 0 0 0 0 0 0 0 0
257 27 28724 1 1 1 1 1 1 1 0 1 1 1 1 1 1 1 1 0 1 1 1 0 1 0 1 1 1 1
258 27 26539 0 1 0 1 1 0 0 0 1 0 1 1 1 0 1 1 0 0 1 0 1 0 1 1 0 1 1
259 27 12380 0 0 0 0 1 1 0 0 1 1 0 0 0 0 0 0 0 1 0 1 1 1 1 0 0 0 0
260 27 21660 1 1 1 1 1 1 0 0 0 0 0 1 0 0 1 1 1 0 0 0 1 0 0 0 0 1 1
261 27 10908 1 0 0 0 0 0 0 0 0 0 1 0 0 0 0 0 0 1 0 0 0 0 1 1 0 0 1
262 27 2380 0 0 0 0 0 0 0 1 0 0 0 0 0 0 0 0 0 0 0 0 0 0 0 1 0 0 0
263 27 30017 1 1 1 1 1 1 0 1 0 1 1 0 1 1 0 1 1 1 1 0 1 0 0 1 0 1 1
264 27 14617 1 1 1 0 0 0 0 1 1 0 0 0 1 1 0 1 0 0 0 0 1 1 1 0 0 0 1
265 27 33680 0 1 1 1 1 0 1 1 1 1 1 1 1 0 1 1 0 1 1 1 1 1 1 1 1 1 0
266 27 33434 0 1 1 0 1 1 1 1 1 1 1 1 1 1 1 1 1 1 1 0 1 1 1 1 1 1 1
267 27 27244 1 0 0 1 1 1 0 0 0 0 0 0 1 1 1 1 0 1 1 1 0 1 1 0 1 1 1
268 27 18731 1 0 1 1 0 1 1 1 1 0 0 0 1 0 1 1 1 0 0 1 0 0 1 1 0 1 1
269 27 17894 1 1 0 0 0 0 1 1 0 0 0 0 0 1 1 0 0 0 0 1 1 1 1 1 0 0 1
270 27 28529 1 1 1 1 1 1 1 1 0 0 1 1 0 0 1 1 1 0 1 0 1 0 0 0 1 1 0
271 27 27096 0 0 0 0 1 0 1 1 1 1 1 1 0 1 1 1 0 0 0 1 0 1 0 0 1 1 1
272 27 29064 1 0 0 1 0 0 1 0 0 1 1 1 1 1 1 1 0 1 0 1 1 1 0 1 1 1 1
273 27 24848 1 1 1 0 1 0 1 1 0 0 0 1 1 1 0 1 1 0 0 0 1 0 1 0 0 1 1
274 27 29146 1 1 0 1 1 1 1 1 0 1 1 0 1 1 1 1 1 1 1 1 1 1 1 1 1 1 1
275 27 33013 1 1 1 1 1 1 1 1 1 0 1 1 1 1 1 0 0 0 1 1 0 1 1 1 0 1 1
276 27 4203 0 0 0 1 1 0 0 0 0 0 0 0 0 0 0 0 0 0 0 0 0 0 1 0 0 0 0
277 27 19808 0 1 1 0 0 1 1 0 1 0 0 0 0 0 1 1 0 1 1 1 0 0 0 0 1 0 1
278 27 29400 1 1 1 1 1 1 1 1 1 1 1 0 0 1 0 1 1 1 1 1 1 1 0 0 1 0 1
279 27 30613 1 1 1 1 1 1 1 0 1 1 1 1 1 1 1 1 1 1 1 1 1 1 1 1 1 1 1
280 27 15383 1 0 0 0 1 0 1 0 0 0 0 0 0 0 1 0 0 0 1 0 1 1 0 1 1 0 0
281 27 21021 0 0 1 0 0 1 0 1 0 0 0 1 1 1 0 0 0 0 0 0 0 1 1 1 0 1 1
282 27 0 0 0 0 0 0 0 0 0 0 0 0 0 0 0 0 0 0 0 0 0 0 0 0 0 0 0 0
283 27 11133 0 0 0 0 0 1 0 0 1 1 1 0 0 0 0 0 0 1 0 0 1 0 0 0 1 0 0
284 27 33741 1 1 1 1 1 1 1 1 1 1 1 1 1 1 1 1 1 1 1 1 1 1 1 1 0 1 1
285 27 29208 1 1 1 1 1 1 1 0 1 1 0 1 1 1 1 1 1 1 0 0 1 1 1 0 1 1 1
286 27 16773 0 1 1 0 0 0 1 1 1 0 1 1 1 0 1 0 0 0 0 1 1 1 0 0 0 1 1
287 27 34331 1 1 1 1 1 1 1 1 1 0 1 1 1 0 0 1 0 1 1 1 1 1 1 1 1 0 1
288 27 23144 1 1 0 1 0 1 0 1 1 0 0 0 0 1 0 1 1 1 1 0 1 1 1 1 0 0 0
289 27 25420 0 1 0 0 1 1 0 1 0 1 1 0 1 1 0 1 0 1 0 0 1 0 1 1 0 1 0
290 27 13517 0 1 0 0 1 0 0 0 0 1 0 1 0 0 0 0 0 0 1 1 1 0 0 0 0 0 0
291 27 25948 1 1 1 1 0 1 1 0 0 0 0 0 1 1 1 1 1 0 0 1 1 0 0 1 0 0 0
292 27 33623 0 1 1 0 0 1 1 0 1 0 1 1 0 1 1 1 0 0 1 1 1 0 1 1 1 1 1
293 27 31325 1 1 0 0 1 1 0 1 0 0 1 1 1 0 0 0 1 1 1 1 0 0 1 1 1 1 1
294 27 4050 0 0 0 1 0 0 0 0 0 0 0 0 0 0 0 1 0 1 0 0 0 0 0 0 0 0 0
295 27 15422 0 1 0 0 1 0 1 1 1 0 0 0 0 0 0 0 0 0 1 1 0 0 1 0 0 0 1
296 27 33589 1 0 1 1 1 1 1 1 1 1 1 1 1 1 1 0 0 1 1 1 1 1 1 1 1 1 1
297 27 12952 1 0 0 0 0 1 1 0 0 0 0 0 0 0 0 0 0 1 0 0 0 1 0 1 1 0 0
298 27 8301 0 0 0 0 1 0 0 1 0 0 0 0 1 1 0 0 0 0 0 0 0 0 0 0 0 1 0
299 27 30803 1 1 0 1 1 1 1 1 1 1 0 1 1 0 1 1 1 0 0 1 1 1 0 1 1 0 1
300 27 29715 0 1 0 1 1 1 1 1 1 1 1 1 1 1 1 1 1 0 1 1 1 0 1 1 1 0 1
301 27 32726 1 1 1 1 1 1 0 1 1 1 1 1 1 1 1 1 1 1 1 1 1 1 1 1 1 1 0
302 27 30624 1 1 1 1 1 1 1 1 0 1 1 1 0 1 1 1 1 0 1 1 1 1 0 1 1 0 1
303 27 15459 0 1 0 0 1 0 0 1 1 0 0 0 0 0 0 0 1 0 0 0 0 0 1 0 1 0 1
304 27 31074 0 1 1 1 1 1 1 1 0 1 1 1 1 1 0 0 0 1 1 1 1 1 1 1 1 0 1
305 27 28169 1 0 1 1 1 0 1 0 0 1 1 1 0 1 1 1 1 0 0 0 1 1 1 0 1 1 1
306 27 24620 1 1 0 1 1 1 0 1 0 0 1 0 1 1 1 1 0 1 1 1 0 1 1 1 0 0 0
307 27 26631 0 0 0 1 1 0 1 1 1 1 1 0 1 1 0 1 1 1 0 1 0 0 0 0 0 0 0
308 27 17483 0 0 0 0 1 0 1 0 1 1 0 0 0 0 1 0 0 0 0 0 1 0 1 0 1 0 1
309 27 29572 1 1 0 1 0 1 0 0 0 1 0 1 1 1 1 1 1 1 1 0 1 1 0 0 0 1 1
310 27 15982 1 1 0 0 0 0 0 1 1 1 1 0 0 1 1 0 0 1 0 0 1 0 0 0 0 0 1
311 27 22032 1 0 0 1 1 0 1 0 1 0 1 1 1 1 0 1 1 1 0 0 1 1 1 0 0 0 0
312 27 21569 1 0 0 1 0 0 0 0 0 1 0 0 1 0 1 1 1 1 1 1 1 0 0 1 1 0 0
313 27 35554 1 1 0 1 1 1 1 1 0 1 1 1 1 1 1 1 1 1 1 1 0 1 1 1 1 1 1
314 27 23066 1 1 0 0 1 1 1 0 1 1 1 1 1 1 0 1 1 1 1 1 1 1 1 0 1 0 1
315 27 18032 0 0 1 0 0 0 0 1 0 0 0 1 0 1 0 0 1 1 0 0 0 1 1 1 1 0 1
316 27 28276 0 1 1 0 1 1 1 1 0 1 1 1 1 0 1 0 1 1 1 1 1 0 0 0 0 0 1
317 27 23072 1 1 1 0 1 1 1 1 1 0 1 0 1 1 0 1 1 0 0 1 0 0 1 1 0 1 0
318 27 29736 1 0 1 0 1 1 1 1 1 0 1 1 1 1 0 1 1 1 0 1 1 1 1 1 0 1 1
319 27 26054 1 0 1 0 0 1 1 1 1 0 1 1 1 0 1 0 0 1 0 0 1 1 1 0 1 1 1
320 27 4213 0 0 0 0 1 0 0 0 0 0 0 0 0 1 0 0 0 0 0 0 0 0 0 0 0 0 0
321 27 17080 0 0 0 1 1 0 0 0 0 0 1 0 0 1 0 1 1 0 0 1 0 1 0 1 1 0 0
322 27 31400 1 0 1 1 1 1 0 0 0 1 1 1 1 1 1 1 1 1 1 1 0 1 1 1 0 1 1
323 27 38754 1 1 1 1 1 1 1 1 1 1 1 1 1 1 1 1 1 1 1 1 1 1 1 0 1 1 1
324 27 22242 1 1 0 0 1 1 1 1 1 0 0 0 1 1 1 0 0 1 0 0 0 0 0 1 0 0 1
325 27 30909 0 0 1 1 1 0 1 1 1 1 1 1 1 1 1 1 0 0 1 0 1 0 1 0 1 0 1
326 27 35648 1 1 1 1 1 1 1 1 0 0 0 1 1 0 1 1 0 1 1 1 1 1 1 0 1 1 1
327 27 7255 0 0 0 0 1 0 0 0 0 0 0 0 0 0 1 0 1 0 0 1 0 0 0 0 1 0 0
328 27 29588 1 1 1 0 1 1 1 1 1 1 1 1 0 1 0 1 0 0 0 0 0 1 1 1 1 1 1
329 27 4929 0 0 0 0 0 0 0 0 0 0 0 0 1 0 1 0 0 1 0 0 0 0 0 0 0 0 0
330 27 28202 1 1 1 1 1 0 1 1 1 1 1 1 0 1 1 1 0 0 0 1 0 1 1 1 1 1 1
331 27 4701 0 0 0 0 0 0 0 1 0 0 0 0 0 0 0 0 0 0 0 0 0 1 0 0 1 0 1
332 27 11589 0 1 1 1 1 0 0 0 1 1 1 0 0 0 0 0 0 0 0 0 1 1 0 0 0 0 1
333 27 35478 1 0 0 1 1 1 0 1 1 1 1 0 1 0 0 1 1 1 1 1 1 1 1 1 1 1 1
334 27 19750 0 0 0 0 1 0 1 0 1 0 0 1 1 0 0 0 0 1 0 1 0 0 0 1 1 1 0
335 27 16564 1 1 0 0 1 1 0 0 1 1 0 0 0 0 0 1 0 0 0 0 1 1 0 1 0 1 0
336 27 16937 0 0 1 0 0 0 0 1 0 1 1 1 0 1 1 0 0 0 1 1 1 0 0 0 0 1 0
337 27 32734 1 0 1 1 1 1 1 0 1 1 1 1 1 1 1 1 1 0 1 1 1 1 1 1 1 1 1
338 27 17810 1 0 0 1 1 0 1 0 0 1 1 0 0 0 1 0 0 0 0 1 0 1 0 0 0 1 0
339 27 17752 0 0 1 1 0 0 0 1 1 0 0 0 1 0 0 1 1 0 0 0 1 0 1 0 0 1 1
340 27 11625 0 1 0 0 0 0 0 0 0 0 0 0 1 1 1 0 0 1 1 1 0 0 0 0 1 1 0
341 27 34456 1 1 1 1 1 1 1 1 1 1 1 1 1 1 1 1 1 0 1 1 0 1 0 1 1 0 1
342 27 26505 1 1 1 0 1 0 1 0 1 1 0 1 1 0 1 1 0 1 1 0 1 0 0 1 0 0 1
343 27 26491 1 1 0 1 1 1 1 1 1 1 1 1 1 0 1 1 1 1 1 0 1 1 0 1 1 0 1
344 27 20645 1 1 1 1 1 0 0 0 0 1 0 1 0 1 1 0 0 1 1 0 0 0 0 0 0 1 0
345 27 12080 0 1 1 0 1 0 0 0 0 0 0 1 0 0 1 0 0 0 1 0 0 0 0 0 0 1 1
346 27 41140 1 1 0 1 1 1 1 1 1 1 1 1 0 1 1 1 1 1 1 1 1 1 1 1 1 1 1
347 27 32257 1 1 1 1 1 1 1 1 1 1 1 1 1 1 1 1 1 1 1 0 1 1 0 1 0 1 1
348 27 27370 0 1 0 1 1 1 0 0 0 0 1 1 1 0 1 1 1 0 0 1 1 0 0 1 1 1 1
349 27 35923 1 1 1 1 0 1 1 1 1 0 1 1 1 1 1 1 1 0 1 1 1 1 0 1 1 1 1
350 27 24562 1 1 1 1 1 1 0 1 1 1 1 0 0 1 1 0 1 1 1 0 1 0 0 1 1 1 1
351 27 32287 1 0 1 1 1 1 1 1 0 0 1 1 1 1 1 1 0 1 1 1 1 1 0 1 1 0 1
352 27 27492 1 1 0 1 0 1 0 0 0 1 1 0 1 1 1 0 1 1 1 0 1 0 0 1 1 1 1
353 27 29606 1 0 1 1 1 1 0 0 1 1 1 1 1 1 0 1 1 1 1 1 1 1 1 0 1 1 1
354 27 34545 1 1 1 1 1 1 1 0 1 1 1 1 1 1 1 1 1 1 0 1 1 0 0 1 1 1 1
355 27 34806 1 0 1 1 1 1 1 1 1 1 1 1 0 1 1 1 1 1 1 1 1 1 1 1 0 0 1
356 27 40520 1 1 1 0 1 1 1 1 1 1 1 1 1 1 1 0 1 1 1 1 1 1 1 1 1 1 1
357 27 29105 1 1 1 1 1 0 0 0 1 0 0 1 1 1 1 1 1 1 0 1 1 0 1 1 1 0 0
358 27 13236 0 1 1 0 0 0 1 0 1 0 1 1 0 0 0 0 0 0 0 0 0 0 0 1 0 0 0
359 27 20490 1 0 1 0 1 0 1 0 0 0 0 1 0 1 1 0 0 0 0 0 1 1 1 0 1 1 0
360 27 30848 1 1 0 1 1 0 1 1 1 1 1 0 1 0 1 1 1 1 0 0 1 0 1 1 1 1 0
361 27 18507 0 1 0 1 1 1 0 1 0 0 1 0 0 1 0 1 0 1 0 0 0 1 0 0 1 0 0
362 27 21263 0 1 0 1 0 1 0 0 0 0 0 1 0 1 1 1 0 0 0 0 0 0 1 1 1 1 1
363 27 30689 1 1 0 1 0 1 1 1 1 0 1 1 0 0 1 1 1 1 0 1 1 1 1 1 1 1 1
364 27 18599 1 1 0 0 1 1 0 1 1 0 0 0 0 0 1 0 1 1 1 0 0 0 0 1 1 1 0
365 27 33745 1 1 1 1 1 0 1 1 0 1 1 1 1 1 1 1 1 1 1 0 0 1 1 1 1 1 0
366 27 17726 1 0 0 0 0 1 1 1 1 0 0 0 0 0 1 1 0 1 0 1 1 0 1 0 0 0 1
367 27 37840 1 1 1 1 1 1 1 1 1 1 1 1 1 1 1 0 1 1 1 1 1 1 0 0 1 1 1
368 27 30962 1 0 1 0 0 0 1 0 0 1 1 0 1 1 0 1 1 1 0 1 0 1 1 1 1 0 1
369 27 17594 1 1 0 1 1 0 0 0 0 0 1 1 0 0 1 0 0 0 1 0 1 1 0 0 1 1 0
370 27 3540 0 0 0 0 0 0 0 0 0 0 0 0 0 0 1 0 0 0 0 0 1 0 0 0 0 0 0
371 27 38841 1 1 1 1 1 0 1 1 1 1 1 1 0 1 0 1 1 1 1 1 0 1 0 1 1 1 1
372 27 34927 1 1 1 1 1 1 1 1 1 0 1 1 1 1 1 1 1 1 1 1 1 1 1 0 0 1 1
373 27 35622 1 0 0 1 1 1 1 1 1 1 1 0 0 1 1 0 1 1 1 1 1 1 1 1 1 1 1
374 27 34714 1 1 1 1 1 1 1 1 1 1 1 1 1 1 0 1 1 1 1 1 1 1 0 1 1 0 1
375 27 28217 1 1 1 1 0 1 0 1 0 1 1 1 1 1 1 1 1 1 0 1 1 1 1 1 0 1 0
376 27 16329 0 1 0 1 1 0 0 0 0 1 1 0 0 0 0 0 1 0 0 1 0 0 1 1 0 1 0
377 27 31710 1 1 1 0 1 1 1 0 1 1 1 1 1 1 1 1 1 1 0 0 1 1 0 1 1 1 1
378 27 33075 1 1 1 0 0 1 1 0 1 0 1 1 0 1 0 1 0 1 1 1 1 0 1 1 0 1 1
379 27 27572 1 1 0 1 1 1 1 1 1 1 0 1 1 1 1 1 1 1 1 0 1 1 1 1 0 1 0
380 27 8328 0 0 0 0 0 0 0 0 0 1 0 1 1 0 0 0 1 0 0 0 1 0 0 0 0 0 0
381 27 9361 1 0 0 0 0 0 0 0 0 0 0 0 0 0 0 0 0 0 0 0 0 1 1 1 0 0 1
382 27 29574 1 1 0 0 1 0 1 1 1 1 1 1 1 1 1 1 1 1 1 1 1 1 1 1 1 1 1
383 27 35012 1 1 1 1 1 1 1 1 1 0 1 1 1 1 1 1 1 1 1 1 1 1 0 1 1 1 1
384 27 22193 0 1 0 1 0 0 1 0 1 1 1 0 1 1 1 1 0 1 1 0 0 1 1 0 1 0 1
385 27 14761 0 0 0 1 1 0 0 0 0 0 0 0 0 0 0 0 1 0 0 1 1 1 1 0 0 0 1
386 27 9054 0 0 0 0 0 0 1 0 1 0 0 0 0 1 0 0 0 0 0 0 1 0 0 0 0 1 0
387 27 27367 1 1 1 0 1 0 0 1 1 0 0 0 1 1 0 0 0 1 1 1 1 1 1 1 1 1 1
388 27 27315 0 1 1 1 0 1 0 1 0 1 1 1 1 1 0 1 1 1 1 1 1 1 1 1 0 1 1
389 27 17149 0 0 1 1 1 1 0 0 0 1 0 0 0 1 0 1 1 0 0 0 0 1 1 0 1 0 0
390 27 33674 1 1 0 0 1 1 1 1 1 1 1 1 1 1 1 1 1 1 1 1 1 1 1 1 1 1 1
391 27 37762 1 1 1 1 1 1 1 1 1 1 0 1 1 1 1 1 1 1 1 1 1 1 1 1 1 1 1
392 27 2980 0 0 0 0 0 0 1 0 0 0 0 1 0 0 0 0 0 0 0 0 0 0 0 0 0 0 0
393 27 26330 1 1 1 1 1 1 1 0 0 1 1 1 1 0 1 1 0 1 1 1 1 1 1 0 1 0 0
394 27 35417 1 1 1 1 1 0 1 1 1 1 1 1 1 1 0 1 1 1 1 1 1 1 1 1 1 1 1
395 27 27134 1 1 0 1 1 1 1 1 1 1 1 1 1 1 1 0 1 1 1 0 1 0 1 1 0 1 0
396 27 30570 1 0 1 1 1 1 1 1 1 1 1 1 0 1 1 0 0 1 1 1 1 0 1 0 1 0 0
397 27 34843 1 1 1 0 1 0 1 0 0 0 1 1 1 1 1 1 1 1 1 1 0 1 1 1 1 1 0
398 27 24193 1 0 0 1 1 1 0 0 0 1 1 0 0 0 0 1 1 0 1 1 0 0 0 1 1 1 1
399 27 26305 1 1 0 1 1 1 1 0 0 0 1 0 0 0 0 0 1 1 1 0 1 0 1 1 0 1 1
400 27 25448 1 1 1 1 1 1 1 1 1 1 1 0 1 1 1 0 0 1 0 1 0 1 0 1 0 0 0
401 27 34874 1 1 1 1 0 0 0 1 1 1 1 1 1 1 1 1 1 1 1 1 1 1 1 1 1 1 1
402 27 16355 0 0 0 0 1 0 0 0 0 1 1 0 0 1 0 0 0 0 0 0 0 0 1 0 1 1 1
403 27 32256 0 1 1 1 1 1 1 1 1 1 1 0 1 1 0 1 1 1 1 1 1 1 1 0 1 1 1
404 27 15186 1 1 0 1 1 0 0 0 0 1 0 0 1 0 0 0 0 0 1 0 1 1 0 0 0 1 0
405 27 17174 1 0 0 0 0 0 0 1 0 1 1 1 0 0 0 0 1 0 1 1 0 0 0 1 0 0 1
406 27 14018 0 1 0 1 0 1 0 0 0 0 0 0 0 0 0 0 1 0 1 1 0 0 0 0 0 0 1
407 27 16866 0 1 0 0 0 0 0 0 1 0 1 1 1 1 0 0 1 1 0 0 0 1 0 0 1 1 0
408 27 10089 0 1 0 1 0 0 0 0 0 1 0 0 1 0 0 0 0 0 0 1 0 0 0 1 0 0 0
409 27 14230 0 0 0 0 0 1 0 1 0 1 0 0 0 1 0 0 0 1 1 0 1 0 0 0 0 0 1
410 27 28266 1 0 0 0 1 0 1 1 1 1 1 1 0 0 1 1 1 1 1 1 0 0 1 1 0 0 1
411 27 2485 0 0 0 0 0 0 0 0 0 0 0 0 0 0 0 0 1 0 0 0 0 0 0 0 0 0 0
412 27 38813 0 0 1 1 1 0 1 0 0 1 1 1 1 1 1 1 1 1 1 1 1 1 0 1 1 1 1
413 27 18455 1 0 0 1 0 1 1 0 1 0 0 0 0 0 0 1 0 0 0 1 1 0 1 0 1 0 0
414 27 31683 1 1 1 1 1 1 0 0 0 1 0 1 1 0 0 0 1 1 1 1 0 1 1 0 1 1 0
415 27 35461 1 1 1 1 1 1 1 1 1 1 1 1 1 1 1 1 1 0 1 1 1 1 1 1 1 1 1
416 27 16002 0 0 1 0 0 0 0 0 1 0 0 0 0 0 1 0 1 1 1 1 1 0 1 0 1 0 1
417 27 28456 0 0 0 0 0 1 1 0 1 0 1 0 1 1 1 1 1 1 0 1 0 1 1 1 0 1 1
418 27 23912 0 1 0 1 0 0 0 0 0 1 1 1 0 0 1 1 0 1 1 0 1 1 1 1 0 1 1
419 27 2393 0 0 0 0 0 0 0 0 0 0 0 0 0 0 0 1 0 0 1 0 0 0 0 0 0 0 0
420 27 24849 0 1 1 0 1 0 0 0 0 1 0 1 1 0 1 1 1 0 1 1 0 0 1 0 1 1 1
421 27 23767 0 1 1 1 0 0 0 0 1 1 0 1 1 0 1 0 1 0 1 0 1 1 0 1 0 0 1
422 27 20123 0 1 1 0 0 1 0 1 0 1 1 1 0 0 0 1 1 0 0 1 1 0 1 1 0 0 1
423 27 19997 1 0 1 0 0 1 0 0 0 1 0 0 1 0 0 1 1 1 0 1 1 0 1 0 1 1 0
424 27 25880 1 1 1 0 1 0 1 1 0 1 0 1 1 1 0 0 1 1 1 1 0 0 0 1 0 0 0
425 27 14570 0 0 0 1 0 1 0 0 0 0 0 0 0 0 1 0 1 0 0 1 0 1 0 0 0 1 1
426 27 12621 0 0 0 0 0 1 0 1 0 0 0 1 0 0 0 1 0 1 0 0 0 0 0 0 1 1 0
427 27 28282 1 1 1 1 0 1 0 0 1 0 1 1 1 1 1 0 1 0 0 0 0 0 1 1 1 1 1
428 27 3997 0 0 0 0 0 1 0 0 0 0 0 0 0 0 0 0 0 0 0 0 0 1 0 0 0 0 0
429 27 37304 1 1 0 0 1 1 1 1 1 1 1 1 1 1 1 1 1 1 1 1 1 1 1 1 1 1 1
430 27 27201 1 1 0 1 1 0 0 1 1 1 1 0 1 1 1 1 1 1 0 1 1 0 1 1 1 1 1
431 27 24562 1 1 1 0 0 1 1 0 0 1 0 1 1 0 0 1 0 1 1 1 0 1 1 0 0 1 1
432 27 30501 1 0 1 1 1 0 0 1 0 1 1 0 1 1 1 1 0 1 0 1 0 1 1 1 1 1 1
433 27 12361 1 0 0 0 0 1 1 0 0 0 1 0 0 0 1 0 0 0 0 0 0 0 0 0 0 0 1
434 27 15229 0 1 0 1 0 1 0 1 1 1 0 1 0 1 0 0 0 0 0 0 0 0 0 1 0 0 0
435 27 27872 1 1 1 1 1 1 1 1 1 1 1 1 0 1 1 1 0 0 1 1 1 1 1 1 1 1 1
436 27 21888 1 0 0 0 0 1 1 1 0 1 1 0 0 1 1 1 0 0 0 1 1 1 0 0 0 0 1
437 27 33653 1 1 1 1 1 1 1 0 1 1 1 1 1 1 1 1 1 1 1 1 1 1 1 0 1 1 1
438 27 1944 0 0 0 0 0 0 0 0 0 0 0 0 0 0 1 0 0 0 0 0 0 0 0 1 0 0 0
439 27 24813 1 1 1 1 0 1 0 1 1 1 1 0 1 0 1 0 1 0 1 0 0 0 0 1 1 1 1
440 27 29541 1 0 1 0 1 1 1 1 1 1 1 1 1 1 1 1 1 1 0 1 0 1 1 0 1 0 1
441 27 17488 1 1 1 1 0 0 0 0 1 0 1 1 1 1 0 1 0 0 0 0 0 0 0 0 0 1 1
442 27 31020 0 1 1 1 1 1 0 1 1 1 1 0 0 1 1 1 1 1 1 1 0 1 1 1 1 1 1
443 27 18067 1 0 0 1 0 1 1 0 0 0 1 0 1 0 0 0 1 0 1 1 0 1 0 0 1 0 1
444 27 22155 0 0 1 0 1 1 1 0 1 0 1 0 1 1 0 0 0 1 1 0 1 1 0 1 0 0 0
445 27 33103 0 0 1 0 1 1 1 1 1 1 0 1 1 1 1 1 1 0 1 1 0 1 1 1 1 1 1
446 27 15528 0 1 0 0 0 1 0 1 0 0 0 1 0 0 0 1 0 1 0 0 0 1 1 0 0 0 1
447 27 18287 0 0 0 1 0 1 0 0 1 0 1 0 1 1 0 0 0 1 1 1 0 0 1 0 0 1 0
448 27 34004 1 0 1 1 1 1 1 1 1 0 1 1 1 1 1 1 1 1 1 1 1 1 1 1 1 1 1
449 27 21033 1 0 1 1 1 0 0 0 1 1 1 0 0 1 0 1 1 1 0 0 0 1 0 0 1 0 0
450 27 11009 0 0 0 0 0 0 1 0 1 0 0 0 0 0 1 0 0 1 0 1 0 0 0 0 0 1 0
451 27 30063 1 1 1 1 1 1 1 1 1 1 0 1 1 1 1 1 1 0 1 1 1 1 1 1 1 0 1
452 27 21767 0 1 0 1 1 0 0 0 0 0 1 0 1 0 1 0 0 1 0 1 1 0 1 0 0 1 1
453 27 27109 0 1 1 1 1 0 1 1 1 1 1 0 1 1 1 0 0 0 0 1 1 0 0 1 1 1 1
454 27 8349 0 0 0 0 0 0 0 0 0 0 0 1 0 0 0 0 0 0 1 1 0 0 1 0 0 0 1
455 27 27271 1 1 1 0 1 1 1 1 1 1 1 1 1 1 1 1 1 0 0 0 0 1 0 1 1 1 1
456 27 12844 0 0 0 0 0 0 0 0 1 0 1 1 0 1 0 1 0 0 1 1 1 0 0 1 0 0 0
457 27 28789 0 0 1 0 1 1 0 0 1 1 1 0 0 1 1 0 1 1 1 0 1 1 0 1 1 0 1
458 27 23862 1 1 1 1 1 1 0 1 1 1 1 1 1 0 1 1 1 1 1 0 1 0 1 1 1 0 1
459 27 9949 0 0 0 1 0 0 0 1 0 0 0 0 0 0 1 0 0 0 0 0 0 0 1 1 1 0 0
460 27 13801 0 0 1 0 1 0 1 0 0 0 0 1 0 0 1 0 0 0 0 0 1 0 1 0 0 0 0
461 27 16774 0 0 0 1 1 1 0 1 0 0 0 1 0 0 0 1 1 0 0 0 0 0 1 1 0 0 1
462 27 37567 1 1 1 0 1 1 1 1 1 1 1 1 1 1 1 0 1 1 1 1 0 1 1 1 0 1 0
463 27 13174 1 1 0 0 1 0 1 1 0 0 0 0 1 0 0 1 0 0 0 0 1 0 0 1 0 0 0
464 27 14479 0 0 0 0 0 0 1 0 1 1 1 0 1 0 1 0 1 0 1 1 0 0 0 1 0 0 0
465 27 29747 0 0 1 1 1 0 0 1 1 1 1 0 1 1 1 1 1 1 1 1 1 1 1 1 0 1 1
466 27 29645 0 1 1 0 0 0 0 1 1 1 1 1 1 1 0 1 0 0 1 0 1 1 1 0 1 1 1
467 27 30866 1 1 1 1 1 1 1 1 1 1 1 1 1 1 1 1 1 0 1 1 1 1 1 0 1 1 1
468 27 33616 1 1 0 1 1 1 1 0 1 1 1 1 1 1 1 1 1 1 1 1 1 1 1 1 1 1 1
469 27 8556 0 0 0 0 0 0 0 1 0 0 0 1 0 0 0 0 0 0 0 1 1 0 0 0 1 0 0
470 27 25707 1 0 1 0 1 1 0 1 1 0 1 1 1 0 1 1 0 1 1 0 0 1 1 1 0 0 0
471 27 11512 1 0 1 0 0 1 0 0 0 0 0 1 1 1 0 0 1 0 0 0 0 0 1 0 0 1 0
472 27 13575 0 0 0 1 1 0 1 1 0 0 0 0 0 1 0 0 1 0 0 1 0 0 0 1 0 0 0
473 27 27064 1 1 1 1 1 1 1 1 1 1 1 1 1 1 0 1 1 1 1 1 1 1 1 1 1 1 1
474 27 27907 1 1 1 1 1 1 1 0 1 0 0 1 1 1 1 1 1 1 0 1 0 1 0 1 1 1 1
475 27 26273 0 0 0 1 1 1 1 1 1 0 1 1 0 0 1 0 0 1 1 1 0 0 1 0 1 1 1
476 27 20564 1 0 1 1 0 0 0 1 1 1 1 0 0 0 1 1 0 0 0 0 0 1 0 1 0 0 1
477 27 32069 1 1 1 0 1 1 1 1 1 1 1 1 1 1 1 1 1 1 1 1 1 1 1 1 0 0 1
478 27 26298 0 1 1 1 0 1 1 1 0 0 0 1 1 1 1 1 1 1 1 1 0 1 1 0 1 1 1
479 27 8132 0 0 1 0 0 0 0 1 0 0 0 0 1 0 1 1 0 0 0 0 0 0 0 0 0 0 0
480 27 34237 0 1 1 1 1 1 1 1 0 1 1 1 1 1 1 1 1 1 1 1 1 0 1 1 1 1 1
481 27 20680 0 1 1 1 0 0 1 1 1 0 0 1 0 0 0 1 0 1 1 0 1 0 1 0 0 0 1
482 27 32554 1 1 1 1 1 1 1 1 1 1 1 1 1 1 1 1 1 1 1 0 1 1 1 1 1 1 1
483 27 24584 1 1 1 1 0 1 1 1 1 0 1 0 0 0 1 1 1 0 1 1 0 0 1 1 1 0 1
484 27 31544 1 1 0 1 0 1 1 1 1 1 1 1 0 0 1 0 1 1 1 1 1 1 1 1 1 1 1
485 27 34435 1 0 1 1 1 1 1 1 0 1 1 1 1 1 1 1 1 1 1 1 1 1 1 1 1 1 1
486 27 23763 1 1 0 0 0 1 0 1 1 0 1 0 1 1 1 0 1 1 1 0 1 0 0 0 0 1 1
487 27 21912 0 1 0 0 0 1 0 1 0 1 0 0 0 1 0 1 1 0 0 1 1 1 1 0 0 1 1
488 27 18465 0 0 0 0 0 0 1 0 0 0 1 0 0 1 0 1 1 1 1 0 1 0 0 1 0 1 1
489 27 12436 0 0 0 1 1 1 0 0 0 1 0 0 1 1 0 1 0 0 0 0 0 0 0 0 1 0 0
490 27 15541 0 1 0 1 1 0 1 0 1 0 0 0 0 0 0 1 0 0 1 0 0 0 1 1 0 0 0
491 27 37018 1 1 1 1 1 1 1 1 1 1 1 1 1 1 1 0 1 1 1 1 1 1 1 1 1 1 1
492 27 14952 1 0 0 1 0 0 1 0 0 0 0 1 0 0 0 0 1 1 0 1 1 0 0 0 0 1 0
493 27 31090 1 1 1 1 1 0 0 1 1 0 0 1 1 1 1 1 1 1 1 1 1 1 1 1 1 1 1
494 27 34652 1 1 1 1 0 1 1 1 1 1 1 1 1 1 1 1 1 0 1 1 0 1 1 1 0 1 1
495 27 29617 0 1 0 1 0 1 0 1 0 1 1 1 1 0 1 0 1 1 1 1 0 1 0 1 0 1 0
496 27 16497 1 0 0 1 0 1 1 0 1 0 0 0 1 0 1 0 0 1 1 0 0 0 0 0 1 0 0
497 27 32390 1 1 1 1 1 1 0 1 1 1 1 1 1 1 1 1 1 1 1 1 1 1 1 1 1 1 1
498 27 22146 1 1 1 1 1 0 0 0 0 0 0 0 0 1 0 1 1 1 0 1 1 0 1 0 1 1 1
499 27 15776 0 0 0 1 0 0 0 0 0 0 0 1 0 0 1 0 1 1 0 0 0 0 0 1 1 0 1
500 27 13323 0 0 1 1 0 0 1 0 0 0 0 0 1 0 0 0 0 1 0 1 1 1 0 0 0 1 0
