1 32 32866 0 1 0 1 1 1 0 1 1 1 1 1 1 1 1 1 1 0 1 1 0 1 1 0 1 1 0 1 1 1 1 1
2 32 42894 1 1 0 1 1 1 1 1 1 1 1 1 1 1 0 1 1 1 1 1 1 1 1 1 1 1 1 0 1 1 1 1
3 32 38459 1 1 1 0 1 1 1 0 1 0 1 1 0 0 1 1 0 1 1 1 1 0 1 1 1 1 1 0 1 1 1 1
4 32 36339 1 1 1 0 0 1 1 0 1 1 1 1 1 1 1 1 1 0 1 1 0 1 1 1 0 1 0 1 1 1 0 0
5 32 43155 1 1 1 1 1 1 1 1 1 0 1 1 1 1 1 1 1 0 1 1 1 0 1 1 1 1 1 1 1 0 1 1
6 32 18600 1 1 1 0 1 1 0 0 0 1 0 0 1 1 0 1 0 0 0 0 1 0 0 1 0 0 0 0 0 0 0 0
7 32 24927 0 1 0 1 1 1 0 0 0 1 1 1 0 1 1 1 0 0 0 0 0 1 0 1 0 0 0 0 0 1 1 0
8 32 28969 0 0 1 1 0 0 1 1 0 0 0 1 0 0 0 1 0 1 0 1 1 1 1 1 0 1 0 0 1 1 1 1
9 32 44676 0 1 0 1 1 1 1 0 1 1 1 1 1 1 1 1 1 1 1 1 1 1 1 1 0 1 0 1 1 1 1 1
10 32 40223 1 1 1 0 1 1 1 1 1 0 0 1 1 1 1 1 1 0 1 1 0 1 1 1 1 1 1 1 1 1 1 1
11 32 30438 0 0 0 0 1 1 0 0 1 1 1 0 1 1 0 0 0 1 1 1 0 0 1 1 1 0 1 0 1 1 1 1
12 32 8499 1 0 0 0 0 1 1 0 0 0 0 0 0 0 0 0 0 1 0 0 0 0 0 0 0 0 1 0 0 0 0 0
13 32 22284 1 0 1 1 0 0 0 0 0 0 0 0 0 1 1 0 0 0 1 0 1 1 0 1 0 1 0 1 1 0 1 0
14 32 22217 1 0 1 1 1 0 0 0 0 0 0 1 0 0 0 0 0 0 1 0 0 0 1 0 1 0 1 1 0 0 0 1
15 32 27932 1 0 1 1 1 1 0 1 1 1 1 0 0 0 0 0 0 1 0 1 0 1 1 0 0 0 1 0 0 1 0 1
16 32 16116 0 0 0 1 0 1 1 1 0 0 0 0 0 0 1 0 1 1 0 0 0 0 0 0 0 0 0 0 0 1 1 0
17 32 17350 0 0 0 0 0 0 0 0 0 1 0 0 1 0 1 1 0 0 0 1 1 1 0 0 0 0 0 0 0 1 1 1
18 32 46462 1 1 1 1 1 1 1 1 1 1 1 1 1 1 1 0 1 1 1 1 1 1 1 1 1 1 1 1 1 1 1 1
19 32 19514 1 1 1 0 1 1 1 0 0 0 0 0 1 0 0 0 0 0 0 1 0 0 0 1 1 1 1 0 0 0 0 0
20 32 37084 1 1 0 1 0 0 1 0 1 1 0 0 0 1 0 1 1 1 1 1 1 1 0 1 1 1 1 1 1 0 1 1
21 32 39893 1 1 1 1 0 1 1 1 1 1 1 1 0 1 0 1 1 1 1 1 1 1 1 1 1 1 1 1 1 1 1 1
22 32 28482 1 0 1 1 0 1 1 1 1 1 1 0 1 1 0 1 0 0 1 0 1 1 0 0 1 0 1 1 0 1 1 1
23 32 14158 1 1 0 0 1 1 0 0 1 1 0 0 0 0 0 1 0 0 0 1 0 0 0 1 1 0 0 1 0 0 0 0
24 32 35275 1 0 1 1 1 1 1 1 1 1 1 1 1 0 1 1 1 1 1 0 1 1 1 1 0 0 1 1 1 0 1 1
25 32 38011 1 0 1 1 1 1 1 1 0 1 1 1 1 1 1 0 1 1 1 1 1 1 1 1 1 1 1 1 1 1 1 1
26 32 35399 1 1 1 0 1 0 1 1 1 0 0 1 0 1 1 1 0 1 1 1 1 1 0 1 1 1 1 1 0 0 1 0
27 32 33685 1 0 1 0 1 1 0 1 0 1 1 1 1 1 1 1 0 1 0 1 1 1 1 1 1 1 0 0 1 1 1 1
28 32 16441 1 1 1 1 1 0 0 0 0 0 0 0 0 0 1 1 0 0 1 0 0 1 0 0 0 0 0 0 1 0 0 1
29 32 28410 1 1 1 1 1 1 1 1 1 0 0 0 0 1 1 1 0 0 0 1 1 1 1 0 1 0 0 1 0 1 0 1
30 32 25932 1 1 1 0 0 1 0 0 1 1 0 1 0 0 1 0 1 0 0 1 0 0 1 0 1 0 1 1 0 1 1 0
31 32 32415 0 1 1 1 1 1 0 0 1 1 0 1 1 1 1 1 0 0 0 1 1 1 0 0 1 1 1 1 0 0 1 1
32 32 38758 1 0 1 1 1 1 1 1 1 0 1 0 1 0 1 1 1 0 1 1 1 1 0 1 0 1 1 1 1 0 1 1
33 32 33509 1 0 1 1 1 1 1 0 0 0 1 0 1 0 1 0 1 0 0 1 1 0 1 1 0 1 1 1 1 1 1 1
34 32 15736 0 0 0 0 1 1 0 1 0 0 0 0 0 1 0 0 0 1 1 1 0 0 1 1 0 1 0 0 0 0 0 0
35 32 34382 1 0 1 1 0 1 1 1 0 1 1 1 0 0 1 0 1 1 1 1 1 1 1 1 1 1 1 1 1 0 1 0
36 32 24173 1 0 0 0 1 1 1 1 0 0 0 0 0 0 0 1 1 1 1 1 1 1 0 1 0 1 1 1 0 1 0 1
37 32 19600 0 0 1 1 0 0 0 0 1 0 1 1 0 1 1 0 0 1 0 1 1 0 0 1 0 0 1 0 0 0 0 1
38 32 2675 0 0 0 0 0 0 0 0 0 1 0 0 0 0 0 0 0 0 0 0 1 0 0 0 0 0 0 0 0 0 0 0
39 32 37147 1 1 1 1 1 1 1 1 1 0 1 1 1 1 1 0 0 1 1 1 1 1 1 1 1 1 1 1 1 1 0 1
40 32 5586 1 0 0 0 0 0 0 0 0 0 1 0 0 0 1 0 0 0 0 0 0 0 0 0 0 1 0 0 0 0 0 0
41 32 24165 0 1 1 1 0 0 0 0 1 1 0 1 0 0 1 1 1 1 0 0 0 1 1 1 0 1 0 0 0 1 0 1
42 32 27310 1 0 0 1 1 0 1 1 0 0 0 0 1 0 1 0 1 1 1 0 1 1 1 1 0 0 1 1 1 0 0 1
43 32 38973 1 1 1 1 1 0 1 1 1 1 1 1 1 1 1 1 1 1 1 1 1 1 1 1 1 1 1 1 1 1 1 1
44 32 29821 0 1 1 1 0 1 1 0 1 1 1 1 0 0 0 0 0 0 0 1 1 1 1 1 1 1 0 0 1 0 1 1
45 32 35250 0 1 1 0 0 1 1 1 1 1 1 1 1 1 1 1 0 0 0 1 0 1 1 0 0 0 1 1 1 1 1 0
46 32 36525 1 0 1 1 0 0 1 0 1 1 1 1 1 1 1 1 1 0 0 1 1 1 1 1 1 1 0 1 1 1 0 0
47 32 21261 0 0 0 0 0 1 0 1 0 0 1 0 0 0 0 1 0 0 1 0 0 1 1 0 1 1 1 0 0 1 0 1
48 32 33045 0 0 1 1 0 1 1 0 1 0 1 1 1 0 1 1 0 0 0 1 1 0 1 1 0 0 1 1 1 1 0 1
49 32 30294 1 1 1 1 1 0 0 1 1 0 1 0 1 0 1 1 0 1 0 1 1 1 1 1 1 0 0 1 1 0 1 1
50 32 34122 1 1 0 1 1 1 1 0 1 1 0 0 1 1 1 0 1 1 1 1 1 0 1 1 1 1 1 1 1 0 1 0
51 32 37050 1 1 1 0 1 1 1 0 1 1 1 1 1 1 1 1 1 0 1 1 1 1 1 1 0 1 1 1 1 1 0 1
52 32 14065 0 0 0 0 1 0 0 0 1 0 0 0 1 0 1 0 0 0 0 0 1 0 0 0 0 0 1 1 0 0 0 0
53 32 30579 1 1 0 0 1 0 1 0 1 1 1 1 1 1 0 1 1 0 0 0 1 1 0 0 1 1 1 1 1 1 0 1
54 32 37657 1 1 1 1 1 0 1 1 1 1 1 1 1 1 1 1 0 1 0 1 0 1 1 1 1 1 1 1 1 1 1 1
55 32 41877 1 0 1 0 1 1 1 1 1 0 1 1 1 0 1 1 0 1 1 1 1 0 1 0 0 1 0 1 1 1 0 1
56 32 23015 0 1 0 1 0 1 1 0 1 1 0 0 1 0 0 1 0 0 0 1 0 0 0 1 1 1 1 0 0 0 0 1
57 32 35957 1 1 0 1 1 1 1 1 1 1 1 1 0 0 1 1 1 0 1 1 1 1 1 1 1 1 1 1 1 1 1 0
58 32 23642 0 0 0 0 1 0 1 1 0 0 1 0 1 1 0 1 0 1 1 0 1 0 0 0 0 0 0 1 1 0 0 1
59 32 38860 0 1 0 0 1 0 0 1 1 0 1 1 1 1 1 1 1 1 0 1 0 1 1 1 1 1 0 1 1 1 1 0
60 32 38874 1 1 1 1 1 0 1 1 1 1 0 1 0 1 0 1 1 0 1 1 1 1 1 0 1 1 1 1 1 1 0 1
61 32 24419 0 1 0 0 0 0 1 0 1 1 0 1 0 1 0 0 0 0 0 0 1 1 1 0 1 1 0 1 0 1 0 1
62 32 38153 0 1 1 1 1 1 1 0 1 0 1 1 1 1 1 0 1 1 1 1 1 0 0 1 1 1 1 1 0 0 0 0
63 32 36408 1 1 1 1 1 1 1 1 0 1 1 1 1 0 1 1 0 1 1 1 0 1 0 1 1 1 1 1 1 1 1 1
64 32 32475 0 1 1 1 0 0 1 1 1 1 1 1 0 1 1 0 0 1 0 1 1 1 0 1 1 1 1 0 1 1 1 1
65 32 19843 1 0 1 0 0 0 0 1 0 0 1 0 1 0 1 0 0 1 1 0 0 0 1 1 0 0 1 1 0 1 0 0
66 32 17980 0 0 1 1 1 1 1 0 1 0 0 1 0 0 1 0 0 1 1 0 0 0 0 0 0 0 0 0 1 1 1 0
67 32 9492 0 1 0 0 0 0 0 1 0 0 0 0 0 0 0 0 0 1 0 0 0 1 0 0 0 0 0 0 0 0 1 0
68 32 20689 1 1 0 0 0 1 1 0 1 0 0 1 0 0 1 0 1 0 0 1 1 1 0 1 0 0 0 0 0 0 0 0
69 32 11414 0 0 0 0 1 1 1 0 0 0 1 0 0 0 0 0 0 0 0 1 0 0 1 0 1 0 0 1 1 0 0 0
70 32 28280 1 0 0 1 0 1 1 0 1 1 1 0 1 0 1 1 0 0 1 1 0 1 0 0 0 0 1 0 1 1 1 0
71 32 27564 1 1 1 1 1 0 1 0 0 1 0 0 1 1 0 1 0 0 1 0 0 0 1 1 1 1 1 1 0 0 0 0
72 32 31872 0 1 1 1 1 1 1 1 1 0 0 0 1 0 1 1 0 1 1 1 1 1 0 1 1 1 1 1 1 1 1 1
73 32 47922 1 1 1 1 1 1 1 1 1 0 1 1 1 1 1 1 1 1 1 1 1 1 1 1 1 1 1 1 1 1 1 1
74 32 18337 0 0 1 1 1 0 1 0 0 0 0 1 0 1 0 0 1 0 0 0 1 1 0 0 0 1 1 1 0 0 0 0
75 32 25358 0 1 0 0 0 0 1 0 0 0 1 0 1 0 0 1 0 1 1 1 1 1 1 1 0 1 0 0 1 1 0 1
76 32 30976 1 0 1 1 0 1 0 1 0 1 1 1 0 1 0 1 1 1 1 1 1 0 1 0 0 1 1 1 0 0 1 0
77 32 13450 0 0 0 0 0 0 0 1 1 0 1 1 0 0 1 0 0 0 0 0 0 0 0 0 1 0 0 0 0 0 1 0
78 32 30544 1 1 1 1 0 1 0 1 1 1 0 1 1 1 0 1 0 0 0 1 1 0 1 0 0 0 1 0 0 1 1 0
79 32 33953 1 1 1 1 1 1 1 1 1 1 0 1 1 1 1 1 1 1 1 1 1 1 0 1 1 1 1 1 1 1 1 1
80 32 38554 0 1 1 1 0 1 1 1 0 1 1 1 1 1 1 1 1 0 1 1 1 1 1 0 1 1 0 0 1 1 1 1
81 32 13936 0 0 0 0 0 1 0 0 0 0 1 0 0 0 0 1 0 0 1 0 1 0 1 0 0 0 0 0 1 0 0 0
82 32 22150 1 0 0 1 0 0 1 0 0 1 0 0 0 1 1 0 0 0 0 0 0 0 1 0 1 0 1 1 1 1 0 1
83 32 35587 1 0 1 1 0 1 1 0 1 1 1 1 0 1 1 1 0 0 1 1 0 0 1 1 0 0 1 1 0 1 1 1
84 32 21065 1 0 0 1 0 0 0 1 1 1 0 1 1 0 1 1 0 1 0 0 1 1 0 0 0 0 1 0 1 0 0 0
85 32 11975 0 1 1 0 0 0 1 0 0 0 1 0 0 1 1 0 0 0 0 1 0 1 0 0 0 0 0 1 0 0 0 0
86 32 35008 0 1 1 0 1 1 0 1 1 1 1 0 1 1 0 1 1 1 0 1 1 0 1 1 0 1 1 1 1 1 0 0
87 32 39159 1 1 1 0 1 1 1 1 1 1 1 1 1 1 1 1 1 0 0 1 0 1 1 1 1 1 1 1 1 1 1 1
88 32 33750 0 0 1 1 1 1 1 1 0 1 1 1 1 1 0 1 0 1 1 1 1 1 0 1 1 1 1 1 1 1 0 1
89 32 27304 1 0 1 0 0 0 1 1 1 1 0 1 0 1 1 1 1 0 0 0 0 0 1 1 1 0 1 1 0 1 1 1
90 32 34026 1 0 0 0 1 0 1 1 1 0 1 1 0 1 1 1 1 0 0 0 1 1 1 0 0 0 1 0 0 1 1 1
91 32 38813 1 1 1 1 1 1 1 1 1 1 0 1 1 1 1 1 1 1 1 1 1 1 1 1 1 0 1 0 1 1 1 1
92 32 25937 1 1 0 0 0 0 1 1 0 1 0 1 0 1 1 1 0 1 0 0 0 0 1 1 1 1 0 0 0 1 0 0
93 32 33158 1 1 1 1 1 0 1 1 1 0 0 0 0 1 1 1 1 1 1 1 1 1 0 1 0 1 1 1 1 1 1 1
94 32 16761 0 0 0 1 0 0 1 1 1 1 0 0 0 0 0 0 0 0 0 1 0 1 0 0 1 1 1 0 0 0 1 0
95 32 6231 0 0 0 0 1 0 1 0 0 0 0 0 0 0 0 0 0 0 0 0 0 0 0 1 0 0 0 0 0 0 0 0
96 32 40182 1 1 1 1 1 1 1 1 1 1 1 1 1 0 1 0 1 1 1 1 1 0 1 1 1 1 1 0 1 1 0 1
97 32 20615 0 0 1 0 0 1 0 0 1 1 0 0 1 0 0 1 0 1 0 0 0 1 0 1 0 1 0 0 1 1 0 0
98 32 35387 1 1 1 1 0 1 1 1 1 0 0 1 1 1 0 1 1 1 1 1 1 1 1 1 1 1 0 1 1 0 0 1
99 32 33012 1 1 1 0 1 1 0 1 1 1 1 1 1 1 1 0 0 1 1 1 1 0 1 1 1 1 1 1 0 1 1 1
100 32 28884 1 0 0 1 1 0 0 0 1 0 0 0 0 1 1 1 1 1 1 1 0 1 1 0 0 0 1 1 1 1 1 1
101 32 35725 1 1 1 1 0 0 1 1 1 0 0 1 0 1 1 0 1 0 1 0 1 0 0 0 1 1 1 1 1 1 1 1
102 32 23073 0 0 1 0 0 0 0 0 1 0 1 0 1 1 0 1 0 0 1 1 0 0 1 0 1 0 1 1 0 0 1 0
103 32 39371 1 1 1 0 1 0 1 1 1 1 1 0 0 1 1 0 1 1 1 1 0 0 1 1 1 0 0 1 1 1 1 0
104 32 19865 0 1 0 1 0 0 1 1 0 1 1 0 0 0 1 0 1 1 0 1 0 1 0 0 0 1 0 1 0 1 0 0
105 32 26421 1 1 1 1 1 0 1 1 0 1 1 0 1 1 0 0 0 1 0 1 1 0 0 0 1 0 0 1 1 0 1 0
106 32 42023 1 0 1 1 1 1 1 1 0 1 1 0 1 0 1 0 1 1 0 1 1 0 1 1 1 1 1 1 0 1 1 1
107 32 17209 0 1 0 1 0 1 0 1 0 1 0 0 1 1 0 1 1 0 0 1 0 0 0 0 0 0 0 0 0 0 0 0
108 32 5642 1 1 0 0 0 0 0 0 0 0 0 0 0 0 0 0 0 0 0 0 0 0 0 0 0 0 0 0 0 1 1 0
109 32 36022 1 1 1 1 1 1 0 1 0 1 1 1 1 1 1 1 1 1 1 1 0 1 1 1 1 0 1 1 0 0 0 1
110 32 19967 1 1 0 1 0 0 0 0 0 0 0 0 0 0 1 0 1 0 0 0 1 0 1 1 1 1 1 0 0 0 0 1
111 32 36086 1 1 1 1 1 1 1 1 1 1 1 1 1 1 1 1 1 1 1 1 1 1 0 1 1 1 1 1 1 1 1 1
112 32 26796 1 1 1 1 1 0 1 0 0 0 0 1 0 1 0 1 0 1 0 0 0 0 1 1 0 1 1 1 1 0 0 0
113 32 11428 1 1 0 0 0 0 0 1 0 0 1 1 0 0 0 0 0 0 0 0 0 0 1 0 0 0 0 1 0 0 0 0
114 32 24644 0 1 0 1 0 0 1 1 0 0 0 1 0 1 1 0 0 1 1 1 1 1 1 0 1 0 1 0 0 0 1 0
115 32 24174 0 0 0 0 0 1 1 0 0 0 1 1 0 1 1 1 0 0 0 1 0 0 1 1 0 0 1 1 0 1 1 1
116 32 11513 0 1 0 0 0 0 0 1 0 1 0 0 1 1 0 0 0 0 1 0 0 1 1 0 0 0 0 1 0 0 0 0
117 32 32272 1 1 1 1 1 1 1 1 1 1 1 1 1 1 1 1 1 1 1 1 1 1 0 1 1 1 1 0 1 1 1 1
118 32 43295 1 1 1 1 1 1 1 1 1 1 1 1 1 1 1 1 1 1 1 0 1 1 1 0 1 1 1 1 1 0 1 1
119 32 1783 0 0 0 0 0 0 0 0 0 1 0 0 0 0 0 0 0 0 0 0 0 0 0 0 0 0 0 0 0 0 0 0
120 32 39159 1 1 1 0 1 1 1 1 1 1 0 1 1 1 0 1 0 1 1 0 1 1 1 0 1 1 1 1 1 1 1 1
121 32 30920 1 1 1 1 1 1 1 1 1 1 1 1 1 0 1 1 1 0 1 1 1 1 0 0 1 1 1 1 1 1 1 1
122 32 6503 0 0 0 0 0 0 0 0 0 0 0 0 0 0 0 0 0 0 0 0 1 0 0 1 0 0 0 1 1 0 0 0
123 32 30829 0 1 1 0 1 1 1 1 1 1 1 1 0 1 0 1 1 0 1 1 1 1 1 1 1 1 1 0 0 0 0 1
124 32 16629 0 0 1 0 1 0 1 0 0 0 0 0 0 0 0 0 1 0 1 0 0 1 0 1 1 0 0 1 0 0 0 1
125 32 33006 1 1 1 1 1 1 1 1 0 1 1 1 0 0 1 0 1 1 0 1 1 0 1 0 0 1 1 1 1 0 0 0
126 32 2232 0 0 0 0 0 0 0 0 0 0 0 0 0 0 0 0 0 0 0 0 0 0 0 0 0 0 0 0 0 0 0 1
127 32 37007 1 0 1 1 1 1 1 1 1 0 1 0 1 1 1 1 1 1 1 0 1 1 1 0 1 1 1 1 1 0 1 1
128 32 37304 1 0 1 1 1 0 1 1 1 0 0 1 1 1 1 0 1 1 0 1 1 1 1 1 0 1 1 1 1 0 1 0
129 32 10917 0 1 0 0 0 0 1 0 0 0 1 0 0 0 0 0 0 0 0 0 0 0 0 0 1 0 0 1 0 0 0 0
130 32 17150 0 1 0 1 1 0 1 0 0 0 0 0 1 0 1 1 0 1 0 0 0 0 1 0 0 1 0 0 0 0 0 0
131 32 36239 1 1 1 1 1 1 1 1 1 1 1 1 1 1 1 1 1 0 0 1 1 0 1 1 1 1 1 1 1 0 1 1
132 32 0 0 0 0 0 0 0 0 0 0 0 0 0 0 0 0 0 0 0 0 0 0 0 0 0 0 0 0 0 0 0 0 0
133 32 40195 1 0 1 1 1 1 0 1 1 1 0 1 1 1 1 1 1 1 1 1 1 0 1 1 1 1 1 1 1 1 1 1
134 32 27758 0 1 1 1 1 1 1 1 1 0 1 0 0 0 0 0 1 0 1 0 0 0 1 1 0 1 0 1 0 0 1 1
135 32 17229 0 0 0 0 1 1 0 1 1 0 0 0 0 0 0 0 1 0 0 0 0 1 0 1 1 0 1 0 0 0 0 0
136 32 10288 0 0 1 1 0 0 0 0 1 0 0 0 0 0 0 0 0 0 0 0 1 0 0 1 1 0 1 0 0 0 0 1
137 32 30220 1 1 0 0 0 1 0 0 0 1 0 1 1 1 1 0 1 1 1 1 1 1 1 0 1 1 1 1 0 1 0 0
138 32 30963 1 1 1 0 0 0 0 1 1 1 0 0 1 0 1 1 1 0 1 0 1 1 0 1 1 1 1 1 1 1 1 0
139 32 23009 0 0 1 0 0 0 1 0 1 1 1 0 0 0 1 0 0 0 0 1 1 0 0 1 0 1 1 1 0 1 1 0
140 32 35233 0 1 0 1 1 0 1 0 1 1 1 1 1 1 1 1 1 1 1 1 0 1 1 1 1 1 1 1 1 1 1 1
141 32 49258 1 1 1 1 1 1 1 1 1 1 1 1 1 1 1 0 0 0 1 0 1 1 1 1 1 1 1 1 0 1 0 1
142 32 32244 1 1 1 1 1 1 0 1 0 1 1 1 1 0 1 1 0 1 1 0 1 1 1 1 1 1 1 1 1 1 1 1
143 32 30746 1 1 1 1 0 0 0 0 1 1 0 1 1 1 1 0 1 0 1 0 1 0 1 0 0 1 0 0 1 1 1 1
144 32 32117 1 0 1 0 0 0 1 0 1 1 1 1 1 1 1 1 0 1 0 1 0 1 0 1 0 1 0 0 0 1 1 1
145 32 23620 0 1 1 0 0 0 1 1 0 0 0 1 1 0 1 1 1 0 0 0 0 0 0 1 0 1 1 1 0 0 0 0
146 32 11604 0 0 0 0 0 0 1 0 0 0 0 0 0 0 1 0 0 0 0 0 0 0 0 0 1 1 1 0 1 0 0 0
147 32 25510 1 0 0 1 0 1 1 1 0 0 1 1 1 0 1 1 0 0 1 0 0 0 1 0 1 0 0 1 1 1 0 0
148 32 36836 1 0 1 1 0 1 1 1 1 1 1 1 0 1 0 1 1 0 1 1 1 1 1 1 1 1 1 1 0 0 0 1
149 32 38201 1 0 1 1 1 1 1 1 1 0 1 1 0 1 0 1 1 1 1 1 1 0 1 0 1 1 1 1 0 0 0 0
150 32 24520 1 1 1 1 1 1 1 1 0 0 0 0 1 0 0 1 1 1 0 0 0 0 0 0 1 0 1 1 1 0 1 0
151 32 13023 0 1 0 1 0 0 0 0 0 0 0 1 1 1 0 0 1 0 0 0 0 0 0 0 0 0 0 0 1 0 0 1
152 32 44685 1 1 1 1 0 0 0 1 1 1 1 1 1 1 1 1 0 0 1 0 1 1 1 1 1 1 1 1 1 1 1 1
153 32 21571 1 1 0 0 1 0 1 0 1 0 0 1 0 1 0 0 0 1 1 1 0 0 1 0 1 1 0 1 1 0 0 0
154 32 36866 1 1 1 1 1 0 1 1 1 1 1 1 1 1 1 1 1 1 1 1 1 1 1 1 1 1 1 1 1 1 1 1
155 32 29550 1 1 0 0 1 1 1 0 1 1 1 1 0 1 1 0 1 1 0 0 1 0 0 0 1 1 0 1 0 1 1 0
156 32 47064 1 1 1 1 1 0 1 1 1 1 1 1 1 1 1 1 0 1 1 1 1 1 1 1 1 1 1 1 1 1 1 1
157 32 30195 1 1 1 0 1 1 1 0 0 0 0 1 0 1 1 0 1 1 1 1 1 1 1 1 0 0 0 0 0 0 1 1
158 32 41497 1 0 1 1 1 1 1 1 1 1 1 1 1 1 1 1 1 1 1 1 0 1 1 0 1 1 1 1 1 1 1 1
159 32 19382 0 0 0 1 1 0 1 0 0 0 0 0 0 1 1 0 0 1 1 0 0 0 1 1 0 1 0 1 0 0 0 0
160 32 25088 0 1 0 0 1 0 0 1 0 1 1 0 1 1 0 0 0 1 0 0 0 0 0 1 1 0 1 1 1 1 1 0
161 32 29320 1 1 0 0 1 0 0 0 1 0 0 1 0 1 1 1 0 1 1 0 1 0 0 1 0 1 1 1 0 1 0 1
162 32 36744 1 1 1 1 1 1 0 1 1 1 1 1 1 1 1 1 1 1 1 1 1 1 1 1 1 1 1 1 1 1 0 1
163 32 33017 1 0 1 1 1 1 1 0 1 1 1 1 1 1 1 1 0 1 1 1 1 1 1 1 1 1 1 1 1 1 1 1
164 32 30609 1 1 0 0 0 0 1 0 1 1 0 1 0 0 1 0 1 1 1 0 1 0 0 1 1 0 1 1 1 1 0 1
165 32 21877 1 0 1 0 1 1 0 0 0 1 0 0 0 0 0 1 1 1 1 0 1 1 0 1 0 1 0 0 1 0 1 0
166 32 19206 0 0 1 1 0 0 1 0 1 0 1 0 0 1 0 1 0 0 1 0 1 0 1 1 1 0 0 0 0 0 0 0
167 32 25532 0 0 0 0 1 1 0 1 0 0 0 0 1 1 1 1 1 1 1 0 0 0 0 0 1 0 1 1 0 1 0 0
168 32 40648 1 1 1 0 1 1 1 1 1 1 1 1 1 0 0 1 1 1 1 1 1 1 1 1 1 1 1 1 1 0 1 1
169 32 43277 1 1 0 0 1 1 1 0 1 1 1 1 1 0 1 1 1 1 1 1 1 1 1 1 1 1 1 0 1 1 1 1
170 32 29168 0 0 1 0 0 1 1 1 0 0 1 1 0 1 1 1 0 1 0 1 1 1 0 1 1 0 1 1 1 0 1 1
171 32 17081 0 0 1 1 1 1 0 0 1 0 1 0 0 1 0 0 0 0 1 0 0 0 0 0 1 0 0 0 0 0 0 0
172 32 11021 1 0 1 0 1 0 0 0 0 0 0 1 0 0 0 0 0 0 0 0 1 0 0 0 0 1 0 0 0 1 0 0
173 32 34541 1 0 1 0 1 0 1 1 0 1 0 1 0 1 1 1 1 1 1 1 0 0 0 1 0 1 1 1 0 1 1 1
174 32 39357 1 1 0 1 1 1 1 1 1 1 0 1 1 0 1 1 1 1 1 1 0 1 1 1 0 1 1 1 1 1 1 1
175 32 41384 1 1 1 0 1 1 1 1 0 1 1 1 1 1 1 1 1 1 1 1 0 1 1 1 1 1 1 1 0 1 1 1
176 32 24313 0 1 1 1 0 0 1 1 1 1 0 0 1 0 0 0 1 0 0 1 1 0 0 0 0 1 1 0 1 0 0 1
177 32 16083 0 0 1 1 0 0 0 0 0 1 0 1 0 0 0 0 1 1 0 1 1 1 0 0 1 0 0 0 0 0 1 0
178 32 30600 1 0 1 1 0 1 1 1 1 0 1 1 0 1 0 1 1 1 0 0 0 1 1 1 0 1 0 1 0 0 1 1
179 32 14445 0 1 0 0 0 0 1 0 0 1 0 0 1 0 0 1 1 0 1 0 1 0 1 0 1 0 0 0 0 0 0 0
180 32 13719 1 1 0 0 0 0 0 0 1 0 0 1 0 0 0 0 0 0 0 1 0 1 1 0 0 0 1 0 1 0 0 0
181 32 40052 1 0 0 1 0 0 1 1 1 1 1 1 1 1 1 1 1 0 1 1 1 1 1 1 0 1 1 1 1 1 1 1
182 32 7896 0 0 0 0 0 0 0 0 0 0 0 0 1 0 1 1 0 0 0 1 0 0 0 0 1 0 0 1 0 0 0 0
183 32 36877 1 1 0 0 1 1 0 1 1 0 1 0 1 1 0 1 0 0 1 0 1 1 1 1 1 1 1 1 1 1 0 1
184 32 33228 1 1 0 1 0 1 0 1 0 1 1 0 1 1 0 1 1 1 0 0 1 1 1 1 1 1 0 1 1 1 1 1
185 32 1338 1 0 0 0 0 0 0 0 0 0 0 0 0 0 0 0 0 0 0 0 0 0 0 0 0 0 0 0 0 0 0 0
186 32 28446 1 1 0 1 0 0 0 1 1 1 1 0 0 0 0 0 0 0 1 1 1 0 1 0 1 1 0 1 0 1 0 1
187 32 20650 0 0 0 0 1 0 1 0 0 0 1 0 0 0 0 1 1 0 0 0 1 1 0 0 0 1 1 0 1 0 1 0
188 32 43243 1 1 1 1 1 1 0 1 1 0 1 0 1 1 1 1 1 1 1 1 1 1 1 1 1 0 0 1 0 1 1 1
189 32 31825 1 1 1 1 1 1 1 1 0 1 0 1 0 1 0 1 1 1 0 1 1 1 1 1 1 1 1 1 1 0 1 0
190 32 24061 1 1 1 1 1 0 0 1 1 1 0 0 1 0 0 1 0 0 0 0 0 1 1 0 0 0 0 0 1 1 1 1
191 32 20925 1 1 1 0 0 0 1 0 0 0 0 1 1 1 0 0 1 0 1 1 0 0 1 0 0 1 1 0 0 0 1 0
192 32 40801 1 1 1 1 1 1 1 1 1 1 1 1 1 1 1 1 1 1 1 1 0 1 1 1 1 1 0 1 1 1 1 1
193 32 44935 1 1 1 1 0 1 1 1 1 1 1 1 1 1 0 1 1 1 1 1 1 1 1 1 1 1 1 1 1 1 0 1
194 32 26769 1 1 0 1 1 0 1 1 1 1 0 0 0 1 1 1 0 1 0 0 1 0 0 1 0 0 1 0 0 0 1 0
195 32 2853 0 1 0 0 0 0 0 0 0 0 0 0 0 0 0 0 0 0 0 0 0 0 0 0 0 0 0 0 0 0 1 0
196 32 17479 1 0 1 0 0 0 0 0 1 0 0 0 0 0 0 1 1 0 0 0 1 0 1 0 0 1 1 0 0 0 0 0
197 32 41860 1 1 1 1 1 1 1 1 1 1 1 1 1 0 1 1 1 1 1 1 0 1 1 1 1 1 1 1 1 1 1 1
198 32 2930 0 0 0 0 0 0 0 0 1 0 0 0 0 1 0 0 0 0 0 0 0 0 0 0 0 0 0 0 0 0 0 0
199 32 40048 0 0 1 1 1 1 1 1 1 1 1 1 1 1 1 0 1 1 1 1 1 1 1 1 1 1 1 1 1 1 1 1
200 32 30527 1 1 1 0 0 0 1 0 0 1 1 1 1 1 1 0 0 1 1 1 1 1 0 1 1 0 1 1 1 0 0 1
201 32 22038 1 1 0 0 1 0 1 0 0 1 0 0 1 1 0 1 1 0 1 0 0 0 0 0 0 0 0 1 0 1 0 1
202 32 34198 1 1 1 1 1 1 1 1 1 1 1 0 1 1 1 0 1 1 1 0 1 1 1 0 1 1 1 1 1 1 1 0
203 32 39474 0 0 0 1 1 1 1 1 1 1 0 1 0 1 0 1 1 1 1 1 1 1 1 1 0 1 1 1 1 1 1 1
204 32 20761 1 1 1 0 0 1 0 0 1 0 0 0 1 0 0 1 1 0 1 0 1 0 0 1 0 0 1 0 0 0 1 0
205 32 31039 1 1 0 1 1 1 1 1 1 0 0 1 1 1 1 1 1 1 1 1 0 0 1 1 1 1 1 1 1 1 0 1
206 32 22421 1 0 1 1 0 1 1 1 0 0 0 0 1 0 1 1 0 1 1 0 0 1 0 0 1 0 0 0 0 1 0 0
207 32 42646 1 0 1 1 0 1 1 1 1 1 1 1 1 1 1 1 1 1 1 1 1 1 1 1 1 1 1 1 1 1 1 1
208 32 36426 1 1 1 1 0 1 1 1 1 0 1 1 1 1 1 1 1 1 1 0 1 1 1 1 1 1 1 1 0 0 1 1
209 32 37294 1 1 1 1 1 1 1 1 1 1 1 1 1 0 1 1 1 1 1 1 1 1 1 1 1 1 1 1 1 1 1 1
210 32 19956 0 1 0 1 1 0 0 0 0 1 0 1 0 0 0 1 1 1 0 0 0 0 0 1 0 0 0 1 1 1 0 1
211 32 41267 1 1 0 1 1 1 1 0 1 1 1 0 1 1 1 1 1 1 1 1 1 1 1 1 1 1 1 1 1 1 0 1
212 32 16517 0 1 0 0 0 1 0 0 1 0 0 0 1 0 0 1 0 0 0 1 0 0 0 1 0 0 0 0 0 0 1 1
213 32 21237 0 0 0 0 0 1 1 0 1 0 1 0 0 1 1 0 1 0 1 0 0 1 0 0 1 1 0 1 0 0 0 1
214 32 37515 0 1 1 1 0 0 1 1 1 1 1 1 1 0 1 1 1 1 1 1 1 0 1 1 1 1 1 1 1 1 1 1
215 32 41990 1 1 1 1 1 1 1 1 0 1 1 1 1 0 1 0 1 0 1 1 1 1 1 1 0 1 1 0 1 1 1 1
216 32 40232 1 1 1 1 1 1 1 1 1 1 1 1 1 1 1 1 1 0 1 1 1 1 1 1 1 1 1 1 1 0 1 1
217 32 22976 1 0 0 1 0 0 0 1 0 1 0 0 0 0 0 1 0 1 0 0 1 1 0 1 1 0 0 0 1 1 1 1
218 32 39858 1 0 1 1 1 1 1 1 1 1 1 1 0 1 1 0 1 0 1 1 0 0 0 1 0 1 1 1 0 1 1 1
219 32 17448 1 0 1 0 1 1 0 1 0 0 0 0 0 0 1 1 0 0 1 1 0 0 0 0 0 0 0 1 0 1 1 1
220 32 25088 1 1 1 0 1 0 1 1 1 1 1 0 0 0 0 0 1 0 0 1 1 0 0 0 0 1 0 0 0 0 1 1
221 32 29105 1 1 0 0 1 0 1 0 0 1 1 0 0 1 1 1 0 1 0 1 1 0 1 1 0 0 1 1 1 0 1 1
222 32 36911 1 1 1 1 1 1 1 1 1 0 1 1 0 1 1 1 1 1 1 1 0 1 1 0 1 1 0 0 1 1 1 1
223 32 36410 1 0 1 1 1 1 1 1 1 1 1 0 1 1 1 1 1 1 1 0 1 1 0 1 0 0 1 1 0 1 1 1
224 32 36271 1 1 1 1 1 1 1 1 1 1 1 1 1 1 1 1 1 1 1 1 1 1 1 1 1 1 1 0 1 1 1 1
225 32 29342 1 1 1 1 1 0 0 1 1 1 1 1 1 0 0 0 1 1 1 1 0 1 1 0 0 0 1 1 0 1 0 1
226 32 40662 0 1 0 1 1 1 1 1 1 1 1 1 1 1 1 1 1 1 1 1 1 0 1 1 1 1 1 0 0 1 1 0
227 32 34161 0 1 1 0 1 0 1 1 1 1 1 0 1 0 1 1 1 1 1 1 0 1 1 1 0 1 1 0 0 0 0 1
228 32 40307 0 1 1 1 1 0 1 1 1 1 0 1 1 1 1 0 1 1 1 1 1 1 1 1 1 1 1 1 0 1 1 1
229 32 27660 0 0 0 0 0 1 0 1 0 1 1 0 1 0 0 0 0 0 0 1 0 1 1 1 1 1 1 0 1 1 1 0
230 32 27317 1 0 1 0 1 1 0 0 0 0 1 0 0 1 0 0 1 0 0 0 1 1 1 1 1 1 0 0 0 1 1 1
231 32 29627 1 0 1 0 0 1 1 1 0 1 0 1 1 0 0 0 1 1 1 0 1 1 0 0 0 1 1 1 0 0 1 1
232 32 31138 1 1 0 1 1 1 1 0 0 1 1 0 0 1 1 1 0 1 1 1 1 0 1 1 1 1 0 1 1 0 0 1
233 32 12825 1 1 1 0 0 0 0 0 0 0 0 0 0 1 0 0 0 0 0 0 1 0 0 1 0 0 0 0 0 0 1 1
234 32 33095 1 1 1 1 1 1 0 1 1 0 0 1 1 0 1 1 1 1 0 0 1 1 1 0 1 1 1 1 1 1 1 1
235 32 33333 1 1 1 1 1 0 0 1 1 1 1 1 1 0 0 1 1 0 0 1 1 1 0 1 1 1 1 1 1 1 0 1
236 32 29666 1 1 0 0 0 0 1 0 1 1 0 1 0 1 1 1 1 0 1 1 1 1 1 0 0 1 1 1 1 1 0 0
237 32 29973 1 1 0 1 0 1 0 0 0 1 1 1 1 1 1 1 0 0 1 1 0 1 0 1 1 0 1 1 1 1 0 0
238 32 37394 1 1 1 1 1 1 1 1 1 1 1 1 1 1 1 1 1 1 1 1 1 1 0 1 1 1 1 1 1 1 1 1
239 32 35411 1 1 1 1 1 1 1 1 1 1 1 1 1 0 1 1 0 1 1 0 1 1 1 1 1 1 1 1 1 1 1 1
240 32 38884 1 1 1 1 1 1 1 1 1 1 1 1 1 1 1 1 1 0 1 1 1 1 1 1 1 1 1 0 1 1 1 1
241 32 14416 0 0 0 0 0 0 0 1 1 1 0 0 0 0 1 0 0 0 1 0 0 1 0 1 0 1 0 0 0 0 1 1
242 32 19987 0 1 0 0 1 0 1 1 0 0 0 1 1 1 0 1 1 1 0 1 0 0 0 0 1 1 1 0 0 0 1 1
243 32 10424 0 0 0 1 0 0 1 1 0 0 0 0 0 0 0 0 0 0 0 1 0 1 0 0 0 0 0 0 0 0 0 0
244 32 42436 1 1 1 1 1 0 1 1 1 1 1 1 1 1 1 1 1 1 1 1 1 1 1 1 1 1 1 0 1 1 1 0
245 32 17349 1 0 1 0 0 1 0 1 0 0 1 0 1 1 0 0 0 1 0 0 1 0 0 0 1 1 0 1 0 0 0 0
246 32 43158 1 1 1 1 1 1 1 1 1 1 1 0 1 1 1 1 1 1 1 1 1 1 1 1 0 1 1 1 0 1 1 1
247 32 28939 1 1 1 1 1 0 0 0 1 0 1 1 1 1 1 1 1 0 0 1 1 0 1 1 1 1 1 1 1 1 0 0
248 32 34247 1 1 1 0 0 1 1 0 1 0 0 1 0 0 0 1 1 1 1 0 1 0 1 1 1 0 1 0 0 0 1 1
249 32 36746 1 1 0 1 1 1 1 1 1 0 1 0 0 1 0 1 1 1 1 1 1 0 1 1 0 0 1 0 1 1 0 1
250 32 43348 1 1 1 1 1 1 1 1 1 1 1 0 1 1 1 1 1 1 1 0 1 0 1 1 1 1 0 1 1 1 1 1
251 32 13239 0 0 1 1 1 1 0 0 0 0 0 0 0 0 1 1 0 0 0 0 0 1 0 0 0 0 0 0 0 0 0 0
252 32 27538 0 1 0 0 1 0 0 0 1 0 1 1 0 0 1 1 1 1 0 0 0 1 1 1 1 1 0 0 1 0 1 1
253 32 33059 0 0 0 0 0 1 1 0 1 1 1 1 1 1 1 0 1 1 1 1 1 1 0 0 1 1 1 0 1 1 0 1
254 32 29025 0 1 0 1 0 1 1 0 1 1 0 0 1 1 0 1 1 0 1 1 1 0 1 1 0 0 0 0 1 1 0 0
255 32 12122 0 0 1 0 1 0 1 1 0 0 0 0 0 1 0 0 0 0 0 0 0 0 0 1 0 0 1 0 0 0 0 1
256 32 15936 0 0 0 0 1 1 0 0 0 1 0 0 0 0 1 0 1 0 0 0 1 0 0 1 0 0 0 1 0 0 1 1
257 32 31090 1 1 0 0 1 1 0 1 1 1 0 1 1 1 0 1 0 1 0 1 1 0 1 0 0 0 1 1 1 0 1 1
258 32 34973 1 1 1 1 1 1 1 1 1 0 0 1 1 1 1 1 1 1 1 1 1 1 1 0 1 1 1 1 1 1 1 1
259 32 22260 1 1 0 0 1 1 0 0 1 0 1 1 0 1 1 0 0 0 0 0 0 0 1 0 0 0 0 1 1 1 0 0
260 32 32468 1 0 0 1 0 0 1 0 1 0 0 1 1 0 0 1 1 1 1 1 1 1 1 1 1 1 0 1 0 1 0 1
261 32 26389 0 0 0 0 1 0 1 1 1 1 1 0 0 0 0 1 1 1 1 0 1 1 0 1 0 1 0 0 0 1 0 1
262 32 38289 1 1 1 1 1 1 1 1 1 1 1 1 1 1 1 1 1 1 1 0 1 0 1 1 1 1 1 1 1 1 0 1
263 32 21664 0 1 0 0 1 1 1 1 0 0 0 0 0 1 1 0 1 0 1 0 0 0 1 0 0 0 1 1 0 0 1 1
264 32 26280 1 1 1 1 1 1 0 0 1 0 0 0 0 0 1 0 0 1 0 1 1 1 1 0 1 1 0 0 1 1 0 0
265 32 25530 0 0 0 1 0 0 0 1 0 1 0 0 0 1 1 1 0 1 0 0 0 1 1 1 0 0 0 0 1 1 1 1
266 32 8432 0 0 0 0 0 1 0 0 0 0 0 0 0 0 1 0 1 0 0 0 0 0 0 0 0 1 0 1 0 0 0 1
267 32 27533 1 1 0 1 0 0 1 1 0 1 0 1 1 1 1 1 1 1 1 0 1 1 1 0 1 0 1 1 1 0 0 1
268 32 35365 1 1 1 1 1 1 1 1 1 1 1 1 1 1 1 1 1 1 0 1 1 1 1 1 1 0 1 0 1 1 1 1
269 32 13233 0 0 0 0 0 1 0 0 0 1 0 0 0 0 0 0 0 1 0 0 1 1 0 0 0 0 1 1 0 1 0 0
270 32 18345 0 1 0 1 1 0 1 1 0 0 0 1 1 0 1 0 1 0 1 0 0 1 0 0 0 0 1 0 0 0 0 0
271 32 34771 1 0 1 1 1 0 1 1 0 0 0 1 1 1 1 1 0 1 1 1 1 1 1 1 0 1 0 1 1 1 0 1
272 32 41711 1 1 0 1 1 1 1 1 1 1 0 1 1 1 1 1 0 1 1 1 1 0 1 1 1 1 1 0 1 1 1 1
273 32 19339 0 0 0 0 0 1 0 1 1 0 0 0 1 0 1 1 1 1 1 0 0 0 0 0 0 0 0 1 1 0 0 1
274 32 30769 0 0 0 0 0 1 1 0 1 1 1 1 0 0 1 1 1 1 1 0 0 1 1 1 1 0 0 1 0 0 1 1
275 32 33847 0 1 1 1 0 0 0 1 1 1 0 1 1 1 1 1 1 1 1 1 1 0 0 1 0 1 0 1 0 1 0 1
276 32 38086 1 1 0 1 1 1 1 1 0 0 0 1 1 0 1 1 0 1 1 1 1 1 1 0 1 1 1 1 0 1 1 0
277 32 26174 1 0 1 0 1 1 0 0 1 1 1 1 1 1 1 1 0 1 0 1 1 1 1 1 1 1 0 1 1 0 0 0
278 32 41079 1 1 1 1 0 1 1 0 1 1 1 1 1 1 1 1 1 1 1 1 1 1 1 1 1 1 1 1 1 0 1 0
279 32 38248 0 1 1 0 1 1 1 0 0 1 1 0 1 0 0 1 1 1 1 1 1 0 1 1 1 1 1 0 1 1 1 1
280 32 36740 0 1 1 1 1 1 1 1 1 1 1 1 1 1 0 1 1 1 1 1 1 1 1 1 0 1 1 1 1 1 1 1
281 32 33189 1 1 1 0 1 1 0 1 1 1 1 0 1 1 1 1 1 1 1 1 1 1 1 0 1 1 1 1 1 1 1 1
282 32 38762 1 1 0 1 1 1 1 1 1 1 1 1 1 1 1 1 1 1 1 1 1 1 0 0 1 1 1 1 1 1 1 1
283 32 41386 1 1 1 1 1 1 1 1 1 1 1 1 1 1 1 1 1 1 1 1 1 1 1 1 1 1 1 1 1 1 0 1
284 32 28801 0 1 0 1 1 1 1 0 0 1 0 1 0 1 0 0 0 1 1 1 0 0 1 0 1 1 1 0 1 1 0 0
285 32 39314 1 1 1 1 1 1 1 1 1 1 1 0 1 1 1 1 1 1 1 1 1 1 1 1 1 1 1 0 1 1 1 1
286 32 20979 0 1 0 1 0 1 0 0 1 1 0 1 0 0 1 1 0 0 0 1 0 0 0 0 1 0 1 0 0 0 1 0
287 32 42857 1 0 1 1 1 1 0 1 1 1 0 1 1 1 1 1 1 0 0 1 1 1 1 1 0 1 1 1 0 1 1 1
288 32 24064 0 1 0 1 0 1 0 1 1 1 0 0 1 1 1 1 0 0 0 1 1 0 1 0 0 0 0 0 1 1 0 0
289 32 32060 1 1 1 1 1 1 1 0 1 1 0 1 0 1 1 0 1 1 1 0 1 0 1 0 1 0 0 1 1 0 1 1
290 32 12907 0 0 1 0 0 0 0 0 1 0 0 0 0 0 1 1 1 0 0 0 0 0 0 0 1 0 0 0 0 0 1 0
291 32 23790 1 0 0 1 0 0 0 0 0 0 0 0 1 0 1 1 1 0 0 1 0 0 1 1 0 0 1 1 1 0 1 1
292 32 36374 1 1 1 1 1 1 1 1 1 1 1 1 1 1 1 1 1 1 1 1 1 1 1 1 1 1 1 1 0 1 1 1
293 32 2042 0 0 0 0 0 0 0 0 0 0 0 0 0 0 0 0 0 0 0 0 0 0 0 0 0 0 0 0 0 0 1 0
294 32 35183 1 1 0 1 1 1 1 1 1 0 1 1 1 1 1 1 1 1 0 1 0 1 0 1 1 1 1 0 0 0 1 1
295 32 36978 1 1 0 0 1 1 1 1 1 1 1 0 1 1 0 1 1 1 1 0 0 1 1 1 0 1 1 1 1 1 1 1
296 32 36540 1 1 1 1 1 1 1 1 1 1 1 1 1 1 1 1 0 1 1 1 1 0 1 1 1 1 1 1 1 1 1 1
297 32 37015 1 0 0 0 1 1 0 1 1 1 1 1 1 0 0 1 1 1 1 1 1 1 1 1 1 1 1 0 1 1 0 1
298 32 31670 1 1 0 1 0 0 0 0 0 1 1 0 1 1 1 0 1 1 1 0 1 0 0 1 1 1 1 1 1 1 0 0
299 32 36550 1 1 1 1 1 1 1 1 1 0 1 1 1 1 1 1 1 1 1 1 1 1 1 1 1 1 1 1 1 1 1 1
300 32 21240 1 0 1 0 1 1 0 0 0 0 1 0 0 1 1 1 0 0 0 1 0 0 0 1 1 1 0 1 0 1 1 0
301 32 40950 1 1 1 1 1 1 1 1 1 1 0 1 1 1 0 1 1 1 1 1 1 1 0 1 1 1 1 1 1 1 1 0
302 32 33856 1 1 1 1 1 1 1 0 0 0 1 1 1 1 1 1 1 1 1 1 1 1 0 1 1 0 1 1 1 1 1 1
303 32 37434 0 0 1 1 1 1 1 1 1 1 1 1 1 1 1 1 1 1 1 1 1 1 1 1 1 1 1 1 1 0 1 0
304 32 37047 1 1 1 1 0 1 1 1 0 1 1 0 1 1 1 1 1 1 1 1 1 1 0 1 1 1 1 1 1 1 1 1
305 32 29600 0 0 0 0 1 1 1 1 0 0 1 1 0 1 1 1 0 1 0 1 0 1 0 1 1 1 0 1 0 0 1 0
306 32 35653 1 1 1 1 1 1 1 1 1 1 1 1 1 1 1 1 1 1 1 1 1 0 0 0 1 1 1 1 1 1 1 1
307 32 31205 1 1 1 1 1 0 1 1 0 0 1 0 0 1 0 1 1 1 0 0 0 1 0 0 1 1 0 0 0 1 1 0
308 32 23792 0 0 1 1 1 0 1 0 0 1 1 0 1 1 0 0 0 0 0 1 0 1 1 1 0 0 0 0 1 1 1 0
309 32 39423 1 1 1 1 1 0 1 1 0 1 1 1 0 1 1 1 1 1 1 0 0 1 1 1 1 1 0 0 1 1 1 1
310 32 33418 1 1 1 1 0 0 0 1 0 1 1 1 1 1 1 1 1 1 0 0 0 1 1 1 1 1 0 1 0 0 1 1
311 32 35004 1 1 1 1 1 0 0 0 1 1 1 1 0 0 1 1 1 0 1 1 0 1 0 0 1 1 1 0 0 1 0 0
312 32 23458 1 1 1 0 1 0 1 0 1 1 0 1 0 0 0 0 0 0 0 1 1 0 0 0 0 1 1 1 0 0 0 0
313 32 36501 1 1 0 1 1 1 0 1 1 1 1 1 1 1 1 1 1 1 1 1 1 0 1 1 1 1 1 0 1 1 1 1
314 32 29138 1 1 1 0 1 1 0 1 1 1 0 0 1 0 1 0 1 1 0 0 1 1 1 0 1 1 0 0 1 1 0 0
315 32 18840 0 1 1 0 0 0 0 1 1 0 1 1 1 0 0 0 0 1 0 0 0 1 1 0 0 0 0 0 0 1 0 0
316 32 44273 1 1 1 1 1 1 1 1 1 0 1 1 1 1 1 1 1 1 1 1 1 1 1 1 1 1 1 1 1 1 1 1
317 32 15076 0 0 0 0 0 0 0 1 1 0 0 0 1 1 1 0 0 0 0 0 0 0 0 0 0 1 0 0 0 0 1 1
318 32 19701 0 0 1 0 0 1 1 1 0 1 0 1 0 1 0 0 0 0 0 1 1 0 0 0 0 0 1 0 0 1 0 0
319 32 35188 0 1 1 1 1 1 1 1 0 1 1 1 0 1 1 1 1 1 1 1 1 1 1 0 0 1 1 0 1 1 1 1
320 32 30771 1 1 1 0 0 1 1 0 1 0 1 1 0 0 0 1 0 1 0 1 1 0 0 1 0 1 1 1 0 0 1 0
321 32 32993 1 1 1 1 1 0 0 0 1 0 1 1 1 1 0 1 1 1 1 0 1 0 1 1 1 1 1 0 1 1 1 1
322 32 35591 0 1 1 1 0 1 1 1 1 1 1 1 1 0 1 1 1 0 1 1 0 1 1 1 1 1 1 1 1 1 1 1
323 32 21496 0 0 0 1 0 0 1 1 1 0 0 1 1 0 0 1 1 1 1 0 1 0 0 0 1 0 0 0 1 0 0 0
324 32 43938 1 1 1 1 1 1 1 0 1 1 0 1 1 1 1 1 1 1 1 1 1 1 1 1 1 1 1 1 1 1 1 1
325 32 20930 0 0 0 1 0 0 1 1 1 0 0 1 0 1 1 0 0 0 1 1 0 0 0 1 0 1 0 1 1 0 0 0
326 32 39535 1 0 1 1 0 0 1 1 1 1 1 1 1 0 0 1 0 1 0 0 1 0 1 0 0 1 1 1 1 1 0 1
327 32 34513 0 1 1 1 1 1 1 1 1 1 1 1 0 1 1 1 1 1 1 0 1 1 1 0 1 1 0 1 1 0 0 0
328 32 27207 1 1 1 1 1 0 0 0 1 1 0 1 0 1 1 0 1 1 1 0 1 0 1 0 1 1 1 1 1 0 1 1
329 32 15924 0 1 0 0 1 0 0 1 1 0 0 0 1 0 0 1 0 0 0 1 0 0 0 1 0 1 1 0 0 0 0 1
330 32 37530 1 1 1 1 1 1 1 0 0 1 1 1 1 1 1 1 1 1 1 1 1 1 1 1 1 1 1 1 1 1 1 1
331 32 44792 1 1 1 1 1 1 1 1 1 1 0 1 1 1 1 1 1 1 1 1 1 1 1 1 1 1 1 1 1 1 1 1
332 32 30528 0 1 1 0 0 0 1 1 0 1 0 1 0 0 1 1 0 1 1 0 1 0 1 0 1 0 0 0 0 1 1 1
333 32 5736 0 0 0 0 0 1 0 0 0 0 0 0 0 0 0 0 0 0 0 0 0 0 0 1 0 0 1 1 0 0 0 0
334 32 9549 0 0 0 0 1 0 0 0 0 0 1 0 0 0 0 1 0 0 0 0 0 0 0 0 0 0 0 0 1 0 1 0
335 32 26981 1 0 1 0 0 1 0 0 1 1 1 0 0 1 0 1 1 0 0 0 1 1 1 1 1 0 0 1 1 1 0 1
336 32 29502 0 0 1 0 0 1 1 1 1 1 1 1 1 0 0 0 0 1 0 0 0 1 1 1 1 0 1 1 0 1 1 0
337 32 39886 1 0 0 1 1 1 1 1 1 0 1 1 1 0 1 1 1 0 1 0 0 1 0 0 0 1 1 1 1 1 1 1
338 32 19509 1 0 0 0 1 1 1 1 0 0 0 0 1 0 0 0 1 0 0 0 0 1 0 0 1 0 1 0 0 1 1 0
339 32 33382 1 0 1 1 1 1 0 1 1 0 1 0 1 1 1 0 1 1 1 0 0 0 0 1 1 1 1 1 1 0 1 1
340 32 10516 0 0 0 0 1 0 0 0 0 0 0 0 0 0 1 0 0 0 0 1 1 0 0 1 0 0 0 0 0 0 0 0
341 32 35789 1 1 1 0 0 0 1 1 1 1 1 1 1 1 1 1 0 1 1 0 1 1 1 1 1 1 1 1 1 1 1 1
342 32 12960 1 1 0 1 0 0 0 0 0 0 0 0 0 0 0 0 0 0 1 0 1 1 0 0 0 1 0 1 0 1 0 0
343 32 40363 1 1 1 1 1 1 1 1 1 1 0 1 0 1 1 1 1 1 1 0 1 1 1 0 1 1 1 1 1 1 0 1
344 32 33850 1 0 1 0 1 0 1 0 1 1 0 0 0 0 1 1 1 1 0 1 1 1 1 0 1 1 1 0 1 0 0 1
345 32 30760 0 1 1 1 1 0 1 0 0 1 1 0 1 0 1 0 0 1 1 1 0 0 1 0 1 1 1 1 1 1 0 0
346 32 6252 0 0 0 0 0 0 0 1 0 0 0 0 0 0 0 0 0 0 1 0 1 0 0 0 0 0 0 1 0 0 0 0
347 32 9385 0 1 1 1 0 1 0 0 1 0 0 0 0 0 0 0 1 0 0 0 0 0 0 1 0 0 0 0 1 0 0 0
348 32 37380 1 1 1 1 1 1 0 1 1 1 1 1 0 0 0 0 1 1 0 1 1 0 1 1 0 0 1 1 1 1 0 1
349 32 26637 1 1 0 1 0 0 0 0 0 1 1 0 1 1 1 1 0 0 0 0 1 0 0 1 1 1 1 0 1 0 0 0
350 32 25675 1 0 1 0 1 0 0 0 0 0 0 0 1 1 0 1 1 1 1 1 1 0 0 0 1 0 1 1 0 0 0 1
351 32 37513 0 1 1 1 0 1 1 1 0 1 1 1 1 1 1 0 1 1 1 1 1 1 1 1 1 0 1 0 1 1 1 1
352 32 18429 0 0 0 0 0 0 0 1 0 0 0 0 0 1 0 0 0 0 0 1 1 1 1 1 1 1 0 1 0 1 0 1
353 32 34447 0 0 0 0 0 1 1 0 1 0 1 0 1 1 1 1 1 1 0 1 0 1 1 1 0 1 1 1 1 0 1 1
354 32 14221 0 0 0 0 0 0 1 0 0 1 0 0 1 1 0 0 1 0 0 0 1 0 1 0 1 0 0 1 0 0 0 0
355 32 40237 1 1 1 0 1 1 1 1 1 1 1 1 0 1 1 1 1 1 1 1 1 1 1 1 1 1 1 1 0 0 1 1
356 32 33339 1 1 0 1 1 0 0 1 0 1 1 1 1 1 0 0 1 1 1 1 1 1 0 0 0 1 0 1 0 1 0 1
357 32 17182 0 1 0 1 0 0 1 0 0 0 1 0 0 0 0 0 1 0 0 1 1 0 1 0 1 1 0 0 0 0 0 0
358 32 25157 0 1 0 1 1 0 1 0 1 0 1 1 0 1 1 0 0 1 0 0 0 1 0 0 0 1 1 0 0 1 1 1
359 32 37855 1 1 1 1 1 1 1 1 1 1 1 1 1 1 1 1 1 1 1 1 1 1 1 1 1 1 1 0 1 1 1 1
360 32 21417 1 1 1 0 1 1 0 1 0 0 1 0 0 0 0 0 1 0 0 0 0 0 0 0 0 1 0 1 0 0 0 1
361 32 11440 1 1 0 0 0 0 1 0 1 0 0 0 0 0 0 1 1 1 0 0 0 0 0 0 0 0 0 0 0 0 0 1
362 32 27229 1 1 1 1 1 1 0 0 0 0 0 0 1 0 0 1 0 0 0 0 1 0 0 0 0 0 1 0 1 1 1 1
363 32 43756 1 1 1 1 1 1 1 0 0 1 1 1 1 1 1 1 1 1 1 1 1 1 1 1 1 1 1 1 1 1 1 1
364 32 27565 1 1 0 1 1 0 0 1 1 1 1 0 1 1 1 1 1 1 0 1 0 0 0 0 1 0 0 0 0 1 1 1
365 32 37405 1 1 1 0 1 1 1 1 1 1 1 1 1 1 1 1 1 1 1 1 1 1 1 1 1 1 1 1 1 1 1 1
366 32 45832 1 1 1 1 1 1 1 1 1 1 0 1 1 1 1 1 1 0 1 1 1 1 1 0 1 1 1 1 1 1 1 0
367 32 40445 1 1 1 1 1 1 1 1 1 0 1 1 1 1 1 1 1 1 1 1 1 1 1 1 1 1 1 1 1 1 1 1
368 32 30289 1 1 1 1 1 1 1 1 1 1 1 1 1 1 1 1 1 1 0 1 1 0 1 1 1 1 0 1 1 1 1 0
369 32 37313 1 1 0 1 1 1 0 1 0 1 1 1 0 1 1 1 0 0 1 1 1 1 1 0 1 1 0 1 1 0 1 0
370 32 31610 1 0 0 1 1 1 1 0 0 0 0 1 1 1 1 1 0 0 1 1 0 1 0 0 1 0 1 0 1 0 0 1
371 32 2962 0 0 0 0 0 0 0 0 0 0 0 0 1 0 0 0 0 0 0 0 0 0 0 0 0 1 0 0 0 0 0 0
372 32 37741 1 1 1 1 1 1 1 1 1 1 1 0 0 0 1 1 0 0 0 1 1 1 0 1 1 1 1 1 1 1 1 1
373 32 38909 1 1 1 1 1 1 1 1 1 1 1 1 1 1 1 0 0 0 1 1 1 1 1 1 0 1 1 0 1 1 0 1
374 32 37366 1 1 1 1 0 0 1 1 1 1 1 1 1 1 1 1 0 0 1 1 1 1 1 1 1 0 1 1 1 1 1 1
375 32 32648 1 0 1 1 1 1 1 1 1 1 1 1 1 1 1 1 1 1 1 1 1 1 1 1 1 1 1 1 1 1 1 1
376 32 41927 1 1 1 1 0 1 1 1 1 1 1 1 1 1 1 1 1 1 1 1 1 1 1 1 1 1 1 1 1 1 1 1
377 32 22087 0 1 1 0 0 0 1 0 1 1 0 1 1 1 0 0 0 0 1 0 1 1 0 0 0 0 1 1 0 0 1 0
378 32 44352 1 1 1 1 1 0 1 1 1 1 1 1 1 1 1 1 1 1 1 1 1 1 1 1 1 1 1 1 1 1 1 1
379 32 23348 0 0 1 0 0 1 0 1 1 1 0 1 0 1 1 0 1 1 1 0 0 1 0 1 0 1 0 0 0 0 0 0
380 32 42766 1 1 0 1 1 1 0 1 1 1 1 1 0 1 1 1 1 1 1 0 1 1 1 0 1 1 0 1 1 1 1 0
381 32 39539 1 1 0 1 0 1 1 1 1 1 0 1 1 1 1 1 1 1 1 1 1 1 0 1 0 1 1 1 1 1 1 1
382 32 17616 0 0 0 1 0 1 0 0 0 0 1 1 0 1 0 1 0 1 1 0 0 0 0 1 0 0 0 0 0 0 1 0
383 32 40564 1 1 1 1 1 1 1 1 1 1 1 1 1 1 1 0 1 1 1 1 0 1 1 1 1 1 0 1 1 1 1 1
384 32 12596 1 1 0 0 1 0 0 0 1 0 1 0 0 0 0 0 0 0 0 0 0 1 0 0 0 0 0 0 1 1 0 0
385 32 31973 1 1 1 0 0 1 1 1 0 1 1 1 1 1 1 1 1 1 1 1 1 1 0 1 0 0 1 1 1 1 1 1
386 32 25804 0 0 1 1 0 0 0 0 1 0 1 1 0 1 0 1 0 0 1 1 1 1 0 1 1 1 1 1 1 0 0 1
387 32 39926 1 0 0 1 1 1 1 1 1 1 0 1 1 1 0 1 1 1 1 1 0 1 0 1 1 1 1 0 1 1 1 1
388 32 29251 1 1 1 0 1 1 1 0 1 0 0 0 1 1 1 0 1 1 1 1 1 1 1 1 1 1 1 1 1 1 1 1
389 32 14778 0 0 0 0 0 0 0 1 1 1 0 0 1 0 0 0 0 0 1 0 0 1 1 0 0 1 0 0 1 0 0 0
390 32 27290 1 0 1 0 0 0 0 1 0 1 0 0 0 0 0 1 0 0 1 0 1 1 1 1 0 1 1 1 0 0 1 1
391 32 26848 0 1 0 0 0 0 1 0 1 1 1 0 0 0 0 1 1 1 1 0 0 0 1 1 0 0 0 1 1 1 1 1
392 32 26668 1 0 0 0 0 1 1 1 1 1 0 1 0 1 0 1 1 1 1 1 0 1 1 0 0 0 0 0 0 0 0 1
393 32 11914 1 0 0 0 0 0 1 1 0 1 0 0 0 1 0 0 0 0 0 0 0 0 0 0 0 0 0 0 1 1 0 0
394 32 38657 0 1 1 1 1 1 1 1 1 1 1 0 1 1 1 0 1 1 1 1 1 1 1 1 1 1 1 1 1 1 1 1
395 32 30911 1 1 1 1 0 1 1 1 1 1 1 0 1 1 1 1 1 1 1 1 0 0 0 0 0 1 0 0 0 1 0 1
396 32 40880 1 1 1 1 1 1 1 0 1 1 1 1 0 1 1 1 1 1 1 1 1 1 1 1 1 1 1 1 1 1 1 1
397 32 32259 1 0 1 1 1 0 0 1 0 1 0 1 1 1 1 0 1 1 1 1 1 1 0 0 1 0 0 1 1 1 0 1
398 32 20614 1 0 0 1 0 0 1 1 0 1 1 0 1 0 0 0 1 1 0 0 0 0 0 0 1 0 0 1 1 0 1 1
399 32 20510 1 1 1 1 0 0 1 0 0 1 0 0 1 1 0 1 0 1 0 0 0 0 0 0 0 0 1 0 0 1 0 1
400 32 35708 0 1 1 1 1 1 1 1 1 1 0 1 1 1 0 1 1 0 1 1 0 1 1 1 0 1 1 1 1 1 0 1
401 32 36513 1 1 1 0 1 1 1 0 1 1 0 0 0 1 1 1 1 1 1 1 1 1 0 0 1 0 1 1 1 1 1 1
402 32 21134 1 0 0 1 1 0 1 0 0 0 0 0 0 0 1 1 1 0 1 1 0 0 1 0 0 0 0 0 0 0 1 1
403 32 6890 0 0 1 0 0 0 0 0 0 0 0 0 0 0 0 0 0 0 0 0 1 0 1 0 0 0 0 0 0 1 0 0
404 32 29481 0 1 1 0 1 1 0 1 1 1 1 1 0 1 1 1 1 1 1 1 0 1 1 1 0 0 1 1 0 0 0 0
405 32 38646 1 0 1 1 1 1 0 1 1 0 1 1 0 1 1 1 1 1 1 1 1 1 1 1 1 1 0 1 1 1 1 1
406 32 40491 1 1 1 1 1 1 1 1 1 1 0 1 1 1 1 1 1 1 1 1 1 1 1 1 1 1 1 1 1 1 1 0
407 32 27209 1 0 0 1 1 0 1 1 1 0 0 1 1 1 0 0 1 0 0 0 1 0 1 1 0 1 0 1 0 0 0 1
408 32 24353 0 1 1 0 1 0 1 1 0 1 1 1 1 0 0 0 0 1 0 0 0 0 1 0 0 1 0 0 0 1 1 1
409 32 29935 1 1 1 1 0 1 0 0 0 1 1 1 1 1 1 1 0 1 1 1 1 1 1 1 1 1 1 1 1 0 1 1
410 32 19680 0 0 0 0 0 0 1 1 0 0 1 0 1 0 0 1 1 0 0 1 0 0 1 0 1 1 0 0 0 0 1 0
411 32 10845 0 0 1 0 1 1 0 0 0 0 0 0 0 0 0 0 0 0 0 0 0 0 0 0 0 0 0 1 1 0 0 0
412 32 24377 0 0 0 0 0 1 1 1 0 0 1 0 1 0 1 0 1 0 1 0 1 0 1 0 1 1 0 0 0 0 0 1
413 32 41019 1 1 1 1 1 1 1 1 1 1 1 1 1 1 1 1 1 0 0 1 1 1 0 1 1 0 1 0 1 0 1 1
414 32 40309 1 1 1 1 1 1 0 1 1 1 1 1 1 1 1 1 1 1 1 1 1 1 1 1 1 1 1 1 1 1 0 1
415 32 37375 0 1 1 1 1 1 1 0 1 1 1 1 1 1 0 0 1 1 1 0 1 1 1 0 1 0 0 0 0 1 1 1
416 32 25044 1 0 1 1 0 0 0 1 1 0 0 0 0 0 0 1 0 1 1 0 0 1 0 1 0 0 1 1 0 1 0 1
417 32 29394 0 0 0 1 1 1 0 0 1 0 1 0 1 1 1 0 0 1 0 0 0 1 1 1 1 0 1 0 1 1 1 1
418 32 41954 1 1 0 1 1 1 1 1 1 0 1 1 1 1 1 1 1 1 1 1 1 1 0 1 1 0 1 1 1 0 1 1
419 32 41173 1 1 1 1 1 1 0 1 1 1 1 1 1 1 1 1 1 1 1 1 1 1 0 1 1 1 1 1 1 1 1 1
420 32 36512 1 1 0 1 1 0 0 1 1 1 1 1 1 1 0 0 0 1 0 1 0 0 0 1 0 1 1 1 0 1 1 0
421 32 17580 0 0 1 1 1 0 0 1 0 0 0 0 0 0 1 1 0 0 0 0 0 0 1 0 1 0 0 1 0 0 0 0
422 32 12579 0 1 0 0 1 0 0 1 0 0 1 1 1 0 0 0 0 0 0 0 1 0 0 0 0 0 0 1 0 0 0 0
423 32 41249 1 0 1 1 1 1 1 1 1 0 0 1 1 1 0 1 1 0 1 0 0 1 1 1 0 1 0 0 1 1 1 1
424 32 31718 1 0 1 1 1 1 1 0 1 1 1 0 0 1 1 1 1 1 1 1 1 0 0 0 1 1 1 1 1 0 0 1
425 32 26827 0 1 1 0 0 0 0 1 0 1 0 1 0 1 0 0 1 1 0 0 1 0 0 0 1 1 1 1 0 1 1 0
426 32 35071 1 0 1 0 0 0 1 1 1 1 1 1 1 1 1 1 0 1 0 1 1 0 0 1 1 1 0 1 1 0 1 1
427 32 8509 0 1 1 0 0 0 0 0 0 0 0 0 0 1 0 0 1 0 0 0 0 0 0 0 0 0 0 0 1 0 0 0
428 32 34607 1 0 1 0 1 1 1 1 1 1 1 1 0 1 0 1 1 0 1 0 1 1 0 1 1 0 0 0 0 1 1 0
429 32 32261 1 1 1 0 1 1 1 1 1 0 0 1 0 1 1 0 0 1 0 0 1 0 1 1 1 0 1 1 1 1 0 1
430 32 5086 0 0 0 0 0 0 0 0 0 0 0 1 0 0 0 0 0 1 0 0 1 0 0 0 0 0 0 0 0 1 1 1
431 32 27864 0 0 1 0 0 1 1 1 0 0 1 0 1 1 1 1 0 0 0 1 0 0 0 1 0 1 0 1 1 0 0 1
432 32 13206 0 1 1 1 0 0 0 0 1 0 0 0 1 1 0 0 0 0 0 0 0 0 0 0 0 0 0 1 1 0 1 0
433 32 39293 0 0 1 1 1 1 1 1 1 1 1 1 1 1 1 1 1 1 1 1 1 1 1 1 0 1 1 1 0 1 1 1
434 32 15357 0 0 1 0 0 0 0 0 1 0 0 0 1 1 0 0 1 1 1 0 0 0 0 0 1 0 0 0 0 0 0 0
435 32 28474 1 1 1 1 0 1 0 0 1 0 1 0 0 0 1 1 1 0 0 1 1 0 0 0 1 1 1 1 0 0 1 1
436 32 33507 1 1 1 1 1 1 1 1 1 1 0 1 1 1 1 1 1 0 1 1 1 1 1 1 1 1 1 1 1 1 1 1
437 32 33658 0 1 1 0 1 1 1 1 1 1 1 0 1 1 1 1 1 1 1 1 1 1 1 0 1 1 1 1 1 1 1 1
438 32 15253 0 1 0 0 1 0 1 1 0 0 0 0 0 1 0 1 0 0 0 0 0 0 1 0 1 1 0 0 1 0 1 0
439 32 34009 1 1 1 1 1 0 1 1 0 0 0 1 1 1 0 1 1 1 0 1 1 1 1 1 0 1 1 0 0 1 1 1
440 32 29762 0 1 1 0 1 0 1 0 0 0 1 0 0 1 0 0 0 0 0 1 1 1 1 1 0 1 0 1 1 1 0 1
441 32 33184 0 1 1 1 1 1 1 1 1 1 1 1 1 0 0 1 0 1 0 0 0 1 0 0 1 1 0 0 1 0 1 1
442 32 27648 0 0 1 0 0 0 0 1 1 0 0 1 1 0 0 0 0 1 0 1 0 1 1 1 1 1 1 0 1 0 1 1
443 32 36122 1 1 1 1 1 1 1 1 0 1 1 1 1 0 1 1 0 1 1 1 1 1 1 1 1 1 1 1 1 1 1 1
444 32 38143 0 1 1 0 1 1 1 1 1 1 1 0 1 1 1 0 1 1 1 1 1 1 1 1 1 1 1 1 1 1 1 1
445 32 31738 1 1 1 1 0 0 1 1 1 1 1 0 0 1 1 1 1 1 1 1 1 0 0 0 0 1 1 1 1 0 1 1
446 32 33368 1 1 1 0 1 1 1 0 1 1 1 0 0 0 0 1 1 0 1 1 1 1 1 1 1 0 0 1 1 1 1 0
447 32 34929 1 1 1 0 1 1 0 0 1 1 1 1 1 1 1 0 1 1 1 1 0 1 1 0 1 0 1 1 1 0 1 1
448 32 23049 0 1 0 0 0 1 0 1 0 1 0 0 0 0 1 1 0 0 0 0 1 0 0 1 1 1 1 0 0 0 1 1
449 32 19416 1 1 0 0 0 1 1 0 1 0 0 0 0 1 0 0 1 1 0 0 1 0 0 0 0 0 1 0 0 1 0 1
450 32 16432 0 0 0 0 0 1 0 0 0 0 0 0 0 0 0 0 0 1 1 1 1 0 0 0 0 1 1 0 0 1 0 1
451 32 7885 0 0 0 0 1 0 0 0 0 0 1 0 1 0 0 0 0 0 0 0 0 0 0 0 0 0 0 0 0 0 1 0
452 32 29613 1 0 0 1 0 1 1 1 1 0 1 1 0 0 1 0 1 0 1 1 1 0 0 0 1 0 0 1 1 1 0 0
453 32 43627 1 1 1 1 1 1 1 1 1 1 1 1 1 1 1 1 1 0 1 1 1 1 1 1 1 1 1 1 1 1 1 1
454 32 36384 1 1 1 1 1 0 1 1 1 1 1 1 1 1 0 1 1 1 1 1 1 1 1 1 1 1 0 1 1 1 1 1
455 32 36815 1 1 1 1 1 1 1 1 1 0 1 0 1 1 1 1 1 0 1 1 1 1 1 1 1 0 0 1 1 1 0 1
456 32 31643 1 0 1 0 1 0 1 0 1 1 0 0 0 1 0 1 1 1 0 1 1 1 0 1 1 1 1 0 0 1 0 1
457 32 26201 1 1 1 1 0 1 0 1 0 1 0 0 0 1 0 0 0 1 0 1 0 1 0 1 0 1 0 0 0 1 0 0
458 32 41281 1 1 1 0 0 0 1 1 0 1 0 0 1 1 1 1 1 1 1 1 1 1 1 1 1 1 1 0 1 1 0 0
459 32 40401 1 1 1 1 1 1 1 1 0 1 1 1 1 1 1 1 1 1 1 1 1 1 1 0 1 1 1 1 0 1 1 1
460 32 13337 0 1 0 1 0 0 0 0 1 1 0 0 0 1 0 0 0 0 0 0 0 0 0 0 0 1 0 1 0 0 0 1
461 32 16444 1 0 1 0 1 0 0 0 0 0 1 0 1 1 1 0 1 0 0 0 0 1 0 0 0 1 0 0 1 0 0 0
462 32 32620 1 1 1 0 1 1 1 1 0 1 1 1 1 1 0 0 1 1 1 1 1 0 1 0 1 1 0 0 1 1 1 0
463 32 20852 0 1 0 1 1 1 0 0 0 1 0 0 1 0 0 0 0 1 1 0 1 1 1 1 0 0 0 0 0 0 0 1
464 32 37311 1 0 0 1 1 1 0 0 1 1 1 1 0 0 1 1 1 1 1 1 1 1 0 1 0 1 1 1 0 0 1 1
465 32 27012 1 0 0 1 0 1 0 0 1 0 1 0 1 0 1 1 0 0 0 0 1 1 1 1 1 1 1 0 1 0 1 0
466 32 17544 1 0 1 0 0 0 0 1 0 0 0 0 0 1 0 0 1 0 0 0 1 1 1 0 0 0 1 0 0 1 0 1
467 32 7970 0 1 1 0 0 0 0 0 0 0 0 0 0 1 1 0 0 0 0 0 0 0 0 0 1 0 0 0 0 0 0 1
468 32 20215 1 0 0 0 1 0 1 0 1 0 1 1 0 1 0 1 0 0 0 0 0 1 0 0 0 1 1 0 1 0 0 0
469 32 32760 1 1 1 0 1 1 1 0 0 1 0 0 0 1 0 1 1 0 1 1 0 1 1 1 0 1 0 1 1 1 1 1
470 32 9300 0 1 0 0 0 0 0 0 0 0 0 0 0 1 0 0 0 1 0 0 0 0 1 0 1 0 0 0 0 0 0 1
471 32 39614 1 1 0 1 1 0 1 1 1 1 0 1 1 1 0 1 1 0 1 1 1 1 1 1 1 0 1 1 1 1 1 0
472 32 17728 1 1 1 0 0 0 0 1 0 0 1 0 0 0 1 1 0 0 0 1 0 0 0 1 1 1 0 0 0 1 1 0
473 32 30645 1 1 0 0 0 1 1 0 1 1 1 0 0 0 1 1 1 1 1 0 1 0 1 1 1 0 1 1 0 0 0 0
474 32 7251 0 0 0 0 0 0 0 0 0 1 0 0 0 0 0 0 0 0 0 0 0 1 0 0 0 0 0 0 1 1 0 0
475 32 27115 1 0 1 1 0 0 1 1 1 1 0 1 1 0 0 1 1 0 1 1 0 0 0 1 0 0 1 0 0 1 1 0
476 32 39373 1 1 1 0 1 1 0 0 1 1 1 1 1 0 1 0 1 1 1 1 1 0 1 1 1 0 1 1 0 1 1 1
477 32 35141 0 1 1 1 1 1 1 1 1 1 1 1 1 1 1 1 0 1 1 1 1 1 1 1 0 1 1 1 1 1 1 0
478 32 33970 1 1 1 1 0 0 1 0 1 1 1 1 0 1 1 1 1 1 1 1 1 1 1 1 1 1 1 1 1 1 1 1
479 32 8613 0 0 0 0 0 0 0 0 0 0 0 1 0 0 1 0 0 0 0 0 0 1 0 0 0 0 0 1 0 0 0 0
480 32 28022 1 0 1 1 1 1 0 0 0 0 0 0 0 0 1 0 1 0 1 1 1 1 1 0 1 1 1 1 1 1 0 1
481 32 37581 1 0 1 1 1 1 1 1 1 0 0 1 1 1 1 1 1 1 1 1 0 1 1 1 1 0 1 1 1 1 1 1
482 32 27907 1 0 1 0 0 1 1 0 1 0 0 0 0 1 1 1 0 0 0 1 1 1 1 0 1 0 0 1 1 1 0 1
483 32 15179 0 0 0 0 0 0 0 0 0 0 1 0 0 0 1 0 0 0 1 1 1 0 0 1 0 0 1 1 0 1 0 1
484 32 35430 1 0 1 1 1 1 1 1 1 1 1 1 1 1 1 1 1 1 1 1 1 1 1 1 1 0 1 1 1 1 1 1
485 32 24324 1 0 1 0 0 0 1 1 1 0 0 1 1 0 1 0 1 0 0 1 0 1 1 1 0 1 0 0 1 0 0 0
486 32 13925 0 0 0 0 0 0 0 0 0 0 1 0 0 1 0 1 1 0 1 1 0 0 0 0 0 0 1 0 0 0 1 0
487 32 6851 1 0 0 0 0 0 0 0 0 1 0 0 0 1 0 0 0 0 0 0 0 0 1 0 0 0 0 0 0 0 0 0
488 32 31278 1 1 1 1 1 0 0 1 1 1 0 1 1 0 1 0 1 1 0 1 0 1 1 1 0 0 0 1 1 1 1 1
489 32 28378 1 1 0 1 1 1 1 1 1 0 1 0 0 1 0 1 1 0 0 1 0 0 0 0 0 1 1 1 0 1 0 0
490 32 15750 0 1 0 0 0 1 1 0 0 0 1 0 1 0 1 0 0 1 0 0 0 0 0 1 0 1 0 1 0 0 0 1
491 32 25239 0 0 1 0 0 1 0 0 1 1 1 1 1 1 1 0 0 1 0 0 0 0 0 1 0 1 0 1 1 0 1 1
492 32 13021 1 0 0 1 0 0 0 1 0 0 0 0 0 0 0 0 0 1 1 0 0 1 0 0 0 0 1 1 0 1 0 0
493 32 24315 0 1 1 1 0 0 1 1 0 0 0 0 0 0 0 1 1 1 0 0 0 0 1 0 1 1 0 1 0 1 1 1
494 32 35244 0 0 1 1 1 1 1 1 1 0 1 0 1 1 1 1 0 1 1 1 1 1 1 1 1 1 1 1 1 1 1 0
495 32 27954 0 0 0 0 1 1 1 0 1 0 0 1 1 0 0 1 0 1 1 1 0 0 0 0 1 0 1 0 1 1 1 1
496 32 37117 0 1 1 1 1 1 1 1 1 1 1 1 1 1 1 1 1 1 1 1 1 0 1 1 1 1 1 1 1 1 1 1
497 32 31506 1 1 1 0 0 1 1 0 0 1 1 1 1 1 1 1 0 1 0 1 1 1 0 0 1 1 0 0 1 1 1 0
498 32 42332 1 1 1 1 1 1 1 0 1 1 1 1 1 0 1 1 1 1 1 1 1 1 1 1 1 1 1 1 1 1 1 1
499 32 21032 0 0 1 1 0 0 1 0 0 0 0 0 1 0 0 1 1 1 0 0 1 1 0 0 1 0 0 1 1 0 1 1
500 32 35185 1 1 1 1 1 1 1 1 1 1 1 1 1 1 1 1 1 1 1 1 1 1 1 1 1 1 1 1 1 0 1 1
