1 40 38667 0 1 0 1 1 1 0 0 1 1 1 1 1 1 1 1 1 0 1 1 0 1 1 0 1 1 0 1 1 1 1 1 0 0 1 1 1 0 1 1
2 40 28361 0 0 0 0 1 0 0 1 1 1 1 0 0 0 0 1 1 0 1 0 1 0 1 0 0 0 1 1 0 0 0 0 1 0 1 0 1 1 0 0
3 40 43501 0 1 0 1 1 0 1 1 1 1 1 0 1 1 1 1 0 0 1 1 1 1 1 1 1 0 0 1 0 0 0 1 0 1 0 0 1 1 0 1
4 40 28487 0 0 0 1 1 1 0 0 0 1 0 0 1 0 1 0 0 1 1 0 0 1 0 0 0 0 1 1 0 1 1 0 0 0 1 0 1 1 1 0
5 40 45472 0 1 1 0 1 0 1 1 1 0 1 1 1 0 1 1 1 1 1 0 1 1 1 1 1 1 1 1 1 1 1 1 1 0 1 1 1 1 1 0
6 40 28719 1 1 0 0 1 0 0 0 0 1 1 1 1 1 1 0 0 0 1 1 1 0 1 0 1 0 0 1 1 0 0 1 1 0 0 0 0 0 0 0
7 40 21129 0 0 0 1 0 0 1 0 0 0 0 1 0 0 0 0 0 0 1 0 1 0 0 1 0 0 0 1 1 0 0 1 0 1 0 0 1 0 1 1
8 40 47993 1 1 1 1 0 0 1 1 1 1 1 1 0 1 1 1 1 1 0 0 1 1 0 1 1 1 0 1 1 0 1 0 1 1 1 1 1 0 1 1
9 40 39243 1 0 0 0 1 1 1 0 0 1 1 1 0 1 1 1 0 0 1 1 1 0 0 1 1 1 1 1 0 1 1 1 1 0 1 0 0 1 0 0
10 40 44321 1 0 0 1 0 0 0 1 0 0 1 1 1 0 0 1 1 1 1 1 1 1 1 1 1 1 0 0 1 1 0 1 1 1 1 1 1 1 1 1
11 40 42790 0 0 0 1 1 1 1 0 1 1 1 0 1 1 0 1 0 1 0 0 0 0 0 1 1 1 1 1 1 0 0 1 1 1 0 1 1 1 1 1
12 40 44311 0 1 0 1 1 1 1 0 1 0 1 1 0 1 0 0 0 0 0 0 0 1 1 1 1 1 1 1 1 1 0 0 1 1 1 0 1 1 1 1
13 40 38903 1 1 1 0 0 1 1 0 0 0 1 1 1 0 1 0 0 0 0 1 0 1 1 1 0 1 1 1 1 1 0 0 1 0 0 0 0 1 1 1
14 40 19506 0 1 0 0 1 0 0 0 0 0 1 0 0 0 0 0 0 1 1 0 0 0 0 0 0 0 0 1 1 0 0 1 1 0 0 0 1 1 0 0
15 40 51164 1 1 0 1 1 1 1 1 0 1 1 1 1 1 1 1 1 1 1 1 1 1 1 1 1 1 1 1 1 1 1 1 1 1 1 1 1 1 1 1
16 40 3136 0 0 0 0 0 0 0 0 0 0 0 0 0 0 0 0 0 0 1 0 0 0 0 0 0 0 0 0 0 0 0 0 0 0 1 0 0 0 0 0
17 40 33495 1 0 0 1 1 1 0 0 0 1 1 0 1 0 0 1 0 1 0 1 1 0 1 1 1 1 1 0 0 1 1 0 1 0 0 0 1 0 1 0
18 40 17271 1 1 0 0 0 0 1 1 0 1 0 0 0 0 0 0 0 0 1 0 0 1 0 0 0 1 0 0 1 0 0 0 1 1 0 0 0 0 0 0
19 40 22772 0 1 0 0 0 1 0 0 0 1 1 0 0 1 0 0 0 0 1 0 1 0 0 0 0 0 1 1 1 0 0 0 1 1 0 1 0 1 1 0
20 40 42451 1 1 0 0 1 1 1 0 1 1 0 1 0 1 1 1 1 1 0 1 1 1 1 1 0 1 1 1 1 0 1 1 1 1 1 1 1 0 1 1
21 40 44980 1 1 1 1 0 1 1 1 1 1 1 1 1 1 1 1 1 1 1 1 1 1 0 1 1 1 1 1 1 1 1 1 1 1 1 1 0 1 0 1
22 40 44381 1 1 0 1 0 1 0 1 1 0 1 1 1 1 0 1 0 1 1 0 1 1 1 1 1 1 1 1 1 1 1 1 0 0 0 1 0 0 1 0
23 40 9828 0 0 0 0 0 0 1 0 0 0 0 0 0 1 0 0 0 0 0 1 0 0 0 1 0 0 0 0 0 0 0 0 1 0 0 0 0 0 0 0
24 40 13714 0 0 0 0 0 0 0 0 0 0 0 0 0 1 0 0 1 0 0 1 0 0 1 0 0 1 0 0 0 0 1 0 0 1 0 0 0 0 1 0
25 40 42075 0 1 0 0 1 1 1 1 1 0 0 1 1 0 1 1 1 1 1 0 1 0 1 1 1 0 0 1 1 1 1 0 0 1 1 0 1 1 1 1
26 40 53602 1 1 1 1 0 1 1 1 0 1 1 1 1 1 1 1 1 0 1 1 1 1 1 1 1 1 1 1 1 1 0 0 0 1 1 1 1 1 1 1
27 40 33302 0 1 0 1 0 0 0 1 0 1 1 0 0 1 1 1 1 0 1 0 1 0 1 0 0 1 0 1 1 1 1 0 1 0 1 1 0 0 0 0
28 40 44958 1 1 1 1 1 0 0 1 0 1 1 1 1 0 0 1 0 1 1 1 1 1 1 0 1 0 1 1 1 0 1 1 1 1 0 0 1 1 1 1
29 40 44851 0 1 1 1 1 1 1 1 0 1 1 1 1 1 1 1 1 1 1 1 0 1 0 1 0 1 1 1 1 1 1 1 1 1 1 1 1 1 1 1
30 40 36632 1 1 1 0 0 1 0 1 1 0 0 1 0 1 0 0 1 0 0 1 0 1 1 1 1 1 0 0 0 0 1 1 0 1 1 1 1 1 0 0
31 40 43914 1 1 1 1 1 0 1 0 1 0 1 1 1 1 1 1 1 1 0 0 1 1 1 1 0 1 1 1 1 0 1 0 1 1 1 0 0 1 1 1
32 40 40285 0 1 1 0 0 1 0 1 0 1 1 1 1 1 1 0 0 1 1 1 1 0 1 0 0 1 1 1 0 1 1 0 1 0 1 1 1 1 0 1
33 40 38358 0 1 1 0 0 1 1 1 1 0 0 0 1 1 0 1 0 1 1 1 1 1 0 0 0 1 1 1 1 1 0 1 0 1 0 1 0 1 1 0
34 40 27261 1 0 1 1 0 0 0 0 1 0 0 0 1 1 1 0 1 1 0 0 0 0 1 1 1 0 0 0 1 0 1 0 0 0 1 0 1 0 1 0
35 40 49404 1 1 1 1 1 1 1 1 1 1 1 1 1 0 0 1 1 1 1 1 1 1 1 1 1 1 1 1 0 1 0 1 1 1 1 1 1 1 1 1
36 40 49156 1 1 1 1 1 1 0 1 1 0 1 1 1 1 1 1 1 1 1 1 1 1 0 0 1 0 1 1 1 1 1 1 1 1 1 1 1 1 1 1
37 40 39605 1 1 1 0 0 0 0 0 1 1 1 0 0 1 1 0 0 1 0 0 0 1 1 1 0 1 0 1 0 1 1 0 1 0 1 1 1 0 0 1
38 40 32329 1 0 0 0 1 1 0 1 1 0 1 0 1 1 1 1 0 1 0 0 1 0 0 0 1 0 1 0 0 1 0 1 1 0 1 1 1 1 0 1
39 40 44685 0 1 0 1 1 1 1 1 1 1 1 1 1 1 1 1 1 1 1 0 1 1 1 1 1 1 0 0 1 0 0 1 0 1 0 1 1 0 1 0
40 40 36095 1 0 1 1 0 0 1 1 1 0 1 0 1 1 1 0 1 1 1 1 0 0 0 0 0 1 0 0 0 0 1 0 0 1 0 1 1 1 1 1
41 40 46868 0 1 0 1 1 1 1 1 0 1 1 1 0 1 1 1 1 1 1 1 1 1 0 1 1 1 1 1 1 0 1 1 1 1 1 0 1 1 1 1
42 40 46543 1 1 0 1 1 1 1 0 1 1 1 1 1 1 1 1 0 1 0 1 1 1 0 1 1 1 0 1 0 1 1 1 1 1 1 1 1 1 0 1
43 40 25828 1 1 0 0 1 1 0 0 0 1 1 0 0 1 0 0 1 0 1 0 1 0 1 0 1 1 0 1 0 0 0 0 1 0 0 1 1 0 0 1
44 40 15683 1 0 0 1 0 0 0 0 0 1 0 0 0 0 0 1 0 0 0 0 0 0 0 1 0 0 1 1 0 0 1 0 0 0 0 0 0 1 1 0
45 40 35784 0 1 1 0 0 0 0 1 0 0 1 0 1 0 1 0 1 1 1 1 0 1 1 1 0 0 1 1 0 0 0 0 1 1 1 0 1 0 0 1
46 40 42567 1 0 1 1 1 1 1 1 1 1 1 1 1 1 1 1 0 1 1 0 1 1 0 1 1 1 1 1 1 1 1 1 0 1 1 1 1 1 1 0
47 40 54903 1 0 1 1 1 1 1 0 1 1 1 1 1 1 1 1 1 0 1 1 1 1 1 1 1 1 1 1 1 1 1 0 1 1 1 1 1 1 1 1
48 40 42433 1 1 0 1 0 1 0 1 1 0 1 0 1 1 1 1 1 0 0 0 0 1 1 1 0 1 0 1 0 1 1 0 1 1 1 1 0 0 1 1
49 40 52614 1 0 0 1 1 1 1 1 1 1 0 1 1 1 1 1 1 1 1 1 1 0 1 1 1 1 1 1 1 1 1 1 1 1 1 1 1 1 1 1
50 40 22993 0 1 1 1 0 0 1 0 0 1 1 1 0 0 0 0 0 1 1 0 0 1 1 0 0 1 0 0 0 0 0 0 0 0 0 0 0 0 1 1
51 40 19569 0 0 1 0 0 1 0 0 0 0 0 0 0 0 0 0 0 1 1 0 0 1 0 1 0 0 0 1 1 0 0 0 0 0 0 1 0 1 1 0
52 40 48007 1 1 1 1 0 1 1 1 1 1 1 1 1 1 1 1 1 1 1 1 1 1 1 1 1 1 1 1 1 0 1 1 0 1 1 1 0 0 1 1
53 40 14621 0 1 0 1 0 0 0 1 0 0 0 0 0 0 0 0 0 1 0 0 1 0 1 0 0 0 0 0 0 0 1 0 1 0 1 0 0 0 0 0
54 40 21362 0 0 0 1 0 1 0 0 0 0 1 1 0 0 0 0 0 0 1 1 0 0 1 1 1 1 1 0 0 0 0 1 1 0 0 0 1 1 0 1
55 40 35913 1 0 0 0 0 1 1 1 1 0 0 0 1 1 1 0 1 1 1 1 1 0 0 0 1 0 1 1 1 1 1 1 1 1 0 1 0 1 0 1
56 40 48031 1 1 1 1 0 1 0 1 1 0 0 1 1 1 0 1 1 0 1 1 1 1 0 1 1 1 1 1 1 1 1 1 0 1 1 0 1 1 1 0
57 40 16694 0 0 0 0 0 0 1 1 0 0 0 1 0 1 0 0 1 0 0 0 1 0 1 0 0 1 0 0 0 0 0 1 0 1 1 0 0 0 0 0
58 40 17625 1 1 1 0 0 0 0 0 0 0 0 0 0 1 1 0 0 0 0 1 0 0 0 0 0 1 1 1 1 0 0 0 0 1 0 0 0 0 0 0
59 40 50956 0 1 1 1 1 1 1 1 1 1 1 1 1 1 1 1 1 1 1 1 1 1 1 1 1 1 1 0 1 1 1 1 1 1 1 1 1 1 1 0
60 40 47965 1 1 0 1 1 1 1 1 1 1 1 0 0 1 1 1 0 1 1 1 1 1 1 1 1 1 0 1 1 1 1 1 1 0 0 1 1 1 1 1
61 40 46866 1 1 1 1 1 1 1 1 1 1 0 1 1 1 0 1 1 1 1 0 1 0 1 1 0 1 0 1 1 1 1 1 1 0 1 1 1 1 1 1
62 40 29246 0 1 1 0 1 0 1 0 0 0 0 0 0 0 1 1 1 1 1 0 0 1 1 0 0 1 0 0 1 0 0 0 0 1 1 1 0 0 0 1
63 40 49357 1 1 1 0 0 1 0 1 1 1 1 0 1 0 1 1 1 1 1 1 1 1 1 1 1 0 1 1 1 1 0 1 0 1 0 1 1 1 1 0
64 40 46337 1 1 1 1 1 1 1 1 1 1 1 1 0 1 1 1 0 1 1 1 0 1 1 1 0 1 1 1 1 1 1 1 1 0 1 1 1 1 1 0
65 40 18371 0 0 1 1 0 0 0 1 0 0 0 0 0 1 0 0 0 0 1 0 0 0 0 1 0 0 1 0 1 0 1 0 0 0 0 0 1 0 0 0
66 40 41392 1 0 0 1 1 1 1 0 0 1 0 1 0 1 1 1 1 0 0 0 1 1 1 0 1 0 1 1 1 1 0 1 1 0 1 1 0 1 0 1
67 40 46577 1 1 1 1 1 1 1 1 1 1 1 1 0 1 1 1 1 0 1 1 0 1 1 1 1 1 1 1 1 1 1 1 0 1 1 1 0 1 1 0
68 40 33705 0 1 0 0 1 1 1 1 0 0 1 0 1 0 1 0 1 0 0 1 1 1 0 1 1 1 0 1 0 1 0 0 1 1 1 1 1 0 0 1
69 40 24865 0 0 0 1 1 0 0 0 1 0 0 0 0 0 0 1 0 0 0 0 0 1 0 1 0 1 1 1 0 1 0 0 1 1 1 0 0 0 0 1
70 40 24479 0 0 0 0 0 1 1 0 0 0 0 1 0 0 0 0 0 1 1 1 1 0 1 0 0 1 1 0 0 0 1 0 1 0 0 1 1 1 0 0
71 40 28650 0 1 1 0 0 1 1 0 1 0 1 0 1 0 0 1 0 1 0 0 0 0 1 0 1 1 0 1 0 0 0 1 1 1 1 0 1 0 0 1
72 40 50544 1 1 1 1 1 1 1 1 1 1 1 1 1 1 0 0 1 1 0 0 1 1 1 1 1 1 0 1 1 1 1 1 1 1 1 1 1 1 1 1
73 40 45322 1 1 0 1 1 1 1 0 1 0 0 1 1 1 0 1 1 1 1 0 1 1 1 1 1 1 1 1 1 1 1 1 1 1 0 0 0 1 0 0
74 40 35437 1 1 1 0 0 0 0 1 1 1 1 0 1 0 1 1 1 0 1 0 0 1 0 1 1 1 1 0 0 0 1 0 0 0 0 1 0 0 1 0
75 40 40490 1 1 0 0 0 0 1 1 1 1 1 1 1 1 1 0 1 0 1 1 1 1 1 1 1 1 1 1 1 0 1 1 0 0 0 0 1 1 1 1
76 40 17501 0 0 0 0 1 0 1 0 0 0 0 0 0 0 0 1 0 1 0 1 0 0 0 0 0 0 1 0 1 0 0 1 0 0 1 0 0 0 0 1
77 40 20527 1 0 1 0 0 1 0 0 1 1 0 0 0 0 0 0 1 0 0 0 1 0 0 0 0 1 1 1 0 0 0 1 0 0 0 0 0 0 0 0
78 40 45940 1 1 1 0 1 1 0 1 1 1 1 1 1 1 1 1 0 0 1 1 1 1 1 1 1 1 1 1 1 1 1 1 1 1 1 1 1 1 1 1
79 40 37545 0 1 1 1 1 0 0 0 1 1 0 0 0 1 0 0 0 1 1 1 0 0 1 1 1 1 1 1 1 0 1 1 0 0 1 1 1 1 1 1
80 40 10780 0 1 0 0 0 0 0 1 0 0 0 0 0 0 1 0 0 1 0 0 0 1 0 0 0 0 0 0 0 0 0 0 0 0 0 0 0 1 0 0
81 40 25289 1 1 1 0 1 0 0 0 0 0 0 1 1 0 0 0 0 0 1 0 0 0 0 1 1 0 0 0 0 0 0 0 0 0 0 1 1 1 1 0
82 40 52365 0 1 1 0 1 1 1 1 1 1 1 1 1 1 1 1 1 1 1 0 1 1 1 1 1 1 1 0 1 1 1 1 1 0 1 1 0 0 1 1
83 40 28889 0 1 1 1 1 0 0 1 0 0 1 0 0 1 0 0 1 0 0 0 0 1 1 1 0 0 0 1 0 1 1 1 0 0 1 0 1 0 0 1
84 40 40656 1 0 1 1 1 1 1 1 1 0 1 1 0 1 0 1 1 0 0 1 0 1 0 1 0 1 1 0 1 0 1 0 1 1 1 1 1 1 1 1
85 40 51028 1 1 1 1 1 1 1 1 1 1 1 1 1 1 1 1 1 1 1 1 1 1 1 1 1 1 1 1 1 1 1 1 1 0 1 1 1 1 1 1
86 40 31771 1 1 1 0 0 1 0 0 1 0 0 1 0 0 1 0 1 0 1 0 1 0 0 1 1 0 0 1 1 1 0 1 0 1 0 1 1 1 0 0
87 40 41684 1 1 0 1 0 1 1 1 0 0 1 1 1 1 1 0 1 1 1 1 1 0 0 0 0 0 0 1 0 1 0 0 1 0 1 0 1 1 0 1
88 40 49759 1 1 1 1 1 1 1 1 0 1 1 1 1 1 1 1 1 1 1 1 1 1 1 1 1 1 1 1 1 0 1 1 0 1 1 1 0 0 1 1
89 40 34223 1 0 0 0 0 1 1 1 1 1 0 0 1 1 1 1 1 1 1 0 1 0 1 0 1 0 0 1 1 1 1 1 0 0 1 1 1 0 0 1
90 40 39756 1 1 1 1 1 1 1 1 0 1 0 0 0 0 1 0 1 0 1 0 1 1 0 0 0 1 1 0 1 1 1 1 0 1 0 0 0 1 0 1
91 40 13934 0 0 1 0 0 1 1 0 0 0 0 0 0 0 0 0 0 1 0 0 0 0 1 0 0 0 0 0 1 0 0 0 0 0 0 0 1 1 1 0
92 40 18130 0 0 0 0 0 1 0 1 1 0 0 0 0 0 0 0 0 0 0 1 0 0 1 0 1 0 1 1 1 0 0 0 1 0 0 0 0 1 1 0
93 40 35846 0 1 1 0 0 1 1 0 1 1 1 1 1 1 0 1 1 1 1 1 0 0 1 0 0 0 1 1 1 0 0 1 0 0 1 1 1 0 0 1
94 40 33990 0 0 0 0 0 0 1 0 0 1 1 0 1 1 0 1 0 0 0 1 0 1 0 1 1 1 1 1 1 1 1 1 0 0 0 1 1 1 1 0
95 40 25505 0 0 0 1 0 0 1 0 0 1 1 0 0 0 0 1 0 0 1 1 0 0 1 0 1 1 0 0 0 0 1 1 0 0 0 0 1 1 0 0
96 40 10578 0 0 0 0 0 0 0 1 0 0 1 0 0 0 0 0 0 1 0 0 0 1 0 0 0 0 1 0 0 0 0 0 0 0 0 1 0 0 0 0
97 40 34485 1 1 0 1 1 0 0 1 1 0 1 1 0 1 1 1 0 1 1 0 1 1 0 1 0 0 1 1 0 0 1 1 0 1 0 0 0 0 1 1
98 40 27989 0 0 0 1 0 0 1 0 1 0 0 1 0 0 0 0 1 1 0 1 0 0 0 0 1 0 0 1 1 0 0 1 1 0 0 1 1 1 0 1
99 40 7387 0 1 0 0 0 0 0 1 0 1 0 0 0 0 0 0 0 1 0 0 0 0 0 0 0 0 0 0 0 0 0 0 0 0 0 0 0 1 0 0
100 40 48057 0 1 0 0 1 1 1 1 1 1 1 1 1 1 1 1 1 1 0 1 1 1 1 1 1 1 0 0 1 1 1 1 1 1 1 1 1 0 1 1
101 40 49784 1 1 1 0 1 1 1 1 1 1 0 1 1 1 1 1 1 1 1 1 1 1 1 1 1 1 1 1 1 1 1 1 1 1 1 1 1 1 1 1
102 40 34560 0 1 1 1 1 1 1 0 0 1 0 1 0 1 1 1 1 0 0 0 1 1 0 1 1 0 0 1 1 0 1 0 0 0 1 1 0 0 0 1
103 40 45176 1 1 1 1 0 0 1 1 1 0 1 1 1 1 1 1 1 0 0 1 1 1 0 1 0 1 1 1 1 1 1 1 0 0 0 1 0 1 0 1
104 40 49692 0 1 1 1 1 1 1 1 1 1 1 0 0 0 1 0 1 1 1 1 0 1 1 0 1 1 1 1 1 1 0 1 1 1 0 1 1 0 1 1
105 40 47153 1 1 1 1 1 0 1 1 1 1 1 1 1 1 1 1 1 1 1 1 1 1 1 1 1 1 1 1 1 1 1 1 1 1 1 1 1 1 1 1
106 40 39106 0 1 1 0 1 0 1 1 1 1 0 1 1 1 0 1 0 0 0 1 1 1 1 0 1 1 0 0 1 0 1 1 0 1 0 0 0 1 1 1
107 40 41567 1 1 1 0 1 0 1 0 1 0 1 1 1 1 1 1 1 0 0 1 1 1 1 0 1 1 1 1 1 0 0 1 1 1 1 0 0 0 1 0
108 40 13181 0 0 0 0 0 0 0 1 0 0 0 1 0 0 0 0 0 0 0 0 1 1 0 0 0 0 0 0 1 0 0 0 1 1 0 0 0 0 0 1
109 40 33621 1 0 1 0 1 1 0 1 0 0 1 1 1 1 1 0 0 0 1 0 0 0 1 1 0 1 1 1 1 0 0 1 1 0 0 0 0 0 1 0
110 40 45582 1 1 1 1 1 1 0 1 1 1 1 1 1 1 1 1 1 1 1 1 1 1 0 0 0 1 0 1 1 1 1 1 0 1 1 1 1 1 1 1
111 40 42417 1 1 1 1 1 1 1 1 1 1 1 1 1 0 1 1 1 1 0 1 1 0 0 1 0 0 1 0 1 1 0 0 1 0 1 0 1 0 1 1
112 40 46485 1 1 1 1 1 1 1 1 1 1 1 1 0 1 0 1 0 1 1 0 1 1 0 1 0 1 1 0 1 0 1 0 1 0 1 1 1 1 1 1
113 40 59121 1 0 1 1 1 1 1 1 0 0 1 0 0 1 1 1 1 1 1 1 1 1 1 1 1 1 1 1 1 1 0 0 1 1 1 1 1 1 1 1
114 40 24330 0 1 1 0 0 1 0 0 1 0 1 0 0 1 0 0 1 1 0 0 0 0 0 0 0 0 0 1 1 1 0 0 0 1 0 1 1 0 0 1
115 40 43146 1 1 1 1 1 0 1 1 1 1 1 1 1 1 1 1 1 0 1 1 1 1 1 1 0 1 1 1 1 1 1 1 1 1 1 1 1 1 1 0
116 40 37444 1 0 1 1 1 0 0 1 0 1 0 1 0 1 0 1 0 0 0 1 0 1 1 1 1 0 1 1 0 0 1 1 1 0 1 0 0 0 0 1
117 40 47488 1 0 1 1 1 1 1 1 1 1 1 0 1 1 1 1 1 1 1 1 0 1 1 1 1 1 1 1 1 1 1 1 1 1 1 1 0 1 1 1
118 40 50725 1 1 1 1 1 0 0 1 1 1 0 1 0 1 1 1 1 0 0 0 1 1 1 1 1 1 1 1 0 1 1 1 1 1 1 1 1 1 1 1
119 40 40704 0 0 0 1 0 0 1 0 0 1 1 1 1 0 1 1 0 1 0 0 1 1 0 1 0 1 1 1 1 1 0 1 0 1 1 1 1 1 1 1
120 40 16703 1 0 0 1 0 0 1 0 0 0 0 0 1 0 1 0 0 0 0 1 0 1 1 0 0 0 0 0 0 0 1 0 0 0 0 0 0 0 1 0
121 40 41166 0 1 0 1 1 1 1 1 0 0 0 0 1 0 1 1 1 1 1 1 0 1 0 1 0 1 1 1 1 0 1 1 0 1 0 1 1 0 0 1
122 40 55841 1 1 1 0 1 1 0 1 1 1 1 0 1 0 1 1 1 1 1 1 1 1 1 1 1 1 1 1 1 1 1 1 1 1 1 1 1 1 1 1
123 40 31830 1 0 0 1 0 1 0 1 0 0 1 0 1 1 0 1 1 1 1 0 0 1 0 1 1 0 1 1 0 0 0 0 1 1 0 1 0 1 1 1
124 40 42573 1 1 1 1 1 1 0 1 1 0 1 1 1 0 1 0 1 1 1 0 1 1 0 0 0 1 1 1 1 0 1 1 0 0 0 1 1 1 1 0
125 40 38691 1 1 0 1 0 0 0 1 1 1 1 0 1 1 0 1 0 1 1 0 0 1 1 0 0 0 0 1 1 0 0 1 0 1 1 0 0 1 1 1
126 40 43208 1 1 1 1 1 1 1 0 0 1 1 1 1 1 1 1 1 1 1 1 1 1 1 1 1 1 0 1 1 1 0 1 1 1 1 1 1 0 1 1
127 40 50742 1 1 1 1 1 1 1 1 0 0 1 1 1 1 1 1 1 1 1 1 1 1 1 1 1 1 1 1 1 1 0 1 1 1 1 1 1 1 1 1
128 40 44948 1 1 1 1 1 1 1 1 1 0 1 1 1 0 1 1 1 1 0 1 1 1 1 0 1 1 1 1 1 0 1 1 1 1 1 1 1 1 0 1
129 40 53079 1 1 1 1 1 1 1 0 1 0 1 1 1 0 1 1 1 1 1 1 1 1 0 1 1 1 1 1 1 1 1 1 1 1 1 1 1 1 1 1
130 40 46881 1 0 1 1 1 1 1 1 1 1 1 1 1 1 1 1 1 1 1 1 1 1 1 1 1 1 1 1 1 1 1 1 1 1 1 1 1 1 0 1
131 40 33344 1 0 1 0 0 1 1 0 1 1 1 0 1 1 1 0 0 1 0 0 0 1 1 1 1 1 1 1 1 0 1 1 0 0 0 1 1 0 1 1
132 40 50477 1 1 0 1 1 1 1 1 1 1 1 0 1 1 1 1 1 1 1 1 1 1 1 1 1 1 1 1 0 1 1 1 1 0 0 1 1 1 1 1
133 40 43343 1 1 1 0 1 1 1 1 1 1 1 0 1 1 1 1 1 0 1 0 1 1 1 1 0 1 0 1 1 1 1 0 1 1 0 1 1 1 1 0
134 40 17826 0 0 0 0 0 0 0 0 1 0 0 1 1 0 0 0 0 1 1 0 1 0 1 0 1 0 0 0 0 1 0 1 0 0 1 0 0 0 0 1
135 40 52161 1 1 1 1 1 0 1 1 1 1 1 1 1 1 1 1 1 1 1 1 1 1 0 1 1 0 1 1 1 1 1 1 1 1 1 1 0 1 1 1
136 40 26964 0 0 0 0 0 1 0 0 0 1 0 1 0 0 0 1 1 0 0 0 1 0 1 0 1 0 0 1 0 0 1 1 1 0 0 1 1 0 0 1
137 40 55122 1 0 1 1 1 1 1 0 1 1 0 1 1 1 1 1 1 1 0 1 1 1 1 1 1 1 1 1 1 1 1 1 1 1 0 1 1 1 1 1
138 40 51393 1 0 1 1 1 1 1 1 1 1 1 1 1 1 1 1 1 1 1 1 1 1 0 1 1 1 0 1 1 1 1 1 1 1 1 1 1 1 1 1
139 40 56332 0 1 1 1 1 1 1 1 1 1 1 1 1 1 1 1 1 1 1 1 1 1 1 0 1 1 1 1 1 1 1 1 1 1 1 1 1 1 1 1
140 40 52664 1 1 1 0 1 1 0 1 1 1 1 1 1 0 1 1 1 0 1 1 1 1 1 1 1 1 1 1 1 1 1 1 1 1 1 1 1 1 1 0
141 40 14298 0 0 0 0 0 0 0 1 0 0 0 0 0 0 1 0 0 0 0 0 0 0 1 0 0 0 0 0 1 1 0 1 0 1 0 1 0 0 0 1
142 40 33242 0 0 1 1 0 1 0 0 1 1 1 0 0 1 0 1 1 1 0 1 0 0 0 1 1 1 0 1 1 0 0 0 1 1 0 0 0 1 0 0
143 40 25385 0 1 0 1 1 0 0 1 1 0 1 1 1 0 1 0 0 1 0 0 1 1 1 0 0 1 1 0 0 0 1 1 0 0 0 1 0 0 0 0
144 40 51426 1 1 0 1 1 1 1 1 0 1 1 1 1 1 1 1 1 1 1 1 1 1 1 1 1 1 1 1 0 1 1 1 1 1 1 1 1 1 1 1
145 40 23684 1 1 1 1 0 1 0 0 1 1 0 0 0 0 0 0 1 0 0 0 0 0 0 0 1 0 0 1 0 0 0 0 1 0 0 0 0 1 1 1
146 40 23853 1 1 1 0 0 0 0 0 0 1 0 1 0 1 0 1 1 0 0 0 0 0 1 0 1 1 0 0 1 1 1 0 0 0 1 0 1 1 0 0
147 40 10748 0 1 0 1 0 0 1 0 0 1 0 0 0 0 0 0 0 0 0 0 0 0 0 0 1 0 1 1 0 0 0 0 0 0 0 0 0 0 0 0
148 40 30523 0 1 0 1 1 0 1 0 0 1 1 1 0 0 1 1 1 1 1 0 0 0 1 0 1 1 0 0 1 1 0 0 1 0 0 1 0 0 1 0
149 40 30428 0 0 1 0 0 1 1 0 0 0 0 1 0 1 0 1 1 0 1 0 0 0 1 1 1 1 0 0 0 0 0 1 1 1 1 1 1 1 0 1
150 40 35931 1 0 1 1 0 1 0 1 0 1 1 1 0 1 0 1 0 1 0 1 0 1 0 1 1 0 0 0 1 1 0 0 0 1 0 1 0 1 1 0
151 40 14716 1 0 1 0 0 0 0 0 0 1 0 0 1 0 0 0 0 0 0 0 0 0 0 0 0 0 0 1 1 1 0 1 1 0 0 0 0 0 1 0
152 40 45024 1 1 1 1 1 1 0 1 1 1 0 0 0 1 1 1 0 0 1 1 1 0 1 1 1 1 1 1 1 1 1 1 0 1 1 1 1 0 0 1
153 40 24136 1 1 0 0 1 1 0 0 1 1 1 1 1 1 0 0 0 0 0 0 1 1 0 0 0 1 0 0 0 0 1 0 0 0 0 1 0 0 1 0
154 40 25202 1 0 0 0 0 0 1 1 1 0 0 0 0 0 0 1 1 1 1 0 0 0 1 1 0 0 0 0 0 1 0 0 0 1 0 1 0 0 1 0
155 40 44895 1 0 1 1 1 0 1 0 0 1 1 1 0 0 1 1 1 0 1 1 1 1 1 1 0 1 1 0 1 0 1 0 1 0 1 1 0 0 1 0
156 40 26065 0 0 0 1 1 0 0 0 0 1 1 0 1 0 0 0 0 0 1 0 0 1 0 0 0 1 0 1 0 0 1 0 0 0 0 1 1 1 1 1
157 40 44227 1 1 1 1 1 1 1 1 1 1 1 1 1 1 1 1 1 1 1 1 1 1 1 1 1 1 1 0 1 1 1 1 1 1 1 1 1 1 1 1
158 40 44918 0 1 1 1 1 1 1 0 1 0 0 1 1 1 1 1 1 0 0 1 0 0 1 1 1 1 1 0 0 1 0 1 0 1 0 1 1 1 1 0
159 40 29466 1 1 0 0 1 1 0 1 1 0 0 0 1 1 0 0 0 0 1 0 0 1 1 1 1 0 1 0 1 0 1 0 1 1 1 0 0 0 0 1
160 40 9797 0 1 0 0 0 0 0 0 0 0 0 1 0 0 0 1 0 0 0 0 0 0 0 0 1 0 0 0 0 1 1 0 0 0 0 0 0 0 1 0
161 40 33153 0 0 1 0 1 0 0 0 0 1 1 0 0 0 0 1 0 0 1 1 1 1 0 0 1 1 1 0 0 1 1 0 1 1 0 1 1 0 1 0
162 40 25526 1 1 0 0 1 1 0 1 0 1 0 0 1 1 1 1 0 0 1 0 0 0 0 0 1 0 0 0 0 0 0 0 1 1 0 0 1 0 0 1
163 40 8474 0 0 0 1 0 0 0 0 0 0 0 0 1 1 0 0 0 0 0 0 0 0 0 1 0 0 0 0 0 0 0 0 0 1 1 0 0 0 0 0
164 40 38042 0 1 0 1 1 0 0 0 1 0 1 1 1 1 1 0 1 0 0 1 0 1 1 1 0 0 1 1 0 0 1 1 1 0 1 0 0 1 1 1
165 40 41051 1 0 1 1 1 1 1 1 0 0 1 1 0 1 1 0 1 1 0 1 0 1 0 0 1 1 1 1 1 1 1 1 1 1 1 1 0 1 0 1
166 40 31784 0 1 0 0 1 1 0 0 0 1 0 0 1 1 1 0 1 1 1 0 1 0 1 0 1 0 0 1 0 0 1 1 1 0 1 1 1 1 0 0
167 40 26698 0 0 1 0 0 0 0 0 1 1 0 1 0 1 0 1 0 0 0 0 0 0 0 1 1 1 1 1 0 1 0 1 0 1 1 1 0 1 0 0
168 40 23293 1 1 1 1 0 1 0 0 0 0 1 1 0 0 0 0 0 0 0 0 1 1 1 0 0 0 1 1 0 0 1 0 1 0 0 0 0 0 1 0
169 40 29781 0 1 0 0 0 0 0 1 1 1 1 0 1 0 1 0 0 0 0 0 0 1 1 0 1 1 1 0 0 0 0 0 0 0 0 1 1 0 1 1
170 40 50077 1 1 0 1 1 1 1 1 1 1 1 1 1 1 1 1 1 1 1 1 0 1 1 0 1 1 1 1 1 1 1 1 1 1 1 1 1 0 1 1
171 40 23846 1 1 1 0 0 0 0 0 0 0 1 1 0 1 0 0 0 0 1 1 0 1 0 0 0 0 1 0 0 1 1 0 0 0 0 0 1 1 1 0
172 40 24653 0 0 0 1 0 0 0 0 0 1 0 1 1 0 0 0 0 1 0 1 1 0 1 1 0 0 0 1 0 0 1 0 0 0 0 1 1 0 0 0
173 40 49016 1 1 0 1 0 1 0 1 1 1 1 1 1 0 1 0 0 1 1 1 1 1 0 1 1 0 1 1 0 1 1 1 0 1 1 1 0 0 1 1
174 40 36702 1 1 0 1 1 1 1 1 1 0 0 0 0 0 0 1 0 1 1 1 0 1 0 1 1 1 0 1 1 0 0 0 0 1 0 1 0 0 0 1
175 40 21648 0 1 1 0 0 0 0 1 0 0 1 0 0 0 0 0 0 0 1 0 0 1 0 0 0 0 1 1 0 1 1 0 0 0 1 0 0 0 1 0
176 40 48632 1 0 1 1 0 1 1 1 1 1 1 1 0 1 0 1 0 1 1 1 1 1 1 1 1 1 1 0 1 0 1 1 1 0 1 1 1 1 1 1
177 40 43441 0 1 1 1 0 1 1 1 1 0 1 1 1 1 1 1 0 1 1 1 1 0 1 1 0 0 1 1 1 0 0 1 1 0 0 1 1 1 1 1
178 40 48033 1 1 1 1 1 1 1 0 0 1 1 1 1 1 1 1 1 1 1 1 1 1 1 1 1 1 0 1 1 1 1 1 1 1 1 1 1 0 1 1
179 40 45105 1 1 0 1 1 1 1 0 1 1 1 1 1 1 1 1 1 0 1 1 1 1 1 1 1 0 1 1 0 1 0 0 1 1 0 1 1 1 0 1
180 40 41529 1 1 0 1 1 1 0 1 1 1 1 1 1 1 1 0 1 1 0 1 1 1 0 1 1 0 1 1 0 1 0 1 1 1 1 1 1 1 0 1
181 40 43699 1 1 1 1 0 1 1 1 1 1 1 1 1 0 0 1 1 1 1 1 1 1 1 1 1 1 1 1 1 1 1 0 1 0 0 0 1 1 1 1
182 40 21624 0 1 0 0 1 1 0 1 1 0 0 0 1 0 0 1 0 1 0 0 1 0 0 0 0 0 0 1 1 0 0 1 0 0 1 1 0 1 1 0
183 40 21208 1 0 0 0 0 1 0 0 0 0 0 0 1 0 0 0 0 0 0 0 1 1 1 0 0 1 1 0 1 0 0 0 1 1 0 1 0 0 0 1
184 40 48967 1 1 1 1 1 1 1 1 1 1 1 1 1 1 1 1 1 1 1 1 0 1 0 1 0 1 1 1 1 1 1 1 1 1 1 1 1 1 1 1
185 40 45703 1 1 1 1 1 1 1 0 1 1 0 1 1 1 1 0 1 1 1 1 0 0 1 1 1 1 0 1 1 1 1 1 1 0 1 1 0 1 0 1
186 40 5282 0 0 1 0 0 0 0 0 0 0 0 0 0 0 0 0 0 0 0 0 1 0 0 0 0 0 0 0 1 0 0 0 0 0 0 0 0 0 0 0
187 40 43716 1 1 1 1 1 1 1 1 1 1 1 0 1 1 0 1 1 0 0 0 1 1 0 1 1 1 0 1 1 1 1 0 0 1 0 1 0 1 1 1
188 40 37791 1 1 1 0 0 0 1 1 0 0 1 1 0 0 1 1 1 0 0 0 1 1 0 1 0 0 1 1 1 1 0 1 1 1 1 1 1 1 1 1
189 40 42437 1 1 1 1 0 1 1 1 1 0 1 1 1 1 1 1 1 1 1 1 1 0 1 0 0 1 1 1 1 0 1 1 0 1 0 1 1 0 0 1
190 40 50938 1 1 1 1 1 1 1 1 1 1 1 1 1 0 1 1 1 1 1 1 1 1 1 1 1 0 1 1 0 1 1 1 1 1 1 1 1 1 1 1
191 40 58456 1 1 1 1 1 1 0 1 1 1 1 1 1 1 0 0 1 1 1 1 1 1 1 1 1 1 1 1 1 1 1 1 1 1 1 1 1 1 1 1
192 40 58275 1 1 1 1 1 1 1 1 1 1 1 1 1 1 1 1 1 0 1 1 1 1 1 1 1 1 1 1 1 1 1 1 1 1 1 1 1 1 1 1
193 40 45247 1 1 1 1 1 1 1 1 1 1 1 1 1 0 1 1 1 1 1 1 1 1 1 1 1 0 1 1 1 0 1 1 1 1 1 1 1 1 1 1
194 40 9903 0 0 0 0 0 0 0 0 0 0 0 0 1 0 0 0 0 1 0 0 0 0 0 1 0 0 0 1 0 1 0 0 1 0 0 1 0 0 0 0
195 40 11709 0 0 0 0 0 0 0 0 0 0 0 1 0 0 1 1 0 0 0 0 0 0 0 0 0 0 0 1 0 1 0 0 1 0 0 0 0 0 0 0
196 40 53029 1 1 1 1 1 1 1 1 1 1 1 1 1 1 1 1 1 1 1 1 1 1 1 1 1 1 1 0 1 1 1 0 1 1 1 1 1 1 1 1
197 40 45850 0 0 1 1 1 1 1 1 1 1 1 1 1 0 0 1 1 1 0 1 0 1 1 1 1 1 1 1 0 0 1 0 1 1 1 1 1 1 1 1
198 40 57780 1 1 1 1 1 1 1 1 1 1 1 1 0 1 1 1 1 1 1 1 1 1 1 1 1 1 1 0 0 1 1 1 1 1 1 1 1 1 1 1
199 40 51792 1 1 1 1 1 1 1 0 1 1 1 1 1 1 1 1 1 1 1 1 1 1 1 1 1 1 1 1 1 1 1 1 1 1 1 1 1 1 1 1
200 40 12847 0 0 0 0 0 0 0 0 0 0 0 0 0 1 0 1 0 0 0 0 0 0 0 0 0 1 1 0 1 0 1 0 0 0 0 1 0 0 1 0
201 40 36483 0 0 0 1 1 0 0 1 0 0 0 1 1 0 1 0 0 1 1 0 1 0 0 1 1 0 1 1 1 1 1 1 1 1 0 1 0 1 0 1
202 40 7349 0 0 0 0 0 0 0 0 1 0 1 0 0 0 0 0 1 0 0 0 0 0 0 0 0 0 0 0 0 0 0 1 0 0 0 0 0 0 0 1
203 40 14098 0 0 0 0 1 0 0 0 1 0 0 0 0 0 1 0 0 0 0 1 1 0 0 0 0 0 0 0 1 1 1 0 0 0 0 0 0 1 0 0
204 40 41629 1 0 1 0 1 0 1 1 1 1 1 0 1 1 1 1 1 1 0 1 1 1 0 1 1 1 0 1 0 1 1 1 0 1 1 1 1 0 1 1
205 40 44287 1 1 1 1 0 0 1 1 1 0 1 0 1 0 0 0 1 0 1 1 0 1 0 1 1 1 0 1 1 0 1 1 1 1 0 0 1 1 1 0
206 40 43770 0 1 1 1 1 1 1 1 1 0 1 1 1 0 1 1 1 1 1 1 1 1 1 0 1 1 0 0 1 0 0 1 1 1 1 1 1 1 0 1
207 40 43975 1 1 0 1 1 1 1 1 1 1 1 1 1 1 1 0 1 1 1 1 1 1 1 1 0 1 1 1 1 0 1 1 1 1 0 1 1 1 1 1
208 40 44564 1 1 1 1 1 1 0 1 1 1 1 1 1 1 1 0 1 1 1 1 1 1 1 1 0 1 1 1 1 1 0 1 1 1 1 1 1 1 1 0
209 40 29606 1 1 0 1 1 0 1 1 1 0 1 0 0 0 1 0 0 0 1 1 1 0 1 0 0 0 0 0 0 0 1 0 1 1 0 1 0 0 0 0
210 40 17774 1 0 1 0 1 1 0 0 0 0 0 0 1 1 1 0 1 0 0 0 0 0 0 0 0 1 0 0 1 1 0 0 0 0 0 0 0 0 0 0
211 40 34187 1 0 0 1 1 0 0 1 1 1 0 1 0 0 1 1 1 1 0 0 1 0 0 1 1 0 1 0 1 0 0 0 1 1 0 1 1 1 0 0
212 40 17649 0 0 0 0 1 1 1 1 0 0 0 0 0 0 0 0 1 0 0 0 0 0 1 0 0 0 1 0 0 0 1 0 0 0 1 1 1 1 0 1
213 40 47956 0 1 0 1 0 1 1 1 1 1 1 1 1 0 0 1 1 1 1 0 1 1 1 1 1 1 0 1 1 1 1 0 1 1 0 0 1 1 0 1
214 40 21452 1 1 1 0 0 0 0 0 0 0 1 1 0 1 0 0 0 1 1 1 0 0 0 1 0 0 0 0 1 0 0 0 0 1 0 0 0 1 1 0
215 40 48821 1 0 1 1 1 1 1 1 1 1 1 1 1 1 1 1 1 1 1 1 1 1 1 1 1 1 1 1 1 1 1 1 1 1 1 1 1 1 1 1
216 40 42512 1 1 1 1 1 1 1 1 1 1 1 0 1 0 1 1 1 1 1 0 1 1 1 1 0 1 1 1 0 0 1 1 1 1 0 1 1 0 1 1
217 40 1719 0 0 0 1 0 0 0 0 0 0 0 0 0 0 0 0 0 0 0 0 0 0 0 0 0 0 0 0 0 0 0 0 0 0 0 0 0 0 0 0
218 40 52183 1 1 1 0 1 1 0 1 1 1 1 1 0 1 1 1 1 1 1 1 1 0 1 1 1 1 1 1 1 0 1 1 1 1 1 0 1 1 1 1
219 40 32939 1 1 0 0 0 1 1 1 0 0 1 0 0 1 0 0 1 0 1 1 0 0 1 1 0 1 1 1 1 1 0 0 0 0 1 0 0 0 1 1
220 40 35513 1 1 0 0 0 0 0 0 1 1 0 1 1 1 1 0 0 1 1 1 1 1 0 0 1 1 1 1 0 0 1 0 0 1 0 0 1 0 1 1
221 40 48994 0 1 1 1 1 1 1 1 1 1 1 1 1 1 1 1 1 0 1 0 1 0 1 0 1 0 1 1 1 1 1 1 1 1 0 1 1 1 1 1
222 40 48741 1 1 1 0 1 1 1 1 1 1 1 1 1 1 1 0 1 1 0 0 1 1 1 1 1 1 1 1 0 1 0 1 1 0 1 1 1 1 1 0
223 40 41177 1 1 0 1 1 0 1 1 0 0 0 1 1 1 1 1 1 1 1 1 1 1 1 1 0 0 1 1 1 1 1 1 1 1 1 1 1 1 1 1
224 40 36372 0 1 0 1 0 0 1 1 1 1 1 1 1 0 1 0 1 1 0 1 0 0 0 1 1 1 0 1 0 1 1 1 0 0 0 1 0 1 0 1
225 40 6592 0 0 0 0 0 0 0 0 0 0 1 0 0 0 0 0 0 0 0 0 0 0 0 0 1 0 0 1 0 1 1 0 0 0 0 0 0 0 0 0
226 40 50524 1 1 1 1 1 1 1 1 1 1 1 1 1 1 1 0 1 1 1 1 1 1 0 1 1 1 1 1 1 1 1 1 1 1 1 1 1 1 1 1
227 40 20883 0 0 1 1 0 1 0 0 0 1 0 0 0 0 0 0 0 0 1 1 1 0 0 1 0 0 1 0 0 0 0 1 0 1 0 0 0 1 0 0
228 40 43864 0 1 1 1 0 1 0 1 1 1 1 1 0 1 0 1 1 1 0 1 1 1 1 1 0 0 1 1 1 1 1 0 1 1 1 0 0 1 1 1
229 40 47834 1 1 1 1 1 1 1 0 1 0 1 1 1 0 1 1 1 1 1 0 1 1 1 0 1 1 1 1 1 1 1 1 1 0 1 1 1 0 1 1
230 40 46194 1 1 1 1 1 0 1 1 1 0 1 1 1 1 1 1 1 0 1 1 1 1 1 0 1 1 1 0 0 1 1 1 1 1 1 1 0 1 1 1
231 40 47625 1 0 1 1 0 1 1 1 0 1 1 1 0 1 1 1 1 1 0 1 0 0 1 1 0 1 0 0 1 1 1 0 0 1 0 1 1 1 1 1
232 40 35219 1 1 0 0 0 1 0 0 0 0 1 1 0 0 1 1 1 0 1 0 1 1 0 0 1 0 1 0 1 0 1 1 0 1 1 0 1 1 0 1
233 40 45032 1 1 1 1 1 1 1 1 1 1 1 0 1 1 1 1 1 1 1 1 1 1 1 1 1 1 1 1 1 1 1 1 1 1 0 1 1 0 1 1
234 40 39046 1 1 1 0 0 1 1 1 1 1 1 1 0 1 1 0 0 1 1 1 0 1 0 1 0 0 1 0 1 1 1 1 1 1 0 0 1 0 1 1
235 40 47677 1 1 0 1 0 1 0 0 1 1 1 1 1 1 0 1 0 0 0 0 1 1 1 1 1 1 0 0 1 0 1 1 0 1 0 0 1 1 1 1
236 40 34856 0 1 0 0 0 0 0 0 1 1 1 0 1 1 0 1 1 1 1 1 1 1 1 0 1 0 1 0 1 1 1 0 0 0 0 1 1 0 0 1
237 40 47352 0 1 1 1 1 1 1 1 0 1 1 0 0 1 1 0 0 0 1 1 1 0 1 1 1 1 1 1 1 0 1 1 1 0 0 1 1 1 1 1
238 40 28068 0 0 0 1 1 0 1 1 1 0 0 0 0 0 0 1 1 1 0 0 0 0 0 0 1 1 1 0 1 0 0 0 0 1 1 1 1 0 1 0
239 40 43229 1 1 0 1 1 1 1 0 0 1 1 0 1 0 1 1 0 1 1 1 1 1 1 1 0 1 0 0 1 1 0 0 1 1 0 1 1 0 1 0
240 40 24600 0 1 1 0 0 0 0 1 1 0 0 0 0 0 0 1 0 0 1 0 1 0 0 1 1 1 0 1 0 0 1 0 1 0 1 0 0 1 1 0
241 40 52561 1 1 1 1 1 0 1 0 1 1 1 1 0 1 1 1 0 1 1 1 1 1 0 1 1 1 1 0 1 1 1 1 1 1 1 1 1 1 1 0
242 40 26568 1 1 0 1 1 0 1 1 1 1 0 0 1 0 0 0 0 0 1 0 0 1 0 0 1 0 1 0 0 0 0 0 1 0 0 1 1 0 0 0
243 40 48606 1 1 1 1 1 1 1 0 1 1 1 1 1 1 0 0 1 1 1 1 1 1 1 1 1 1 1 0 1 1 1 1 0 1 1 1 1 1 1 0
244 40 6239 0 0 0 0 0 0 0 0 0 0 0 1 0 0 0 0 0 0 0 0 1 0 1 0 0 0 0 0 0 0 0 0 0 0 0 0 0 0 0 0
245 40 33301 0 0 1 1 1 0 0 0 0 1 0 0 1 0 0 1 0 1 0 1 0 1 1 1 0 1 0 0 1 0 0 1 0 1 0 1 1 0 1 1
246 40 42143 1 0 1 1 1 1 1 1 1 1 1 0 0 0 1 1 1 0 1 1 1 0 1 0 1 0 1 1 1 1 1 1 1 1 1 1 0 1 1 0
247 40 40415 0 0 1 1 0 0 1 1 0 1 0 1 1 0 1 1 1 0 1 0 1 1 1 1 0 1 0 1 1 1 1 1 1 1 1 1 1 0 0 1
248 40 23145 0 0 1 0 1 0 0 0 0 0 0 1 1 0 1 1 0 1 0 1 0 0 1 0 0 0 1 1 0 0 0 0 0 1 1 0 0 0 0 0
249 40 44407 0 1 1 1 1 1 1 1 0 1 0 1 0 1 1 1 1 1 1 0 1 0 1 0 1 1 1 1 1 0 1 1 1 1 1 1 0 1 0 1
250 40 52523 0 1 1 1 1 1 1 1 1 1 1 1 1 1 1 1 1 1 1 1 1 1 1 1 1 1 1 1 1 1 1 1 1 1 1 0 1 1 1 1
251 40 30255 0 0 1 1 0 1 1 0 0 1 1 0 0 1 0 1 1 0 0 1 1 0 1 1 0 0 1 0 0 0 1 1 1 0 0 0 0 0 1 1
252 40 40246 0 1 1 1 1 1 1 1 1 1 0 1 1 0 1 1 1 0 0 1 0 1 0 1 1 0 0 1 1 1 0 0 1 0 0 1 1 0 0 1
253 40 54780 1 1 1 1 1 1 1 1 0 1 1 1 1 1 1 1 1 0 1 1 1 1 1 1 1 0 1 1 1 1 1 1 1 1 1 1 1 1 1 1
254 40 49649 0 1 1 1 1 1 1 1 1 1 1 1 1 1 1 1 1 1 1 1 1 1 1 1 1 0 1 1 1 0 1 1 1 0 1 1 0 1 1 1
255 40 46111 1 1 0 1 1 1 0 1 1 1 1 1 1 1 1 1 0 1 1 1 1 1 1 1 0 1 1 1 1 1 1 0 1 1 1 0 1 1 1 1
256 40 46777 0 1 1 1 1 1 1 1 1 0 1 1 1 1 0 1 1 1 1 1 1 0 0 1 1 0 1 0 1 1 1 1 1 0 1 1 1 0 1 1
257 40 37033 0 1 1 1 1 0 1 1 1 0 0 1 1 1 1 0 1 1 0 0 0 1 0 1 0 1 1 0 1 0 1 1 0 1 1 1 1 0 0 0
258 40 24076 1 1 0 0 0 0 1 1 0 0 1 1 1 1 0 0 0 0 0 0 0 0 0 1 0 1 1 0 0 1 1 0 0 0 1 0 0 0 1 0
259 40 31342 0 1 1 0 0 1 0 0 1 0 1 0 0 1 1 1 0 1 0 1 0 0 1 1 1 0 0 1 1 0 0 1 1 1 1 0 1 0 0 0
260 40 51745 1 1 1 1 1 1 1 1 1 1 1 1 1 1 1 0 1 1 0 1 1 1 1 1 1 1 1 0 1 1 1 1 1 1 1 1 1 1 1 1
261 40 44128 1 1 1 1 1 1 1 1 1 1 1 1 0 1 1 1 1 0 1 1 0 1 1 1 0 1 1 1 1 1 0 1 1 1 1 1 1 1 1 1
262 40 43018 1 1 1 1 1 0 1 1 0 1 0 0 1 1 1 1 0 1 1 1 1 1 0 1 0 1 0 1 0 1 1 0 1 1 0 0 0 1 0 1
263 40 33770 1 0 1 0 1 1 1 0 1 0 0 0 1 0 0 0 1 1 0 0 0 0 1 1 1 1 1 1 1 1 1 0 1 0 0 0 1 1 1 1
264 40 9088 1 0 0 0 0 0 1 0 0 0 0 0 0 0 1 0 0 0 0 0 1 0 0 0 0 0 0 0 0 0 1 0 0 0 0 0 1 0 0 0
265 40 45838 1 0 1 1 0 1 1 1 1 1 1 0 1 1 1 1 0 1 1 0 0 1 1 1 1 1 1 1 1 1 0 1 1 0 1 1 1 1 0 1
266 40 46480 1 0 1 1 0 0 1 1 0 1 0 0 0 1 0 1 1 0 1 1 1 1 1 0 1 0 1 1 0 0 1 1 1 1 1 0 1 0 0 1
267 40 11609 0 1 0 0 1 0 1 0 1 0 1 0 0 1 0 0 0 0 0 1 0 0 1 0 0 0 0 0 1 1 0 0 0 0 0 0 0 0 0 0
268 40 36749 1 1 0 1 1 1 0 1 0 0 0 1 0 1 0 1 1 0 0 1 1 1 0 1 1 0 1 0 0 0 1 0 1 0 1 1 1 1 0 1
269 40 19003 0 0 0 0 0 0 0 0 0 0 0 1 0 0 0 0 1 1 0 0 0 1 0 0 1 1 0 0 0 0 1 0 1 0 1 1 0 1 0 0
270 40 51973 1 1 1 1 1 1 0 1 1 1 1 0 0 1 1 1 1 1 1 1 1 1 1 1 0 1 1 1 1 1 1 1 1 1 1 0 0 1 1 1
271 40 49702 1 1 1 1 1 1 1 1 1 1 1 1 1 1 1 1 1 0 1 1 1 1 1 1 1 1 1 1 1 1 1 1 1 1 1 1 1 1 1 1
272 40 45223 1 1 1 1 1 1 1 1 0 1 1 1 0 0 1 0 1 0 1 0 1 0 0 0 1 1 1 1 1 1 1 1 1 1 1 1 1 1 1 1
273 40 50822 1 1 1 1 1 1 1 1 1 1 1 1 1 1 1 1 1 1 1 1 1 1 1 1 1 1 1 1 1 1 1 1 1 1 1 1 1 1 1 0
274 40 45951 1 0 0 1 1 1 1 1 1 1 1 1 1 1 1 1 1 1 1 1 1 1 1 1 1 1 1 1 1 1 1 1 1 1 0 1 1 1 1 1
275 40 28414 1 0 1 0 0 1 0 1 0 1 0 0 0 1 0 0 0 0 0 0 1 0 1 1 1 0 0 0 0 1 0 1 1 0 1 0 1 0 0 1
276 40 43971 1 1 1 1 0 1 0 1 1 1 1 0 1 1 1 0 1 0 1 1 1 0 0 0 1 1 1 1 0 1 1 1 1 0 1 1 1 0 1 0
277 40 9708 1 0 0 0 0 0 0 0 0 0 0 0 1 0 1 0 0 0 0 1 1 0 0 0 0 0 0 0 0 0 0 0 0 0 0 0 0 0 0 0
278 40 38224 1 1 1 1 1 1 1 0 1 1 1 0 1 1 1 0 1 1 1 0 0 1 1 1 1 0 1 0 1 1 0 0 0 1 0 1 1 1 1 1
279 40 43829 1 1 1 1 0 0 0 1 0 1 1 1 1 1 1 1 0 1 1 1 0 0 1 0 1 1 1 0 0 1 1 1 1 1 1 0 1 1 1 1
280 40 0 0 0 0 0 0 0 0 0 0 0 0 0 0 0 0 0 0 0 0 0 0 0 0 0 0 0 0 0 0 0 0 0 0 0 0 0 0 0 0 0
281 40 42257 0 1 1 1 0 1 1 1 1 1 1 1 1 1 1 1 1 0 1 0 1 0 1 1 1 1 0 1 1 1 1 1 1 1 1 0 0 1 1 0
282 40 15364 0 0 0 0 0 1 0 1 0 1 1 1 0 0 0 0 0 0 0 0 1 0 1 0 0 1 0 0 1 0 0 0 0 0 1 0 1 0 0 0
283 40 15032 0 0 0 1 0 0 0 0 0 0 0 0 0 0 0 0 0 0 0 0 0 0 0 0 1 1 0 0 0 0 0 1 1 0 1 1 1 0 1 0
284 40 44787 0 1 1 1 1 1 1 1 1 1 1 0 1 0 1 1 1 1 0 1 1 1 0 1 1 0 1 1 1 1 0 1 1 1 1 1 1 1 1 1
285 40 26982 0 1 0 1 1 0 0 0 1 0 1 1 1 0 0 0 1 0 0 1 1 1 0 0 0 1 0 1 1 0 1 0 0 0 0 0 0 1 0 0
286 40 34147 0 0 1 0 0 1 1 1 1 0 0 1 1 1 1 1 1 0 0 0 1 0 1 0 0 0 1 1 0 0 1 1 1 0 0 0 1 1 0 1
287 40 26122 1 1 0 1 1 0 1 1 0 1 0 1 1 0 0 1 0 0 0 1 0 0 0 0 1 0 0 1 0 0 0 0 0 0 1 0 0 1 1 1
288 40 49881 1 0 1 1 1 1 1 1 1 1 1 1 1 1 0 1 1 1 1 0 1 1 1 0 1 1 1 1 1 1 1 0 1 1 0 1 1 1 1 1
289 40 43194 1 1 0 0 1 1 1 0 0 1 1 1 1 0 1 1 1 1 1 1 0 1 1 1 1 1 1 1 0 1 0 1 0 1 1 0 1 1 0 1
290 40 39490 1 0 0 0 1 1 0 1 1 0 1 0 0 1 1 1 0 1 1 1 1 0 1 0 0 1 0 0 1 1 1 1 1 1 1 0 0 0 1 0
291 40 30980 0 1 0 0 1 0 1 1 1 1 0 1 1 1 0 0 0 0 0 0 1 1 1 1 0 0 1 0 0 0 0 0 0 1 0 1 0 1 1 0
292 40 38850 1 1 1 1 1 0 1 1 0 1 0 1 1 1 0 1 1 0 0 1 1 1 1 0 1 1 1 1 1 1 0 1 0 0 1 0 1 0 1 1
293 40 44869 1 1 1 1 1 1 1 0 1 0 1 1 1 1 1 1 1 1 1 1 1 1 1 1 1 1 1 1 1 0 1 1 1 1 1 1 0 1 1 1
294 40 43370 1 1 0 1 0 1 0 1 0 1 1 1 1 0 0 1 1 1 1 0 0 1 1 0 0 1 1 0 0 1 1 0 1 0 1 0 1 1 1 1
295 40 34556 1 1 1 0 1 1 1 0 0 0 1 0 1 0 0 1 0 0 0 1 1 1 1 0 1 0 1 0 1 1 1 1 1 0 0 0 0 1 1 1
296 40 44593 1 1 1 1 1 1 1 1 1 1 1 0 1 1 1 1 1 1 1 1 1 1 1 1 1 1 1 1 1 1 1 1 1 1 1 1 1 0 1 1
297 40 49412 1 1 1 1 1 1 1 1 1 0 1 1 1 1 1 1 0 1 1 0 1 1 1 0 1 0 1 1 1 1 1 1 1 1 1 1 1 1 1 1
298 40 45970 1 1 1 1 1 1 0 1 0 1 1 0 1 1 1 1 1 1 0 0 1 1 0 1 0 1 1 1 0 1 1 1 1 1 1 1 1 1 1 1
299 40 53261 1 1 1 1 1 1 1 1 1 1 1 0 1 1 1 1 1 0 1 0 1 1 1 1 1 0 1 1 1 1 1 1 1 1 1 1 0 0 0 1
300 40 26129 0 0 0 0 1 1 1 0 1 0 0 1 1 1 1 0 0 0 0 1 1 0 0 0 0 1 1 1 0 0 0 1 0 1 0 0 1 1 0 0
301 40 31752 1 1 1 0 1 1 0 0 1 0 1 1 0 0 0 1 0 1 0 0 0 1 0 1 1 0 1 0 0 1 0 1 1 0 1 1 0 0 0 1
302 40 31204 1 0 1 1 1 1 1 0 0 1 1 0 1 1 0 1 0 1 0 1 1 0 1 1 0 1 0 0 0 0 0 0 0 0 1 0 0 1 0 0
303 40 29444 1 1 1 0 1 1 0 1 0 1 1 0 0 0 0 1 1 0 0 1 1 1 1 0 0 0 0 1 0 0 1 1 0 0 0 0 0 1 0 1
304 40 25440 1 0 1 0 0 1 1 1 0 1 0 1 0 0 0 0 0 0 1 0 0 0 0 0 1 1 0 0 1 1 0 0 1 1 0 1 1 0 1 0
305 40 53171 1 1 1 1 1 1 1 1 1 1 1 1 1 1 1 1 1 1 1 1 1 1 1 1 1 1 1 1 1 1 0 1 1 1 1 1 1 1 1 1
306 40 5864 0 0 0 1 0 0 0 0 0 1 0 0 0 0 0 0 0 0 0 0 0 0 0 0 0 0 0 0 0 0 0 0 0 1 0 1 0 0 0 0
307 40 42064 0 0 0 1 1 0 1 0 1 0 1 1 0 1 1 1 1 1 1 1 1 0 1 1 1 1 1 1 1 0 1 1 1 1 1 0 1 0 1 1
308 40 31441 0 0 1 1 1 0 0 1 1 0 0 0 1 1 1 1 1 0 1 1 0 0 1 0 1 1 0 0 0 0 0 0 0 1 0 1 0 1 0 1
309 40 14539 0 0 0 0 0 0 0 0 0 0 0 1 0 0 0 0 0 0 1 1 1 1 0 0 1 0 0 1 0 0 0 0 0 0 0 1 1 0 0 1
310 40 29556 1 1 0 0 0 0 1 0 1 1 0 1 0 1 0 0 1 1 1 0 0 1 1 0 1 1 1 0 0 0 0 0 1 1 0 0 0 1 1 0
311 40 36589 0 0 0 1 0 0 1 0 1 1 0 0 0 1 1 1 1 0 1 1 1 1 0 0 0 1 0 0 0 1 0 1 1 1 1 0 1 1 1 1
312 40 50774 1 1 1 1 1 1 1 1 1 1 1 1 0 1 1 1 1 1 1 1 1 0 0 1 1 1 0 1 1 1 1 1 0 1 1 1 1 1 1 1
313 40 22394 0 0 1 0 1 1 1 0 1 0 1 1 0 1 0 0 0 1 1 1 0 1 0 0 0 1 0 0 0 1 1 0 0 0 0 0 0 0 0 0
314 40 7177 0 1 0 0 0 0 0 0 0 0 1 0 0 0 0 0 0 0 0 0 0 0 0 0 0 0 1 0 0 0 0 0 0 0 0 0 0 1 0 0
315 40 48427 1 1 1 1 1 1 1 1 1 0 1 1 1 1 1 1 1 1 1 1 1 1 1 1 1 1 1 1 1 1 1 1 1 1 1 1 1 1 1 1
316 40 19623 0 0 1 1 1 0 0 1 1 1 0 0 0 0 1 0 0 0 0 0 0 1 0 0 0 0 0 1 0 0 0 0 0 0 0 0 0 0 1 1
317 40 46350 1 0 1 1 1 1 1 1 1 1 1 1 1 1 1 1 1 1 0 1 1 1 1 1 1 1 1 0 0 1 0 0 1 1 0 0 1 1 1 1
318 40 12916 1 1 0 0 0 0 0 0 0 0 1 0 0 0 0 1 1 0 0 0 1 0 1 0 0 0 0 0 0 0 0 0 0 0 0 0 0 1 1 0
319 40 44858 1 1 1 1 1 1 1 1 1 1 1 1 1 1 1 1 1 1 1 1 1 1 1 1 1 1 1 1 1 0 1 1 0 1 1 1 1 1 1 1
320 40 13132 0 0 0 0 0 0 0 0 0 0 0 0 0 1 1 0 0 0 0 0 0 0 0 1 0 0 1 1 0 0 0 0 1 0 0 0 1 1 0 1
321 40 20399 0 1 0 0 0 0 1 1 1 0 1 0 0 0 0 0 0 0 1 0 0 0 1 0 0 1 0 1 1 1 0 1 0 0 0 0 0 0 1 1
322 40 38067 1 1 1 0 0 0 1 1 1 1 1 1 1 1 0 1 0 0 1 1 1 1 1 1 0 0 1 0 1 0 0 1 1 1 0 1 1 0 1 0
323 40 28469 1 1 1 0 1 0 0 0 1 0 0 0 1 0 0 0 1 0 1 1 0 0 1 0 0 0 1 1 0 0 0 1 0 0 1 0 0 0 0 1
324 40 48784 1 0 1 1 1 0 1 1 1 1 1 1 1 1 1 0 1 1 1 0 1 1 1 1 1 1 1 1 1 1 1 1 1 1 1 1 1 1 1 1
325 40 48386 1 1 1 1 1 1 1 1 1 0 1 1 1 1 0 1 1 0 1 1 0 1 1 1 1 1 1 1 1 1 1 1 0 1 0 1 1 1 1 1
326 40 44945 0 1 1 1 1 1 1 1 1 0 0 0 1 1 1 0 0 1 0 1 1 0 1 1 1 1 1 1 1 1 1 0 0 1 1 1 1 1 0 1
327 40 18234 0 0 0 0 1 1 0 0 0 0 0 0 1 0 0 1 0 0 0 0 0 0 0 1 1 0 1 0 0 0 1 0 1 0 0 1 0 0 0 1
328 40 46993 1 1 1 0 1 1 1 1 1 1 0 1 0 1 1 1 1 0 1 1 1 1 1 1 1 1 1 1 1 1 1 1 1 1 1 0 1 1 1 1
329 40 45327 1 1 1 1 1 0 1 1 1 1 1 1 1 1 1 1 1 1 0 1 1 1 1 1 1 1 1 0 1 1 1 1 1 0 0 1 1 1 1 1
330 40 34372 1 0 0 0 1 0 0 0 0 0 1 1 1 1 1 0 0 1 1 0 1 1 1 1 0 1 1 1 0 1 1 1 0 1 0 0 1 0 1 1
331 40 23747 0 1 0 0 0 0 0 0 0 0 0 0 0 0 0 0 0 0 0 1 1 1 1 0 0 0 0 1 0 1 0 1 1 0 0 1 1 0 0 1
332 40 27372 1 0 1 1 0 0 0 1 0 0 1 0 1 1 0 1 1 0 0 0 0 1 0 0 0 1 0 0 1 1 0 0 0 1 1 0 0 1 0 0
333 40 38910 0 1 1 0 1 0 0 1 1 0 1 1 1 1 1 1 0 1 0 1 1 1 1 0 0 1 1 1 0 1 1 1 0 1 0 0 0 0 1 1
334 40 33250 0 1 0 1 1 0 0 0 1 1 0 0 0 0 0 0 1 0 1 1 0 0 1 0 1 0 0 1 1 0 1 0 1 1 1 1 1 0 0 0
335 40 28823 0 1 0 1 0 1 1 0 0 0 0 0 0 0 1 0 0 1 0 1 0 1 1 0 1 1 0 1 0 0 0 1 0 1 0 1 0 0 1 0
336 40 6324 1 0 0 0 0 0 0 0 0 0 0 0 0 0 0 0 0 0 0 0 0 0 1 0 1 0 0 0 0 0 0 1 0 0 0 0 0 0 1 0
337 40 27971 1 0 1 0 0 1 1 0 1 0 0 0 1 0 0 1 0 1 0 1 0 0 0 0 1 1 1 0 0 0 1 1 1 1 0 0 0 1 0 0
338 40 41486 0 1 0 1 0 0 1 1 1 0 1 1 1 1 1 1 1 0 1 1 1 1 1 1 1 1 0 1 0 1 1 1 1 0 1 1 1 0 1 1
339 40 47999 0 1 1 0 0 1 1 1 1 1 1 0 1 0 1 1 1 1 1 0 1 0 1 1 1 0 1 0 1 1 1 1 1 1 1 0 0 1 1 1
340 40 42741 0 1 1 0 1 1 1 1 1 1 1 1 1 1 1 1 1 1 1 1 1 1 1 1 1 1 1 1 1 1 0 1 1 1 1 1 1 1 1 0
341 40 29312 0 1 0 0 0 0 1 1 1 1 0 1 1 0 0 0 0 1 0 1 0 1 0 1 0 0 1 1 0 0 1 0 0 0 1 1 0 0 0 0
342 40 19926 0 1 0 0 0 0 0 0 1 1 0 0 1 0 1 0 1 1 0 0 0 1 1 0 0 1 1 0 0 0 0 0 0 1 0 0 0 0 0 1
343 40 44936 0 1 0 1 1 1 1 1 1 1 1 1 0 1 1 1 1 1 1 1 1 1 1 0 1 1 1 1 1 1 1 0 1 1 1 1 1 1 1 1
344 40 31262 0 0 0 0 0 0 1 0 0 0 1 0 0 0 0 0 1 0 1 0 0 1 1 1 0 1 0 1 1 1 0 1 0 1 1 1 0 1 1 0
345 40 36629 0 1 1 0 1 1 1 0 0 1 0 1 1 1 0 1 1 1 1 0 0 0 0 0 1 0 1 0 0 1 0 1 0 1 1 1 0 1 0 0
346 40 50856 1 1 1 1 1 1 1 1 0 0 1 1 1 1 1 0 1 1 1 1 1 0 1 1 1 0 1 1 1 1 0 1 1 1 1 1 1 1 1 0
347 40 54588 1 1 1 1 1 1 1 1 1 1 1 1 1 1 1 1 1 1 1 1 1 0 1 1 1 1 1 0 1 1 1 1 1 1 1 1 1 1 1 1
348 40 34878 0 0 0 1 1 0 1 0 1 0 0 1 1 0 1 1 1 0 0 0 1 1 1 1 0 0 1 1 1 0 0 1 1 0 0 1 1 1 0 1
349 40 50742 1 1 1 1 1 1 1 1 1 1 0 1 1 1 1 1 1 1 1 1 1 1 1 1 1 1 1 1 1 0 1 1 1 1 0 1 1 1 1 1
350 40 21155 0 0 0 0 1 0 1 0 0 0 0 0 0 0 0 1 1 0 1 1 0 0 1 1 1 0 0 0 0 1 0 0 1 0 0 0 1 0 0 1
351 40 30343 0 1 1 0 0 1 0 0 1 0 0 0 0 1 0 1 0 1 0 1 1 1 0 0 1 0 0 0 0 1 0 0 1 1 1 1 1 1 0 1
352 40 45642 1 0 1 1 0 1 1 0 0 1 1 1 1 1 1 1 1 1 1 1 1 1 0 1 1 1 1 1 1 1 1 1 1 1 1 1 0 1 1 1
353 40 50931 1 1 1 0 1 1 1 0 1 1 1 1 1 1 1 1 1 1 1 1 1 1 1 1 1 1 1 1 1 1 1 1 1 1 1 1 1 1 1 0
354 40 47015 1 1 1 1 1 1 1 1 1 1 1 1 1 1 1 0 1 1 1 1 1 1 1 1 1 1 1 1 1 1 1 1 1 1 1 1 1 1 1 1
355 40 2883 0 1 0 0 0 0 0 0 0 0 1 0 0 0 0 0 0 0 0 0 0 0 0 0 0 0 0 0 0 0 0 0 0 0 0 0 0 0 0 0
356 40 42600 1 1 1 1 1 1 0 1 0 1 1 1 1 1 1 0 0 1 1 1 0 1 1 0 1 1 1 1 1 1 1 0 1 1 1 0 1 1 1 0
357 40 44198 0 1 1 1 1 1 0 1 1 1 1 1 1 1 1 1 0 0 1 1 1 1 1 1 1 1 1 1 1 1 1 1 1 0 0 1 0 1 1 1
358 40 16465 0 1 0 1 0 1 0 0 1 1 1 0 1 1 1 0 0 0 0 0 0 0 1 0 0 0 0 0 0 0 0 0 0 0 1 0 0 1 0 0
359 40 16227 0 1 0 0 0 0 0 1 1 0 1 0 1 0 0 0 0 1 0 0 0 0 0 1 0 0 1 1 0 0 0 1 0 0 0 0 0 0 0 0
360 40 23064 0 0 1 1 0 0 0 0 1 0 0 1 1 1 1 0 0 0 1 1 1 0 0 0 0 0 0 0 1 0 0 1 0 0 0 0 0 0 1 1
361 40 45439 1 1 0 1 0 0 1 0 1 1 0 1 1 1 1 1 1 0 1 1 0 1 1 1 1 1 0 1 1 0 0 0 1 1 1 1 0 1 1 0
362 40 9736 0 0 0 0 0 0 1 0 0 0 0 0 0 0 0 0 0 0 1 0 0 0 0 0 1 0 0 0 1 0 0 0 0 0 0 0 0 1 0 0
363 40 52839 1 0 0 1 1 1 1 1 1 1 1 1 0 1 1 1 0 1 1 1 1 1 1 1 1 1 1 1 1 1 1 1 1 1 1 1 1 1 1 1
364 40 31292 1 0 1 1 0 1 1 1 0 1 1 0 0 0 0 0 1 1 1 0 1 1 1 0 0 0 0 1 0 0 1 0 0 1 0 0 1 0 1 0
365 40 33304 1 1 1 0 1 0 0 1 0 1 1 0 1 0 1 1 0 1 1 0 0 1 0 1 0 0 1 0 1 1 0 0 1 0 1 0 1 1 0 0
366 40 49577 0 1 1 1 1 1 0 1 1 1 0 1 1 1 1 0 1 1 1 1 1 1 1 1 1 1 1 1 1 1 1 1 0 0 1 1 1 1 0 0
367 40 32593 1 0 1 0 1 0 1 0 0 0 1 0 0 0 1 0 1 0 1 1 1 0 1 0 0 0 1 0 0 1 0 0 0 1 1 1 1 1 0 0
368 40 28898 0 1 0 1 0 1 0 0 1 1 0 0 1 1 1 1 0 1 1 0 0 0 0 1 0 0 0 0 1 0 1 0 1 0 0 0 1 0 0 0
369 40 31350 1 0 0 0 0 1 1 0 0 0 1 0 1 0 0 0 1 0 0 0 1 0 0 1 1 0 0 1 1 1 1 1 0 1 0 1 0 1 1 0
370 40 13251 1 0 0 0 0 1 0 1 0 0 0 0 1 0 0 0 0 0 0 0 0 0 0 0 0 1 0 0 1 1 1 0 0 0 0 1 0 0 0 0
371 40 49434 1 1 1 1 1 0 1 1 1 0 1 1 1 1 1 0 0 0 1 1 1 0 1 1 1 1 1 1 1 1 0 1 1 1 1 1 1 0 0 1
372 40 22736 0 0 0 1 0 1 0 0 0 0 0 0 0 0 1 0 1 1 0 0 0 0 1 0 0 1 0 1 0 0 0 0 1 1 0 0 1 0 0 1
373 40 23994 0 1 0 1 0 1 1 0 0 0 1 1 0 1 1 0 0 1 0 0 0 0 1 0 1 0 1 0 0 0 0 0 0 0 0 1 1 1 0 1
374 40 36296 1 0 0 1 1 0 1 1 1 0 0 1 0 1 0 1 0 0 0 1 1 1 1 1 1 0 1 1 1 0 0 0 1 0 1 1 0 1 1 0
375 40 19489 1 0 0 1 1 0 1 0 0 0 0 1 1 0 0 1 0 0 0 0 0 0 1 0 0 0 0 0 1 1 0 0 0 0 0 0 1 0 0 1
376 40 25122 1 0 0 0 0 1 0 0 0 0 0 1 0 0 0 1 1 0 1 0 0 0 1 0 0 0 0 1 0 0 1 0 1 1 1 0 0 0 0 1
377 40 43241 1 1 0 1 1 1 0 1 0 0 1 1 1 1 0 0 1 1 1 0 1 0 1 1 0 1 1 1 1 1 1 0 0 1 0 1 0 1 0 0
378 40 7701 0 0 0 0 0 1 0 0 0 1 0 0 0 0 0 0 0 1 0 0 0 1 0 0 0 0 0 0 0 0 0 0 0 0 0 0 0 0 0 1
379 40 36612 0 1 1 1 1 1 0 1 0 1 0 1 0 0 1 0 1 1 0 1 1 1 0 0 1 1 0 1 0 0 0 0 1 0 0 0 1 1 0 1
380 40 46521 1 1 1 1 1 1 1 1 1 1 1 1 1 1 0 1 1 1 1 1 1 1 1 1 0 0 1 1 1 1 1 1 1 0 1 0 1 1 0 1
381 40 33714 0 0 1 0 0 1 1 0 1 1 0 0 0 1 0 1 0 1 1 1 0 1 1 1 1 0 1 1 0 0 1 1 0 1 1 0 0 0 1 0
382 40 9264 0 0 0 1 0 0 0 0 1 0 0 1 1 0 0 0 0 0 0 0 0 0 0 0 0 0 1 0 0 0 0 0 0 0 0 0 0 0 1 0
383 40 45625 1 1 1 1 1 1 1 1 0 1 1 0 1 1 1 0 1 1 1 1 1 1 1 0 0 1 1 1 1 1 0 1 1 1 0 1 1 1 1 1
384 40 34774 0 0 1 0 1 0 1 1 0 0 0 1 1 0 1 0 0 1 1 1 1 1 1 1 0 0 1 1 1 0 1 1 1 0 0 1 0 0 0 1
385 40 47952 1 1 1 1 1 1 1 1 1 1 1 1 1 1 1 1 1 1 1 1 1 1 1 1 1 1 1 1 1 1 1 1 1 1 0 1 1 1 1 1
386 40 27520 1 0 1 0 1 0 1 0 1 1 1 0 1 0 0 1 0 1 0 0 0 0 0 1 0 0 0 0 1 0 1 0 1 0 0 1 0 0 0 0
387 40 30713 1 0 0 1 1 0 1 1 1 1 1 1 1 0 0 1 1 1 0 0 0 0 1 0 0 1 0 0 0 1 0 0 0 0 0 1 0 1 1 0
388 40 39445 1 0 1 1 1 1 1 1 1 1 1 1 1 1 1 1 1 0 1 1 1 1 1 1 1 1 1 1 1 1 1 1 1 1 1 1 1 1 1 1
389 40 45231 0 1 0 1 1 1 1 0 1 1 1 1 1 1 1 1 1 0 1 0 0 0 1 1 1 1 0 1 1 0 1 0 1 1 0 1 1 1 1 1
390 40 19248 0 0 1 1 0 0 1 1 0 0 0 0 0 0 0 0 0 0 1 0 0 1 0 1 1 0 1 1 0 0 0 0 0 0 1 0 0 0 1 0
391 40 51872 1 1 1 1 1 1 1 1 1 1 1 0 1 1 1 1 1 1 1 1 1 1 1 1 1 1 1 1 1 1 1 1 1 1 1 1 1 1 1 1
392 40 41854 1 1 0 1 1 0 1 0 1 1 0 1 0 1 1 1 0 0 0 0 1 1 1 1 1 0 1 1 1 0 1 0 1 0 0 1 1 1 0 1
393 40 46089 1 1 1 1 1 1 1 1 1 1 1 1 1 1 1 1 1 1 1 1 1 0 1 1 1 1 1 1 1 1 0 1 1 1 1 1 1 1 1 0
394 40 32089 0 1 0 1 0 0 0 1 1 1 1 1 1 1 1 1 1 0 0 0 0 0 0 1 1 0 0 1 0 0 1 0 1 0 0 0 0 1 0 0
395 40 18287 0 0 0 0 0 0 0 0 1 0 0 1 1 0 0 1 0 1 0 0 1 0 0 1 1 0 0 0 0 1 0 1 0 0 0 0 0 0 0 0
396 40 40417 1 1 0 1 1 1 1 1 0 0 1 1 1 1 1 0 1 0 1 1 1 1 0 0 1 0 0 1 0 1 1 1 1 1 0 1 0 1 1 1
397 40 31549 1 0 0 1 1 0 1 0 0 0 0 1 0 0 0 1 1 0 0 0 0 1 1 1 0 1 1 0 1 1 0 0 1 1 1 1 1 0 0 0
398 40 37655 1 1 1 1 0 0 0 0 0 0 1 1 0 1 1 1 1 1 1 0 0 1 1 1 0 1 1 0 1 1 0 0 1 0 1 1 1 1 1 1
399 40 47427 1 1 1 1 1 0 1 1 1 1 1 1 1 1 1 1 1 1 1 1 1 1 1 1 1 1 1 1 1 1 1 1 1 1 1 1 1 1 1 1
400 40 24887 0 0 1 0 0 1 0 1 0 0 0 1 0 1 0 1 1 1 1 0 0 0 0 0 0 0 1 0 0 1 1 0 0 0 1 0 0 0 0 0
401 40 46376 1 1 1 1 0 1 1 0 0 1 0 0 1 1 1 1 1 1 1 1 1 1 1 0 1 1 1 1 1 1 0 0 1 1 1 1 1 1 0 1
402 40 45995 0 1 1 0 1 0 0 1 1 0 1 1 0 1 1 1 1 1 1 0 1 1 1 1 1 1 1 0 0 1 1 1 1 0 1 0 1 1 1 1
403 40 45167 1 1 1 1 1 1 1 1 1 1 1 1 0 1 1 0 1 1 1 1 1 1 1 1 1 1 1 1 1 1 1 0 1 0 1 1 0 1 1 1
404 40 24873 1 0 0 1 0 0 1 1 0 1 0 0 1 1 0 0 0 1 0 0 0 0 0 0 1 1 0 0 0 1 0 0 0 0 0 1 0 0 0 1
405 40 42492 1 0 1 1 1 1 1 1 1 1 1 0 1 0 1 1 1 0 0 1 1 1 0 0 0 0 1 1 1 0 1 1 0 1 0 0 1 0 0 1
406 40 39589 0 0 1 0 0 1 1 1 1 1 1 1 0 1 1 1 1 1 1 0 1 0 1 1 1 1 1 1 0 0 1 1 1 1 1 1 1 0 1 0
407 40 40964 1 0 0 0 1 1 0 1 1 1 1 0 1 1 0 1 0 0 1 0 0 1 1 0 1 0 0 0 1 0 0 1 1 1 1 1 1 0 1 1
408 40 28974 1 1 0 1 0 0 1 1 0 1 0 1 0 1 0 1 0 0 0 0 1 0 0 0 1 1 0 1 1 1 1 0 0 0 1 0 0 1 0 1
409 40 11044 1 0 1 0 0 0 1 0 0 0 0 0 0 0 0 0 0 0 0 0 0 0 1 0 0 0 0 0 0 0 0 0 0 0 1 0 0 1 0 1
410 40 7379 0 0 0 0 1 0 0 0 0 1 0 0 0 0 0 0 0 0 0 0 0 0 0 0 0 0 0 0 0 1 1 0 0 0 0 0 0 0 0 0
411 40 39559 1 0 1 0 1 0 1 0 0 0 1 1 0 1 0 1 1 0 0 1 1 1 1 0 1 1 1 0 0 1 1 1 1 1 1 1 0 0 1 1
412 40 37944 1 0 1 1 0 0 1 1 0 0 1 0 0 1 1 0 1 1 1 1 0 1 0 0 1 1 1 1 1 1 0 1 0 1 0 1 1 0 0 1
413 40 31129 1 0 0 0 0 1 0 0 0 1 0 1 1 1 0 1 1 0 1 1 0 1 1 1 0 0 0 1 1 1 1 0 1 0 0 0 0 0 1 0
414 40 21670 1 1 0 0 0 1 0 0 0 1 0 0 0 0 1 0 1 0 0 0 1 0 0 1 0 0 0 0 1 0 1 1 0 0 1 1 1 0 0 0
415 40 28141 0 1 0 0 1 1 0 0 1 1 1 1 0 0 0 1 1 0 0 0 1 0 1 0 0 1 0 0 1 1 0 1 0 0 0 1 1 0 0 0
416 40 53334 1 1 1 1 1 1 1 1 1 1 1 1 1 1 1 1 1 1 0 1 0 1 1 1 1 1 1 1 1 1 1 1 1 1 1 1 1 1 1 1
417 40 42752 0 0 1 0 1 1 1 0 0 1 0 1 1 0 1 1 1 1 0 0 1 0 1 1 0 0 0 1 0 1 0 1 1 1 1 1 1 1 0 0
418 40 45788 1 1 1 0 1 1 1 1 0 1 1 0 1 1 1 1 1 1 1 0 1 1 1 1 1 1 1 0 0 1 1 0 1 0 1 1 1 1 1 1
419 40 29780 0 0 0 1 0 0 0 1 0 0 1 0 1 1 1 0 0 0 1 0 1 0 1 1 1 0 0 1 0 0 1 0 0 1 1 1 1 0 1 1
420 40 49165 1 0 1 1 1 1 1 0 1 1 1 1 1 1 1 1 1 1 1 1 1 1 1 0 0 1 1 1 1 1 1 1 1 1 1 1 0 1 1 1
421 40 25463 0 1 0 0 0 0 0 1 1 0 1 0 1 0 0 0 0 0 0 1 0 1 1 1 1 0 0 0 0 1 0 1 1 1 0 0 1 0 0 0
422 40 30576 0 0 0 0 1 0 0 1 0 1 0 1 0 0 1 0 1 0 0 1 0 0 1 0 1 1 0 0 1 0 1 1 1 0 1 1 0 0 0 1
423 40 46163 0 0 1 1 0 1 0 1 1 1 1 0 1 1 1 1 0 1 1 0 0 1 1 0 1 1 1 1 1 1 1 1 1 1 0 1 1 1 1 0
424 40 30605 0 1 1 1 0 1 0 1 0 0 1 1 0 1 0 0 0 1 1 0 0 0 1 1 0 0 1 0 0 0 1 0 1 0 0 1 0 0 0 0
425 40 29189 0 0 1 1 0 0 1 1 0 0 0 1 1 0 1 0 1 0 1 0 1 1 0 1 0 1 0 0 0 1 0 0 0 1 1 0 0 1 0 0
426 40 38843 1 0 1 0 1 0 1 0 1 1 0 0 1 0 1 1 1 1 0 1 1 0 1 0 0 1 0 0 1 1 1 0 1 0 0 1 0 0 1 1
427 40 46550 1 0 1 1 1 1 1 1 1 1 1 1 1 1 1 1 1 1 1 1 1 1 1 0 1 1 1 1 1 1 1 1 1 1 1 1 1 1 1 1
428 40 42449 0 1 1 1 1 1 0 1 1 1 1 1 1 1 1 1 1 1 1 1 1 1 0 0 1 0 1 1 1 1 1 1 1 1 1 1 1 1 1 0
429 40 29132 0 0 0 1 1 0 0 0 1 1 1 0 1 0 1 0 0 1 0 0 0 1 0 1 1 0 1 0 0 0 0 1 1 1 0 0 0 1 0 0
430 40 44279 1 1 1 1 1 1 1 1 1 0 0 1 1 1 0 1 1 1 1 1 1 1 0 1 1 1 1 1 1 1 1 0 1 1 1 0 0 1 1 0
431 40 31850 1 0 1 0 1 1 1 0 0 0 0 1 0 0 0 1 1 1 1 1 1 1 0 0 0 0 1 1 1 1 1 1 1 0 0 1 0 1 0 0
432 40 33775 0 1 1 0 1 0 0 1 0 1 0 0 0 0 1 1 1 1 0 0 1 1 0 1 0 0 1 0 0 0 1 1 0 1 1 0 0 1 1 1
433 40 6623 0 0 0 0 0 0 0 0 0 0 0 0 0 0 0 0 1 1 0 0 0 0 0 0 0 0 0 0 0 0 0 1 0 1 0 0 0 0 0 0
434 40 25571 1 0 0 0 1 0 1 0 0 1 0 0 1 1 1 0 0 0 0 1 0 1 1 0 1 1 0 1 0 0 0 0 1 0 0 1 1 1 0 0
435 40 27896 1 1 0 1 1 1 0 0 0 0 0 0 1 0 0 0 1 1 1 1 1 0 1 0 1 1 0 1 0 0 0 0 1 1 0 0 1 0 0 1
436 40 25769 1 0 0 1 1 1 0 1 1 0 0 1 0 0 0 0 0 1 1 1 0 0 1 1 0 0 0 0 0 0 0 0 0 1 1 1 1 0 0 1
437 40 41965 0 1 0 1 1 1 1 0 1 0 0 1 1 1 1 0 1 1 1 1 0 0 1 1 1 0 0 0 1 1 1 1 1 1 0 0 1 0 1 0
438 40 23255 0 1 1 0 0 1 1 0 1 1 0 0 1 0 1 0 1 0 1 0 0 0 0 0 1 0 0 0 1 0 0 1 0 0 1 0 1 0 0 1
439 40 36483 0 1 0 0 1 0 1 0 0 1 1 0 1 1 1 0 1 1 1 1 1 0 1 0 1 0 1 1 1 1 0 0 1 1 0 0 1 1 0 1
440 40 29319 1 0 1 0 1 0 1 0 0 0 0 0 1 1 0 1 1 1 0 1 1 0 1 0 0 0 1 1 1 1 0 1 0 0 0 0 1 0 0 0
441 40 42338 0 1 0 1 1 1 1 0 0 1 1 0 1 1 1 1 1 1 0 1 0 1 0 0 1 1 1 0 1 1 1 0 1 1 1 1 1 1 1 1
442 40 48238 1 1 1 1 0 0 1 1 1 0 0 0 1 1 1 1 1 1 1 1 1 1 1 1 1 1 1 1 1 1 1 1 0 1 1 1 0 1 1 1
443 40 30671 0 1 0 1 0 0 0 1 1 0 1 1 1 0 0 1 0 0 1 1 0 0 0 0 1 0 0 1 0 1 1 0 1 1 0 0 0 1 1 1
444 40 42863 1 0 1 1 0 1 0 0 1 1 1 1 1 1 1 1 0 0 1 1 1 1 1 1 1 1 1 1 1 0 1 1 1 1 1 0 1 1 0 1
445 40 48032 1 1 0 0 1 1 1 0 1 0 1 1 1 1 1 0 1 0 0 0 0 1 1 1 1 1 1 1 1 0 1 1 0 1 1 0 1 1 0 1
446 40 55710 1 1 1 1 1 1 1 0 1 1 1 1 1 1 1 1 1 1 1 1 1 1 1 1 1 1 1 1 1 1 1 1 1 1 0 1 1 1 1 1
447 40 45767 1 1 1 1 1 1 0 1 1 1 1 0 1 1 1 1 1 1 1 1 1 1 1 1 1 1 1 1 1 1 1 1 1 1 1 1 0 1 1 1
448 40 49091 1 1 1 1 1 1 1 1 1 1 1 1 1 1 0 1 1 1 1 1 0 1 1 0 1 1 1 0 1 1 1 1 1 0 1 0 1 1 1 1
449 40 44338 1 0 1 1 0 0 1 1 1 0 1 0 1 1 1 0 1 0 1 1 1 0 1 0 1 1 1 0 1 0 0 1 0 1 0 1 1 1 1 1
450 40 49926 1 1 1 1 1 1 1 1 1 1 1 1 1 1 1 0 1 1 1 1 1 1 1 0 0 1 1 1 0 1 1 1 0 0 1 1 1 1 1 1
451 40 18381 1 0 1 0 0 0 0 0 0 0 0 0 0 0 0 0 1 0 1 0 1 1 0 0 0 0 0 1 0 0 1 0 0 0 0 0 0 1 0 1
452 40 32458 1 0 0 1 1 0 1 1 0 0 1 1 1 0 1 0 1 1 0 0 0 0 0 0 1 0 0 1 1 0 0 0 0 1 1 0 0 0 1 1
453 40 41255 1 0 1 0 1 1 1 1 1 1 1 1 1 1 1 1 1 1 0 1 1 0 1 1 0 1 1 1 1 1 0 0 1 1 0 1 1 0 1 1
454 40 12491 0 0 0 0 0 0 0 0 1 0 0 1 0 0 1 0 0 0 0 0 0 0 0 0 0 0 0 0 0 0 0 1 0 0 1 0 0 1 0 0
455 40 45199 0 1 1 1 1 1 1 1 0 1 1 1 1 1 1 1 0 1 1 0 1 1 1 1 1 1 1 0 1 0 1 1 1 0 1 1 1 1 1 1
456 40 52902 0 1 1 1 1 0 1 0 1 1 1 0 1 1 1 0 1 1 1 1 1 0 1 1 1 1 1 1 0 1 1 1 1 1 1 1 1 0 1 1
457 40 5211 0 0 0 0 0 0 0 0 0 1 0 0 0 0 0 1 0 0 1 0 0 0 0 0 0 0 0 0 0 0 0 0 1 0 0 0 0 0 0 0
458 40 46610 1 1 1 1 1 1 1 1 1 0 1 1 1 1 1 1 1 1 1 1 1 1 1 1 1 1 1 1 1 1 1 1 1 1 1 1 1 1 1 1
459 40 48108 1 1 1 1 1 1 1 1 1 1 1 1 1 1 1 1 1 1 1 1 0 1 1 1 0 1 1 1 1 1 0 1 1 1 0 1 1 0 1 1
460 40 49775 0 1 1 0 0 1 1 0 1 1 1 0 1 1 1 1 1 1 1 1 1 1 1 1 1 1 1 1 1 1 1 1 1 1 1 1 1 1 1 1
461 40 15808 1 0 0 0 0 1 0 0 1 1 1 0 0 1 1 0 1 0 0 0 0 0 1 0 0 0 0 0 0 0 0 0 0 0 1 0 0 0 1 0
462 40 24911 1 1 0 1 0 0 1 0 0 1 1 0 0 0 0 0 1 1 0 0 1 0 1 1 0 0 0 0 1 0 0 0 0 1 1 0 1 0 0 0
463 40 22828 1 0 1 0 1 1 0 0 0 1 0 0 0 1 0 0 1 1 0 0 1 0 1 0 0 0 1 0 0 0 0 1 1 0 0 0 0 0 0 0
464 40 41767 1 1 1 1 0 1 1 0 0 1 0 0 0 1 1 1 1 0 0 0 1 1 1 1 1 1 1 1 1 0 1 1 0 1 1 0 1 0 0 0
465 40 8537 0 0 0 0 0 0 0 0 0 0 1 0 0 0 0 0 0 0 0 0 0 0 0 0 1 0 0 0 0 1 0 0 0 0 0 0 0 0 1 0
466 40 35647 1 1 0 0 0 1 1 1 1 1 0 1 0 0 1 1 1 0 1 0 0 1 1 1 0 0 1 0 1 0 0 0 1 0 1 1 0 1 1 0
467 40 37124 0 1 0 1 0 1 1 1 0 0 1 1 1 1 0 0 1 0 0 1 1 0 0 1 1 1 1 1 0 1 0 0 0 1 0 1 0 0 1 0
468 40 54230 0 0 1 0 1 1 1 1 0 1 1 1 1 1 0 1 1 1 1 1 1 1 1 1 0 1 1 1 1 1 1 1 1 1 1 1 1 1 0 0
469 40 38326 0 0 0 0 1 1 1 0 1 1 1 0 1 1 0 1 0 1 0 0 1 1 1 1 1 1 0 1 1 1 0 1 0 1 0 0 0 0 1 1
470 40 27360 1 1 1 0 0 0 0 0 0 0 1 0 1 0 1 1 0 1 1 1 0 1 0 1 1 1 1 0 1 0 0 1 0 0 1 0 1 0 0 1
471 40 26713 0 0 0 1 0 0 1 0 1 0 0 1 0 1 1 0 0 0 0 0 1 1 0 1 0 1 1 0 0 0 1 0 1 1 0 1 0 1 0 1
472 40 19863 0 0 0 0 1 1 1 0 0 1 0 1 1 0 0 0 0 0 0 0 0 1 0 0 0 0 0 0 0 0 1 0 0 0 0 1 0 0 1 0
473 40 35701 0 1 1 1 1 0 1 1 0 0 0 1 1 0 1 0 1 1 0 0 0 0 0 1 1 0 1 1 0 0 0 1 0 0 1 0 0 1 1 1
474 40 28048 0 0 1 1 0 0 1 1 1 1 0 1 0 0 1 0 1 0 1 0 1 0 1 1 1 0 1 0 0 1 0 1 0 0 0 0 1 1 1 0
475 40 46696 1 1 1 1 0 1 1 1 1 1 0 0 1 1 1 1 1 1 1 1 1 1 1 0 1 1 1 1 1 1 1 1 1 1 1 1 1 0 1 1
476 40 14961 0 1 0 0 0 0 1 0 0 1 0 0 1 1 0 0 0 1 0 0 0 0 0 1 0 0 1 0 0 0 0 0 1 0 0 0 1 0 0 0
477 40 29910 0 0 0 0 1 1 0 1 0 1 1 1 0 0 1 1 0 1 0 1 1 0 0 1 1 0 1 0 0 0 0 0 0 1 1 1 0 0 0 0
478 40 56694 0 1 1 1 1 1 1 1 1 1 1 1 1 1 1 1 1 0 1 1 1 1 1 0 1 1 1 1 1 1 1 1 1 1 1 1 0 1 1 1
479 40 47380 0 1 1 1 0 1 1 1 0 1 1 1 1 1 1 1 1 1 1 0 1 1 1 1 1 0 1 0 1 1 1 1 1 1 1 1 1 0 1 0
480 40 28485 0 1 1 0 1 1 1 0 0 1 1 1 0 1 0 1 1 0 0 0 1 0 0 0 0 1 0 1 0 0 1 0 0 1 1 1 1 0 0 0
481 40 35516 0 0 1 1 1 1 0 1 1 1 0 0 0 1 0 0 0 0 1 1 1 1 1 0 1 1 1 1 1 0 0 1 1 0 0 1 1 1 0 1
482 40 24740 0 0 1 0 0 0 0 1 1 0 0 1 0 1 0 1 0 0 0 0 1 0 1 1 0 0 0 0 0 0 0 1 0 0 1 0 1 1 1 1
483 40 40950 0 1 1 0 1 1 0 0 1 1 1 0 0 0 1 1 0 0 1 1 0 1 1 1 1 0 0 0 0 1 1 1 1 1 0 0 1 1 1 1
484 40 26437 0 0 1 1 0 0 1 1 0 0 1 0 0 0 0 1 1 0 0 1 1 1 1 0 0 0 0 0 0 1 1 1 0 1 0 1 1 1 0 0
485 40 48820 1 1 1 1 1 1 1 1 1 1 1 1 1 1 1 1 1 1 1 1 1 0 1 0 1 1 1 1 1 1 1 1 0 1 0 1 1 1 1 1
486 40 31445 0 0 0 1 0 1 0 1 1 0 0 0 0 1 1 0 1 0 1 1 1 0 1 1 0 0 1 0 0 0 0 1 1 0 0 0 0 0 1 1
487 40 42805 1 1 0 1 1 0 1 1 1 0 1 0 0 1 1 1 1 1 1 0 1 1 1 0 1 0 0 1 1 0 1 1 1 1 1 1 1 1 0 1
488 40 30051 0 1 0 1 1 1 0 0 0 0 0 0 1 1 1 1 1 0 0 1 0 1 0 1 0 1 1 0 1 0 0 0 0 0 0 0 1 1 0 1
489 40 38715 0 1 0 1 0 1 0 1 1 1 1 0 1 1 0 1 1 1 1 1 1 1 0 0 0 0 0 0 1 1 0 0 0 0 1 1 1 1 1 1
490 40 40744 1 0 1 1 0 1 0 1 0 0 0 1 1 1 0 1 1 0 1 1 1 1 1 1 0 0 0 1 1 1 0 0 0 1 0 1 1 1 0 0
491 40 47371 0 1 1 1 1 0 1 1 1 1 1 1 1 1 1 1 1 1 1 1 1 1 1 0 1 1 0 1 1 1 1 0 1 1 1 1 1 1 0 1
492 40 11872 0 0 0 1 0 0 0 1 0 1 0 0 0 0 0 0 0 0 1 0 0 0 0 1 0 0 0 0 0 0 0 0 0 1 0 0 0 1 0 1
493 40 30562 1 1 0 0 1 0 1 0 0 0 1 1 0 1 0 0 1 1 0 1 0 0 1 0 0 0 1 1 0 1 0 0 0 0 0 1 1 0 1 0
494 40 43278 1 1 0 1 1 0 1 1 0 1 0 0 1 1 1 1 1 1 1 1 1 0 0 0 1 0 1 1 1 1 0 1 1 1 1 1 0 1 0 1
495 40 26774 1 0 0 1 0 0 1 1 1 1 0 0 1 1 1 0 0 0 0 0 1 1 0 0 1 1 0 1 1 0 1 0 1 0 0 0 0 0 0 1
496 40 45554 1 1 1 0 1 1 1 1 1 1 1 1 1 1 1 1 1 1 1 1 1 1 1 1 1 0 1 1 1 1 1 1 1 1 1 1 1 1 0 1
497 40 42400 0 0 0 1 1 1 1 1 1 0 1 0 1 1 1 1 1 1 1 1 1 1 1 1 1 1 0 1 0 1 0 1 1 1 1 0 0 1 1 1
498 40 44000 1 1 1 0 0 1 1 1 1 1 0 0 0 1 1 1 1 0 1 1 0 1 0 1 1 1 0 1 0 1 1 0 1 1 0 1 1 1 1 0
499 40 11370 0 1 0 0 0 0 0 0 0 0 0 0 0 0 0 0 0 0 1 0 0 0 1 0 0 1 1 0 0 0 0 0 1 0 0 1 1 0 0 0
500 40 5712 0 1 0 0 0 0 0 0 0 0 0 1 0 1 0 0 0 0 0 0 0 0 0 0 0 0 0 0 0 0 0 0 0 0 0 0 0 0 0 1
