1 30 23521 1 1 1 0 0 1 0 1 1 1 1 1 1 1 1 1 1 1 1 1 1 0 1 0 1 0 1 1 1 0
2 30 24986 1 1 1 0 1 1 1 1 1 0 1 0 1 0 1 0 1 0 1 1 0 1 1 0 1 1 1 1 1 1
3 30 29497 0 1 0 1 1 1 1 1 1 0 0 1 1 1 1 0 1 1 1 1 1 1 1 0 0 0 0 1 1 1
4 30 26695 0 1 1 0 0 1 1 1 1 1 1 0 1 1 1 1 0 1 1 0 1 1 1 1 1 1 0 1 1 0
5 30 26879 1 1 1 1 0 1 0 1 1 1 1 1 1 1 1 1 1 1 1 0 1 0 0 0 0 1 0 1 1 1
6 30 28185 1 0 1 1 1 1 1 1 1 1 0 0 0 1 1 1 0 0 1 0 1 1 0 1 1 1 1 1 0 1
7 30 27625 1 1 1 1 0 0 1 1 0 0 1 1 1 1 1 1 1 0 1 0 1 0 1 1 1 1 1 1 0 1
8 30 28301 0 0 1 0 0 0 1 1 1 1 1 1 0 1 1 1 1 1 1 1 0 1 0 0 1 1 1 1 1 1
9 30 28218 1 1 1 1 0 1 1 1 1 1 1 0 0 1 0 1 1 0 1 1 0 1 0 1 1 1 1 0 1 1
10 30 27626 1 1 0 1 1 0 1 1 1 1 1 1 0 0 0 0 0 1 1 1 0 1 1 1 1 1 1 1 0 0
1 30 23020 0 1 1 1 0 0 1 1 1 1 0 1 0 1 1 1 1 1 1 1 0 0 1 1 0 1 1 1 1 0
2 30 24758 1 1 0 0 1 1 0 1 1 1 1 1 1 0 0 1 1 1 0 1 1 0 1 0 1 1 0 1 1 1
3 30 29507 1 1 1 1 0 1 1 0 1 0 0 1 0 1 0 1 1 1 0 1 1 0 1 1 1 1 1 1 1 0
4 30 26457 0 1 1 1 1 1 0 1 1 1 1 0 1 1 1 1 0 1 0 0 1 1 0 0 1 1 0 1 1 1
5 30 26634 1 1 1 0 0 1 0 0 1 1 0 1 0 1 1 0 1 1 1 1 1 0 1 1 1 1 1 1 0 1
6 30 27947 1 0 1 0 1 1 1 0 0 0 1 0 1 1 1 1 1 0 1 1 1 1 1 0 0 1 1 1 0 1
7 30 27539 0 1 1 0 0 1 1 0 1 1 0 1 1 1 1 1 1 0 1 0 1 1 1 0 1 1 1 1 1 1
8 30 28322 1 1 1 1 1 0 1 0 1 0 1 0 0 1 1 1 1 1 1 0 0 1 1 0 0 1 1 1 1 1
9 30 27970 0 1 1 1 1 1 0 1 1 1 1 1 1 1 1 0 1 0 1 1 0 1 0 1 0 0 1 0 1 1
10 30 27848 1 1 0 1 1 0 0 0 1 1 1 1 0 0 1 1 0 1 1 1 1 1 1 1 0 0 1 1 1 1
1 30 23033 1 1 1 1 1 1 0 1 0 1 0 1 1 1 0 1 1 1 0 1 1 0 1 1 1 0 1 0 1 0
2 30 24763 1 0 1 0 1 0 1 1 1 1 0 1 1 1 1 0 1 0 0 0 0 1 1 1 1 1 1 1 1 1
3 30 29745 1 0 1 1 0 1 0 0 1 1 1 1 0 1 1 1 1 1 1 1 1 1 0 0 1 1 0 1 1 1
4 30 25956 1 0 1 1 1 1 1 1 1 1 1 0 1 1 0 1 0 1 1 0 1 1 0 0 0 0 0 0 1 1
5 30 26881 1 1 0 1 1 0 0 1 1 1 1 0 1 1 1 0 1 1 0 1 1 1 1 1 1 1 0 0 1 1
6 30 27927 1 0 0 1 1 1 1 1 1 1 1 0 0 1 0 1 1 0 1 1 1 0 0 0 1 1 1 0 1 1
7 30 27391 1 0 0 0 0 1 1 0 1 0 1 1 1 1 1 1 1 0 1 1 0 1 1 1 0 1 1 1 1 1
8 30 28564 0 0 1 1 1 1 1 1 1 0 1 1 0 1 1 1 1 1 1 1 1 1 1 0 0 1 1 1 0 0
9 30 27980 1 1 1 1 1 1 0 0 1 1 1 0 1 0 0 1 1 1 1 1 1 0 1 1 1 0 0 1 0 1
10 30 27379 1 0 0 1 1 1 1 0 1 0 1 1 1 1 1 0 1 1 0 0 1 0 1 1 0 1 1 1 0 0
1 30 23513 1 1 1 0 1 1 1 1 1 1 0 1 1 1 1 1 1 1 0 1 1 0 0 1 1 0 1 1 1 0
2 30 24758 1 1 1 1 1 0 0 1 1 1 1 1 1 0 1 1 1 0 0 0 1 1 1 1 0 0 1 0 1 1
3 30 29495 1 1 1 1 0 1 1 0 1 1 0 1 1 1 1 0 1 1 1 1 1 0 0 0 0 1 1 1 1 0
4 30 25952 1 0 0 1 0 0 1 1 1 1 1 1 0 0 1 1 1 1 1 0 1 1 1 0 0 0 0 1 1 1
5 30 27110 1 1 1 0 1 1 1 1 1 1 1 1 0 1 1 1 1 1 1 1 0 1 0 0 0 1 1 0 1 1
6 30 28193 1 0 1 1 0 1 1 1 1 1 0 1 1 0 1 1 1 0 1 1 1 1 0 0 0 1 1 1 0 1
7 30 27382 1 0 1 0 1 1 1 0 0 0 1 1 1 1 0 1 0 0 1 1 1 1 1 1 1 1 1 1 0 1
8 30 28301 0 1 1 1 1 0 1 1 1 1 1 0 0 1 1 1 0 0 1 1 1 0 1 1 1 1 0 1 0 1
9 30 27974 1 1 1 0 0 0 1 1 1 1 1 1 1 1 0 1 0 1 0 1 0 0 0 1 1 1 1 1 1 1
10 30 27870 1 1 1 1 0 0 1 0 0 1 1 1 1 1 1 1 0 1 1 0 0 1 1 1 1 0 1 1 0 1
1 30 23519 1 1 1 1 1 1 0 0 1 1 1 1 0 1 1 1 1 0 1 1 1 1 0 0 1 0 1 1 1 1
2 30 24745 1 1 0 0 1 1 0 1 0 0 1 0 1 1 1 1 1 1 1 1 1 0 1 0 1 1 0 1 1 1
3 30 29502 1 0 1 1 0 1 0 0 1 1 1 1 1 1 1 0 1 1 1 1 0 0 0 1 1 0 1 1 1 1
4 30 26433 1 1 1 0 1 0 1 1 1 1 1 1 1 1 1 1 1 1 1 0 0 0 1 0 1 0 1 1 0 0
5 30 27136 1 1 0 1 1 0 0 1 1 1 1 1 1 1 1 1 1 1 1 1 0 1 0 1 1 1 0 0 1 1
6 30 28186 1 0 1 1 1 1 1 0 0 1 1 0 1 1 1 0 1 0 1 1 1 0 1 1 1 1 1 1 0 0
7 30 27377 1 0 1 0 0 1 1 0 1 0 0 1 1 1 0 1 1 0 1 0 1 1 1 1 1 1 1 1 1 1
8 30 28306 1 1 0 0 1 0 1 0 1 1 1 1 0 1 1 1 1 1 1 1 1 0 0 1 1 0 1 1 0 1
9 30 28220 0 1 1 1 0 0 0 0 1 1 1 1 1 1 0 0 1 0 1 1 1 1 1 1 1 1 1 1 1 1
10 30 28112 1 0 1 1 1 1 1 0 0 0 0 1 1 1 0 1 0 1 1 1 1 1 1 1 1 1 0 1 1 1
