1 30 23049 1 0 1 1 1 1 1 1 0 1 1 0 0 1 0 1 1 1 1 1 1 1 0 0 0 0 1 1 1 1
2 30 25199 1 1 1 0 1 1 0 1 1 0 1 0 1 1 1 1 1 0 0 1 1 1 1 0 1 1 1 1 1 1
3 30 29740 0 1 0 1 1 1 1 0 1 1 1 0 0 1 1 1 1 1 1 1 1 0 1 1 0 0 1 1 1 1
4 30 26460 0 1 1 1 0 1 1 0 1 1 0 1 1 1 1 1 0 1 0 0 1 0 0 1 1 1 1 1 1 1
5 30 26836 1 0 1 1 1 0 0 0 1 1 1 1 1 0 1 1 1 1 1 1 0 1 1 1 1 1 0 0 1 1
6 30 28181 0 0 1 1 1 1 1 0 1 1 1 0 1 1 1 0 1 0 1 1 1 1 0 0 1 1 1 1 1 0
7 30 27385 1 0 1 0 1 0 1 0 1 1 1 1 1 1 0 1 1 0 0 0 1 1 1 1 1 1 1 1 1 0
8 30 28298 1 1 0 1 1 1 1 0 0 0 1 1 0 1 1 1 1 0 0 1 0 0 1 1 1 1 1 1 1 1
9 30 28233 1 1 1 1 0 0 0 0 1 1 1 1 1 1 1 1 0 1 0 1 1 0 1 1 1 1 1 0 1 1
10 30 28342 1 1 1 1 1 1 1 0 0 0 1 1 0 0 1 1 1 1 1 1 1 1 1 1 1 1 0 1 0 1
11 30 24338 1 1 0 0 0 1 1 1 1 1 1 0 1 1 0 0 1 0 1 0 1 1 1 1 1 1 0 1 1 1
12 30 26570 0 0 1 1 1 1 1 1 1 1 1 1 0 1 1 0 0 1 1 1 1 0 1 1 0 1 1 1 0 1
13 30 26411 0 1 1 1 1 1 1 1 1 0 0 1 0 1 0 1 1 1 1 1 1 1 0 1 1 1 1 0 1 1
14 30 24425 1 1 1 1 1 1 0 0 0 1 1 1 0 1 0 1 1 1 1 1 1 1 1 1 1 0 0 0 1 0
15 30 23864 0 1 1 0 1 1 1 1 1 0 1 1 0 1 1 1 1 0 1 1 1 0 1 1 1 0 1 1 1 1
16 30 26732 1 1 0 1 0 1 1 1 0 1 1 0 1 1 1 0 0 1 1 1 1 1 0 1 1 0 1 1 1 1
17 30 26107 1 1 1 1 1 0 1 1 1 1 1 1 1 0 1 1 1 1 0 1 1 0 0 0 0 1 1 0 0 1
18 30 29603 1 0 1 1 0 1 0 1 1 1 1 0 1 1 0 1 1 1 1 1 1 1 0 1 0 1 0 1 1 1
19 30 27247 1 1 0 1 0 1 1 1 1 1 1 1 1 1 0 1 1 0 1 1 0 1 1 0 0 1 1 1 0 1
20 30 28997 0 1 1 1 1 1 0 1 1 1 0 1 1 1 0 1 0 1 0 1 1 0 1 1 0 1 1 1 0 1
21 30 26330 1 1 1 1 0 1 1 1 1 0 1 0 0 1 0 1 1 1 1 1 1 0 1 1 1 1 0 1 1 1
22 30 24765 1 0 1 1 1 1 1 1 1 1 0 0 1 1 0 0 0 1 1 1 1 1 1 0 1 1 1 0 1 0
23 30 27520 0 1 1 0 1 0 1 1 1 0 0 1 1 1 1 1 1 0 1 1 1 1 1 1 1 0 1 1 0 0
24 30 25577 1 1 1 1 1 0 1 1 0 1 0 1 1 1 1 0 1 1 1 1 0 0 1 1 0 1 0 1 1 1
25 30 26726 1 1 1 1 1 1 1 1 1 1 1 1 1 0 1 1 0 0 0 1 1 1 0 1 0 0 1 1 1 1
26 30 25192 0 1 1 0 1 0 1 1 1 1 1 1 0 1 0 1 1 1 1 0 1 1 1 1 1 1 1 0 1 0
27 30 25638 1 1 1 1 1 1 0 1 1 1 1 0 1 1 0 1 1 1 1 1 0 0 1 0 1 0 0 0 1 0
28 30 27277 0 1 1 1 0 1 1 1 1 1 1 1 1 0 1 0 1 1 0 1 0 1 1 1 1 0 0 1 1 1
29 30 26373 0 0 1 1 1 1 1 0 1 0 1 1 1 1 0 1 1 1 1 0 1 0 1 1 1 1 1 1 1 1
30 30 27556 1 1 0 0 1 0 0 1 0 1 1 1 1 1 1 1 1 1 1 0 0 1 1 1 1 1 0 1 1 1
31 30 27888 1 0 1 1 0 1 1 1 0 1 1 1 1 1 0 0 1 1 1 1 0 1 1 0 1 1 0 1 1 1
32 30 26753 1 1 1 1 0 1 1 0 0 0 1 1 1 0 0 1 0 1 1 1 1 0 1 1 1 1 1 1 1 0
33 30 26766 1 0 1 0 1 0 1 1 1 0 1 1 0 1 1 1 0 1 1 1 1 1 1 1 1 0 1 1 0 1
34 30 30465 1 1 1 1 0 0 1 1 0 0 1 1 1 0 1 1 1 1 1 1 1 0 1 0 1 0 0 1 1 1
35 30 24754 0 1 1 1 1 1 1 1 0 1 1 0 0 0 1 1 1 1 1 1 1 1 1 0 1 1 1 0 1 1
36 30 27459 1 0 1 1 1 0 1 0 1 1 1 1 1 1 1 0 0 1 0 0 0 0 1 1 1 1 0 1 1 1
37 30 25405 1 1 1 1 1 1 1 1 0 1 0 1 1 1 0 1 1 1 0 0 1 0 1 1 0 1 0 0 1 1
38 30 27794 1 1 1 0 1 1 1 1 1 0 1 0 1 1 1 0 0 1 1 0 0 1 0 0 1 1 1 1 1 1
39 30 24444 1 1 1 1 1 1 0 1 0 1 1 0 1 1 0 0 1 1 0 1 0 1 1 1 0 0 1 1 1 1
40 30 29206 0 1 1 1 1 1 0 0 1 1 1 1 0 1 1 1 1 1 1 1 1 0 1 0 0 1 1 0 1 0
41 30 26663 1 1 0 1 1 1 1 1 0 1 1 1 0 1 0 1 1 1 1 0 1 1 0 1 1 1 1 1 0 1
42 30 27599 1 0 1 1 0 0 1 1 1 1 1 1 1 0 1 1 1 0 1 1 0 1 1 1 1 1 0 0 1 0
43 30 25698 1 1 1 0 1 0 1 1 1 1 0 1 1 1 0 1 0 0 1 1 1 1 1 1 0 0 1 1 1 1
44 30 26145 1 1 1 1 1 1 1 0 0 1 0 1 1 0 0 1 1 1 0 0 1 1 1 0 1 1 1 0 1 0
45 30 26127 1 0 1 0 1 1 0 1 0 0 1 1 1 1 0 0 1 1 1 0 0 1 0 1 1 1 1 1 1 1
46 30 25579 1 1 0 1 1 1 1 1 1 1 1 0 0 1 0 0 0 0 1 1 1 1 1 1 1 1 0 1 1 1
47 30 25956 0 1 1 0 1 1 1 1 1 0 1 0 1 1 1 1 1 1 0 1 1 1 1 1 0 1 1 1 1 0
48 30 24564 1 1 0 0 1 1 1 1 1 1 0 1 1 0 1 1 1 1 1 1 0 1 0 0 1 0 0 1 1 1
49 30 27004 0 1 1 1 0 1 1 1 0 1 1 0 0 1 0 1 1 1 1 1 1 1 1 0 1 1 1 0 1 0
50 30 27575 0 0 1 1 1 1 0 1 0 1 1 1 1 0 1 1 1 0 1 1 1 1 0 1 0 1 1 1 0 1
51 30 27456 1 0 1 1 1 0 0 0 0 1 1 0 1 1 1 1 1 0 1 0 1 1 1 1 1 1 1 1 1 1
52 30 24702 1 1 1 1 1 0 1 1 1 1 1 1 1 1 0 0 1 1 1 0 1 0 1 1 0 0 1 0 0 1
53 30 25040 0 1 1 1 1 1 1 1 1 1 1 1 1 1 1 0 0 1 0 0 1 1 1 0 1 1 0 1 1 1
54 30 25622 1 1 1 1 0 1 1 1 1 1 0 0 0 0 1 1 1 0 1 1 1 1 1 0 1 0 1 1 1 1
55 30 26966 0 1 0 1 1 0 0 0 1 1 1 1 1 1 1 0 0 1 1 1 1 1 1 1 1 1 0 1 1 1
56 30 27289 1 0 1 0 1 1 1 1 0 1 1 1 1 0 1 0 0 1 1 1 1 1 1 0 0 1 1 0 1 1
57 30 25934 1 1 1 0 1 1 0 1 0 1 1 1 1 1 1 1 0 0 0 0 0 1 1 1 1 1 0 1 0 1
58 30 26350 0 1 1 1 1 1 1 1 0 1 0 0 0 1 0 1 1 0 1 1 1 1 0 1 1 1 1 1 1 1
59 30 26394 1 1 0 0 1 0 1 0 0 1 1 0 1 1 1 1 1 1 1 1 1 1 1 1 1 1 1 0 0 0
60 30 24979 1 0 0 1 0 1 1 1 0 1 1 0 1 1 1 1 1 1 1 1 1 1 1 1 1 0 0 1 0 1
61 30 25227 0 1 1 1 1 1 0 0 1 1 0 1 1 1 1 1 0 1 1 1 0 1 1 0 1 1 1 1 1 1
62 30 27543 1 0 0 1 1 1 0 1 1 1 1 0 0 1 0 1 1 1 0 1 1 1 1 1 1 0 1 0 1 1
63 30 25736 0 1 1 1 0 1 1 1 1 1 1 1 1 0 1 1 1 1 0 0 1 1 1 1 1 1 0 1 1 0
64 30 26279 1 1 1 1 1 1 1 1 1 1 0 0 1 1 0 1 1 1 1 1 0 1 1 1 0 1 1 1 0 0
65 30 24432 0 1 1 1 1 0 1 1 0 1 1 1 1 1 1 0 1 1 0 1 0 1 1 0 1 1 1 0 1 1
66 30 23123 0 1 1 1 0 1 1 1 1 1 1 1 1 1 1 0 0 0 1 1 1 1 0 1 0 0 1 1 1 1
67 30 27382 1 1 1 0 0 0 1 1 1 1 1 0 1 0 0 1 1 0 0 1 1 1 0 1 1 0 1 1 1 1
68 30 30033 0 0 1 1 1 0 1 1 1 1 1 1 0 1 1 1 1 1 1 0 1 0 1 1 1 0 1 1 0 1
69 30 25183 1 1 1 1 1 0 1 0 1 1 0 0 0 1 1 1 1 1 1 0 0 1 1 0 1 0 0 1 1 1
70 30 28124 1 1 0 0 0 0 1 1 1 0 1 1 0 0 1 1 1 1 1 1 1 1 1 1 1 0 1 1 1 0
71 30 26935 1 1 0 1 1 0 1 0 0 1 1 1 1 1 1 1 1 1 1 1 0 1 0 0 1 1 1 1 1 1
72 30 27500 0 1 1 0 1 0 1 1 1 1 1 1 1 1 0 1 0 0 1 1 0 1 1 1 1 0 1 1 1 1
73 30 24976 0 0 1 1 0 1 1 1 0 1 1 1 0 1 1 0 1 1 0 1 1 1 1 1 1 0 1 1 0 1
74 30 24806 1 1 1 1 1 1 1 1 0 1 1 1 1 0 1 1 0 1 0 1 1 0 1 1 1 1 1 0 0 1
75 30 22798 1 0 1 1 1 1 0 0 1 1 1 1 1 1 1 1 1 1 0 1 1 0 1 1 0 1 1 1 0 0
76 30 26952 1 1 1 1 1 1 1 0 0 1 0 1 1 1 1 1 1 1 0 0 0 1 1 0 1 0 0 1 1 1
77 30 27105 0 1 1 1 1 1 1 1 0 0 0 1 0 1 1 1 1 1 1 0 0 1 1 1 1 0 0 1 1 1
78 30 26685 1 1 1 1 1 1 1 0 0 1 1 0 1 1 1 1 1 1 0 0 1 1 1 1 0 0 1 1 1 1
79 30 28243 1 0 1 1 1 1 1 1 1 1 1 1 1 0 0 0 1 1 1 1 1 0 1 1 0 0 1 1 1 1
80 30 24803 1 1 1 1 1 0 0 1 1 0 0 1 1 1 1 1 1 0 1 0 1 1 1 1 0 1 1 0 1 1
81 30 27650 0 1 1 1 1 1 1 1 0 1 1 1 0 1 1 1 1 1 0 1 1 1 1 1 1 0 0 0 1 1
82 30 24803 1 1 1 0 1 0 1 1 0 1 1 1 0 1 0 1 1 0 0 1 1 1 0 0 1 0 1 1 1 1
83 30 28321 1 1 1 1 0 1 0 1 1 1 1 0 1 1 0 1 0 0 1 1 0 1 1 1 0 0 1 1 1 1
84 30 24796 1 0 1 0 1 1 1 0 1 1 1 0 1 0 0 1 1 1 1 1 1 1 0 1 1 1 1 0 1 1
85 30 26668 1 1 1 0 1 1 1 1 0 0 1 1 0 1 1 0 0 1 1 1 1 1 0 0 1 1 0 1 1 1
86 30 23460 1 1 1 1 0 0 0 1 1 1 0 1 0 1 1 1 1 1 1 0 0 1 1 1 1 1 1 1 1 0
87 30 24628 1 1 1 0 1 1 1 1 0 0 1 1 1 1 1 1 1 0 1 0 1 1 1 1 1 1 1 0 0 0
88 30 25961 1 1 1 1 1 1 0 1 1 1 0 1 0 0 1 0 1 1 1 1 1 0 1 0 1 1 1 1 1 0
89 30 30104 1 1 0 1 0 1 1 1 0 1 1 1 1 1 0 0 1 1 0 1 0 0 1 1 1 1 1 1 1 1
90 30 28467 1 0 0 1 1 1 1 1 1 0 1 1 1 1 0 0 1 1 1 1 1 1 1 0 1 1 1 0 1 0
91 30 24116 1 0 1 1 1 1 0 1 1 1 1 0 1 0 1 1 1 1 0 1 1 1 0 0 0 1 1 1 0 1
92 30 27579 0 1 1 1 0 1 1 1 1 1 0 1 1 0 1 0 1 1 1 1 0 1 1 1 1 0 1 1 1 1
93 30 25499 0 0 1 1 1 1 1 1 1 0 1 0 1 0 1 1 1 1 1 0 1 1 1 1 1 0 1 1 1 0
94 30 25261 1 1 0 1 1 1 0 1 1 0 1 1 1 0 1 1 1 1 1 1 1 1 0 0 1 0 1 1 1 0
95 30 28292 1 0 1 1 0 0 0 0 1 1 1 1 1 1 1 1 0 1 1 1 1 0 0 1 1 1 1 1 1 1
96 30 29218 0 0 1 1 1 1 1 1 1 1 1 1 1 1 0 1 1 1 1 1 1 0 0 1 1 0 1 0 1 0
97 30 23587 1 1 1 1 1 1 0 1 0 1 1 1 1 1 1 1 0 1 1 0 0 1 0 0 1 0 0 1 1 1
98 30 25764 1 0 1 1 1 0 1 0 1 0 1 1 1 1 1 0 0 0 1 1 1 1 1 0 1 1 0 1 1 1
99 30 27864 1 0 1 0 1 0 1 1 1 1 0 1 1 0 1 1 0 1 1 1 1 1 0 1 0 0 1 1 1 1
100 30 25955 1 0 0 0 1 1 1 1 1 1 1 1 0 1 1 0 0 1 1 1 0 1 1 0 1 0 0 1 1 1
