1 15 4713 443 482 467 436 281 218 53 46 596 557 431 379 326 369 292 260 90 146 759 774 166 117 298 305 160 232 643 641 887 894
2 15 4713 281 218 467 436 596 557 90 146 160 232 431 379 298 305 643 641 53 46 166 117 326 369 443 482 292 260 759 774 887 894
3 15 4713 166 117 160 232 596 557 281 218 759 774 90 146 53 46 887 894 643 641 292 260 298 305 467 436 431 379 443 482 326 369
4 15 4713 166 117 467 436 292 260 596 557 160 232 281 218 431 379 643 641 759 774 53 46 298 305 90 146 443 482 887 894 326 369
5 15 4713 90 146 298 305 759 774 431 379 166 117 281 218 160 232 326 369 596 557 467 436 53 46 292 260 643 641 443 482 887 894
6 15 4713 759 774 596 557 467 436 326 369 160 232 292 260 887 894 643 641 443 482 90 146 166 117 281 218 53 46 431 379 298 305
7 15 4713 596 557 292 260 759 774 166 117 53 46 887 894 431 379 281 218 90 146 326 369 467 436 160 232 643 641 298 305 443 482
8 15 4713 90 146 443 482 467 436 292 260 166 117 281 218 160 232 298 305 431 379 887 894 759 774 596 557 53 46 326 369 643 641
9 15 4713 431 379 443 482 160 232 292 260 467 436 596 557 281 218 53 46 298 305 759 774 887 894 643 641 326 369 166 117 90 146
10 15 4713 643 641 53 46 326 369 160 232 431 379 298 305 292 260 166 117 596 557 467 436 443 482 759 774 281 218 90 146 887 894
11 15 4713 443 482 759 774 596 557 90 146 53 46 643 641 326 369 292 260 281 218 431 379 887 894 166 117 467 436 298 305 160 232
12 15 4713 759 774 643 641 90 146 281 218 887 894 596 557 467 436 298 305 292 260 431 379 160 232 443 482 326 369 166 117 53 46
13 15 4713 53 46 467 436 326 369 596 557 281 218 443 482 431 379 643 641 759 774 90 146 887 894 292 260 160 232 298 305 166 117
14 15 4713 431 379 887 894 467 436 166 117 596 557 643 641 443 482 292 260 298 305 759 774 90 146 326 369 160 232 281 218 53 46
15 15 4713 166 117 759 774 298 305 596 557 160 232 431 379 292 260 53 46 281 218 443 482 90 146 887 894 467 436 643 641 326 369
16 15 4713 281 218 596 557 431 379 53 46 298 305 887 894 759 774 643 641 443 482 160 232 326 369 90 146 166 117 467 436 292 260
17 15 4713 281 218 431 379 443 482 887 894 467 436 326 369 298 305 166 117 643 641 90 146 292 260 596 557 53 46 759 774 160 232
18 15 4713 292 260 596 557 90 146 887 894 643 641 160 232 467 436 166 117 53 46 431 379 443 482 326 369 298 305 759 774 281 218
19 15 4713 443 482 596 557 759 774 292 260 431 379 281 218 53 46 298 305 166 117 160 232 326 369 887 894 90 146 467 436 643 641
20 15 4713 166 117 160 232 90 146 326 369 53 46 443 482 298 305 887 894 431 379 643 641 596 557 292 260 467 436 281 218 759 774
21 15 4713 431 379 443 482 292 260 467 436 643 641 166 117 53 46 298 305 887 894 759 774 596 557 281 218 160 232 90 146 326 369
22 15 4713 326 369 596 557 166 117 759 774 887 894 443 482 431 379 53 46 281 218 298 305 292 260 467 436 643 641 160 232 90 146
23 15 4713 431 379 759 774 443 482 166 117 53 46 298 305 281 218 292 260 90 146 887 894 160 232 643 641 467 436 326 369 596 557
24 15 4713 759 774 326 369 281 218 160 232 596 557 431 379 292 260 443 482 166 117 643 641 298 305 887 894 467 436 53 46 90 146
25 15 4713 443 482 596 557 467 436 759 774 298 305 326 369 53 46 431 379 90 146 887 894 160 232 643 641 166 117 292 260 281 218
26 15 4713 90 146 326 369 53 46 887 894 467 436 759 774 643 641 443 482 160 232 166 117 298 305 281 218 596 557 292 260 431 379
27 15 4713 281 218 53 46 887 894 596 557 759 774 166 117 292 260 643 641 160 232 90 146 298 305 431 379 467 436 443 482 326 369
28 15 4713 643 641 281 218 443 482 887 894 166 117 326 369 467 436 298 305 596 557 292 260 90 146 53 46 431 379 160 232 759 774
29 15 4713 166 117 467 436 326 369 759 774 160 232 887 894 431 379 90 146 298 305 596 557 292 260 53 46 643 641 281 218 443 482
30 15 4713 467 436 298 305 643 641 281 218 90 146 596 557 887 894 759 774 53 46 160 232 443 482 326 369 292 260 431 379 166 117
31 15 4713 90 146 643 641 759 774 166 117 298 305 443 482 887 894 160 232 292 260 326 369 467 436 281 218 431 379 596 557 53 46
32 15 4713 443 482 53 46 467 436 292 260 326 369 90 146 281 218 160 232 643 641 759 774 887 894 431 379 596 557 166 117 298 305
33 15 4713 166 117 90 146 53 46 298 305 160 232 643 641 281 218 326 369 292 260 596 557 443 482 759 774 467 436 887 894 431 379
34 15 4713 53 46 160 232 596 557 431 379 887 894 643 641 292 260 90 146 281 218 166 117 443 482 467 436 298 305 326 369 759 774
35 15 4713 643 641 166 117 596 557 292 260 431 379 298 305 326 369 759 774 90 146 443 482 160 232 281 218 887 894 467 436 53 46
36 15 4713 298 305 431 379 166 117 160 232 643 641 53 46 443 482 887 894 90 146 292 260 759 774 596 557 326 369 467 436 281 218
37 15 4713 281 218 326 369 166 117 53 46 298 305 759 774 160 232 887 894 292 260 431 379 467 436 643 641 596 557 90 146 443 482
38 15 4713 759 774 326 369 443 482 467 436 281 218 596 557 643 641 292 260 298 305 166 117 431 379 887 894 90 146 160 232 53 46
39 15 4713 90 146 292 260 298 305 596 557 326 369 759 774 467 436 443 482 281 218 643 641 53 46 431 379 160 232 887 894 166 117
40 15 4713 298 305 643 641 443 482 326 369 887 894 431 379 166 117 53 46 90 146 467 436 759 774 292 260 596 557 281 218 160 232
41 15 4713 53 46 759 774 326 369 292 260 596 557 643 641 298 305 160 232 467 436 431 379 443 482 281 218 887 894 90 146 166 117
42 15 4713 166 117 160 232 292 260 467 436 643 641 431 379 759 774 281 218 887 894 443 482 298 305 326 369 53 46 90 146 596 557
43 15 4713 759 774 326 369 467 436 53 46 281 218 292 260 596 557 431 379 643 641 166 117 90 146 160 232 443 482 298 305 887 894
44 15 4713 443 482 759 774 431 379 467 436 292 260 643 641 326 369 90 146 887 894 298 305 160 232 53 46 281 218 596 557 166 117
45 15 4713 887 894 596 557 292 260 166 117 643 641 467 436 759 774 90 146 326 369 443 482 281 218 431 379 53 46 298 305 160 232
46 15 4713 298 305 467 436 596 557 431 379 643 641 443 482 160 232 759 774 887 894 53 46 281 218 166 117 326 369 90 146 292 260
47 15 4713 643 641 281 218 90 146 431 379 596 557 443 482 53 46 887 894 467 436 759 774 160 232 292 260 326 369 166 117 298 305
48 15 4713 292 260 431 379 596 557 160 232 467 436 326 369 298 305 90 146 281 218 887 894 443 482 643 641 166 117 759 774 53 46
49 15 4713 292 260 166 117 90 146 596 557 53 46 298 305 643 641 160 232 759 774 467 436 326 369 887 894 431 379 281 218 443 482
50 15 4713 643 641 53 46 326 369 281 218 431 379 443 482 90 146 292 260 596 557 160 232 759 774 166 117 467 436 298 305 887 894
51 15 4713 443 482 160 232 326 369 596 557 298 305 281 218 431 379 166 117 643 641 53 46 467 436 887 894 90 146 292 260 759 774
52 15 4713 292 260 467 436 166 117 443 482 160 232 326 369 281 218 298 305 643 641 596 557 90 146 53 46 887 894 759 774 431 379
53 15 4713 281 218 166 117 90 146 596 557 643 641 298 305 431 379 53 46 160 232 759 774 326 369 467 436 292 260 443 482 887 894
54 15 4713 53 46 596 557 292 260 759 774 643 641 887 894 467 436 431 379 298 305 160 232 326 369 443 482 90 146 166 117 281 218
55 15 4713 887 894 298 305 281 218 467 436 643 641 326 369 431 379 596 557 166 117 443 482 160 232 53 46 759 774 90 146 292 260
56 15 4713 887 894 90 146 166 117 298 305 53 46 292 260 467 436 160 232 431 379 281 218 326 369 643 641 596 557 759 774 443 482
57 15 4713 160 232 53 46 90 146 467 436 281 218 431 379 326 369 443 482 887 894 166 117 596 557 292 260 759 774 298 305 643 641
58 15 4713 160 232 292 260 166 117 643 641 759 774 281 218 887 894 90 146 53 46 443 482 298 305 431 379 467 436 596 557 326 369
59 15 4713 53 46 292 260 887 894 643 641 443 482 281 218 596 557 298 305 90 146 467 436 759 774 166 117 431 379 160 232 326 369
60 15 4713 166 117 90 146 281 218 643 641 887 894 53 46 160 232 596 557 292 260 759 774 467 436 326 369 443 482 298 305 431 379
61 15 4713 160 232 298 305 443 482 431 379 467 436 90 146 326 369 596 557 292 260 166 117 759 774 53 46 887 894 281 218 643 641
62 15 4713 160 232 759 774 326 369 467 436 596 557 298 305 643 641 887 894 166 117 292 260 443 482 281 218 90 146 431 379 53 46
63 15 4713 53 46 292 260 467 436 443 482 759 774 281 218 887 894 326 369 298 305 431 379 643 641 160 232 90 146 166 117 596 557
64 15 4713 166 117 90 146 53 46 326 369 443 482 596 557 298 305 281 218 160 232 759 774 292 260 643 641 887 894 467 436 431 379
65 15 4713 759 774 292 260 326 369 643 641 443 482 53 46 298 305 166 117 596 557 887 894 90 146 281 218 467 436 431 379 160 232
66 15 4713 53 46 292 260 467 436 643 641 431 379 281 218 759 774 326 369 166 117 160 232 90 146 443 482 887 894 298 305 596 557
67 15 4713 292 260 431 379 160 232 53 46 887 894 596 557 759 774 467 436 643 641 281 218 443 482 326 369 298 305 166 117 90 146
68 15 4713 292 260 643 641 53 46 166 117 467 436 298 305 443 482 90 146 431 379 281 218 160 232 596 557 887 894 759 774 326 369
69 15 4713 596 557 759 774 292 260 431 379 887 894 298 305 281 218 467 436 90 146 160 232 166 117 643 641 326 369 443 482 53 46
70 15 4713 292 260 90 146 281 218 643 641 53 46 596 557 326 369 467 436 298 305 759 774 431 379 443 482 887 894 160 232 166 117
71 15 4713 443 482 281 218 298 305 160 232 643 641 431 379 467 436 596 557 326 369 53 46 90 146 166 117 292 260 887 894 759 774
72 15 4713 596 557 298 305 443 482 90 146 643 641 431 379 292 260 53 46 887 894 281 218 759 774 166 117 326 369 160 232 467 436
73 15 4713 643 641 160 232 326 369 443 482 166 117 759 774 281 218 467 436 431 379 887 894 53 46 90 146 298 305 596 557 292 260
74 15 4713 292 260 160 232 281 218 596 557 431 379 166 117 53 46 90 146 467 436 643 641 298 305 443 482 326 369 759 774 887 894
75 15 4713 292 260 467 436 759 774 326 369 53 46 887 894 90 146 643 641 443 482 166 117 431 379 160 232 298 305 281 218 596 557
76 15 4713 90 146 166 117 292 260 53 46 281 218 431 379 596 557 887 894 759 774 467 436 443 482 643 641 160 232 298 305 326 369
77 15 4713 298 305 326 369 887 894 292 260 759 774 431 379 90 146 596 557 281 218 643 641 467 436 443 482 166 117 53 46 160 232
78 15 4713 298 305 160 232 443 482 53 46 431 379 596 557 759 774 326 369 887 894 643 641 166 117 467 436 90 146 281 218 292 260
79 15 4713 298 305 759 774 596 557 166 117 887 894 90 146 53 46 643 641 160 232 431 379 292 260 467 436 326 369 443 482 281 218
80 15 4713 53 46 643 641 443 482 281 218 292 260 431 379 759 774 596 557 298 305 166 117 887 894 90 146 326 369 467 436 160 232
81 15 4713 326 369 643 641 467 436 596 557 443 482 90 146 281 218 887 894 759 774 166 117 53 46 431 379 292 260 160 232 298 305
82 15 4713 53 46 90 146 643 641 326 369 431 379 467 436 298 305 887 894 596 557 443 482 292 260 759 774 160 232 166 117 281 218
83 15 4713 292 260 160 232 326 369 759 774 281 218 467 436 298 305 431 379 643 641 166 117 53 46 887 894 443 482 90 146 596 557
84 15 4713 596 557 643 641 90 146 759 774 292 260 887 894 160 232 281 218 431 379 166 117 298 305 443 482 326 369 53 46 467 436
85 15 4713 326 369 298 305 281 218 292 260 166 117 53 46 467 436 160 232 431 379 443 482 643 641 887 894 596 557 90 146 759 774
86 15 4713 431 379 281 218 166 117 887 894 160 232 90 146 467 436 759 774 292 260 443 482 298 305 53 46 326 369 596 557 643 641
87 15 4713 166 117 160 232 292 260 431 379 281 218 467 436 443 482 298 305 643 641 90 146 326 369 759 774 887 894 53 46 596 557
88 15 4713 467 436 643 641 90 146 292 260 298 305 326 369 887 894 431 379 443 482 160 232 596 557 166 117 53 46 759 774 281 218
89 15 4713 643 641 53 46 431 379 166 117 887 894 596 557 326 369 298 305 292 260 443 482 759 774 160 232 281 218 90 146 467 436
90 15 4713 759 774 443 482 887 894 160 232 281 218 53 46 166 117 326 369 643 641 298 305 431 379 90 146 596 557 467 436 292 260
91 15 4713 281 218 166 117 298 305 596 557 443 482 53 46 160 232 887 894 292 260 759 774 431 379 643 641 467 436 90 146 326 369
92 15 4713 298 305 443 482 90 146 53 46 596 557 160 232 467 436 887 894 281 218 166 117 326 369 759 774 431 379 292 260 643 641
93 15 4713 326 369 281 218 166 117 431 379 298 305 160 232 467 436 443 482 53 46 90 146 887 894 643 641 759 774 596 557 292 260
94 15 4713 887 894 160 232 467 436 90 146 326 369 292 260 759 774 443 482 298 305 281 218 596 557 53 46 431 379 643 641 166 117
95 15 4713 887 894 759 774 467 436 596 557 292 260 431 379 166 117 281 218 643 641 326 369 160 232 298 305 443 482 53 46 90 146
96 15 4713 326 369 53 46 887 894 643 641 292 260 298 305 431 379 596 557 90 146 467 436 160 232 281 218 759 774 443 482 166 117
97 15 4713 292 260 90 146 166 117 281 218 298 305 160 232 431 379 887 894 326 369 53 46 467 436 596 557 759 774 643 641 443 482
98 15 4713 281 218 298 305 90 146 759 774 292 260 166 117 643 641 160 232 887 894 467 436 53 46 326 369 431 379 596 557 443 482
99 15 4713 443 482 643 641 281 218 90 146 467 436 887 894 596 557 326 369 160 232 53 46 292 260 166 117 431 379 298 305 759 774
100 15 4713 292 260 298 305 160 232 90 146 326 369 431 379 759 774 53 46 166 117 643 641 887 894 467 436 596 557 281 218 443 482
