1 15 6785 937 939 850 861 615 584 949 948 681 660 188 110 440 430 783 802 214 177 430 465 841 831 97 78 877 875 18 44 562 559
2 15 6785 615 584 850 861 681 660 214 177 877 875 188 110 97 78 18 44 949 948 841 831 440 430 937 939 783 802 430 465 562 559
3 15 6785 841 831 877 875 681 660 615 584 430 465 214 177 949 948 562 559 18 44 783 802 97 78 850 861 188 110 937 939 440 430
4 15 6785 841 831 850 861 783 802 681 660 877 875 615 584 188 110 18 44 430 465 949 948 97 78 214 177 937 939 562 559 440 430
5 15 6785 214 177 97 78 430 465 188 110 841 831 615 584 877 875 440 430 681 660 850 861 949 948 783 802 18 44 937 939 562 559
6 15 6785 430 465 681 660 850 861 440 430 877 875 783 802 562 559 18 44 937 939 214 177 841 831 615 584 949 948 188 110 97 78
7 15 6785 681 660 783 802 430 465 841 831 949 948 562 559 188 110 615 584 214 177 440 430 850 861 877 875 18 44 97 78 937 939
8 15 6785 214 177 937 939 850 861 783 802 841 831 615 584 877 875 97 78 188 110 562 559 430 465 681 660 949 948 440 430 18 44
9 15 6785 188 110 937 939 877 875 783 802 850 861 681 660 615 584 949 948 97 78 430 465 562 559 18 44 440 430 841 831 214 177
10 15 6785 18 44 949 948 440 430 877 875 188 110 97 78 783 802 841 831 681 660 850 861 937 939 430 465 615 584 214 177 562 559
11 15 6785 937 939 430 465 681 660 214 177 949 948 18 44 440 430 783 802 615 584 188 110 562 559 841 831 850 861 97 78 877 875
12 15 6785 430 465 18 44 214 177 615 584 562 559 681 660 850 861 97 78 783 802 188 110 877 875 937 939 440 430 841 831 949 948
13 15 6785 949 948 850 861 440 430 681 660 615 584 937 939 188 110 18 44 430 465 214 177 562 559 783 802 877 875 97 78 841 831
14 15 6785 188 110 562 559 850 861 841 831 681 660 18 44 937 939 783 802 97 78 430 465 214 177 440 430 877 875 615 584 949 948
15 15 6785 841 831 430 465 97 78 681 660 877 875 188 110 783 802 949 948 615 584 937 939 214 177 562 559 850 861 18 44 440 430
16 15 6785 615 584 681 660 188 110 949 948 97 78 562 559 430 465 18 44 937 939 877 875 440 430 214 177 841 831 850 861 783 802
17 15 6785 615 584 188 110 937 939 562 559 850 861 440 430 97 78 841 831 18 44 214 177 783 802 681 660 949 948 430 465 877 875
18 15 6785 783 802 681 660 214 177 562 559 18 44 877 875 850 861 841 831 949 948 188 110 937 939 440 430 97 78 430 465 615 584
19 15 6785 937 939 681 660 430 465 783 802 188 110 615 584 949 948 97 78 841 831 877 875 440 430 562 559 214 177 850 861 18 44
20 15 6785 841 831 877 875 214 177 440 430 949 948 937 939 97 78 562 559 188 110 18 44 681 660 783 802 850 861 615 584 430 465
21 15 6785 188 110 937 939 783 802 850 861 18 44 841 831 949 948 97 78 562 559 430 465 681 660 615 584 877 875 214 177 440 430
22 15 6785 440 430 681 660 841 831 430 465 562 559 937 939 188 110 949 948 615 584 97 78 783 802 850 861 18 44 877 875 214 177
23 15 6785 188 110 430 465 937 939 841 831 949 948 97 78 615 584 783 802 214 177 562 559 877 875 18 44 850 861 440 430 681 660
24 15 6785 430 465 440 430 615 584 877 875 681 660 188 110 783 802 937 939 841 831 18 44 97 78 562 559 850 861 949 948 214 177
25 15 6785 937 939 681 660 850 861 430 465 97 78 440 430 949 948 188 110 214 177 562 559 877 875 18 44 841 831 783 802 615 584
26 15 6785 214 177 440 430 949 948 562 559 850 861 430 465 18 44 937 939 877 875 841 831 97 78 615 584 681 660 783 802 188 110
27 15 6785 615 584 949 948 562 559 681 660 430 465 841 831 783 802 18 44 877 875 214 177 97 78 188 110 850 861 937 939 440 430
28 15 6785 18 44 615 584 937 939 562 559 841 831 440 430 850 861 97 78 681 660 783 802 214 177 949 948 188 110 877 875 430 465
29 15 6785 841 831 850 861 440 430 430 465 877 875 562 559 188 110 214 177 97 78 681 660 783 802 949 948 18 44 615 584 937 939
30 15 6785 850 861 97 78 18 44 615 584 214 177 681 660 562 559 430 465 949 948 877 875 937 939 440 430 783 802 188 110 841 831
31 15 6785 214 177 18 44 430 465 841 831 97 78 937 939 562 559 877 875 783 802 440 430 850 861 615 584 188 110 681 660 949 948
32 15 6785 937 939 949 948 850 861 783 802 440 430 214 177 615 584 877 875 18 44 430 465 562 559 188 110 681 660 841 831 97 78
33 15 6785 841 831 214 177 949 948 97 78 877 875 18 44 615 584 440 430 783 802 681 660 937 939 430 465 850 861 562 559 188 110
34 15 6785 949 948 877 875 681 660 188 110 562 559 18 44 783 802 214 177 615 584 841 831 937 939 850 861 97 78 440 430 430 465
35 15 6785 18 44 841 831 681 660 783 802 188 110 97 78 440 430 430 465 214 177 937 939 877 875 615 584 562 559 850 861 949 948
36 15 6785 97 78 188 110 841 831 877 875 18 44 949 948 937 939 562 559 214 177 783 802 430 465 681 660 440 430 850 861 615 584
37 15 6785 615 584 440 430 841 831 949 948 97 78 430 465 877 875 562 559 783 802 188 110 850 861 18 44 681 660 214 177 937 939
38 15 6785 430 465 440 430 937 939 850 861 615 584 681 660 18 44 783 802 97 78 841 831 188 110 562 559 214 177 877 875 949 948
39 15 6785 214 177 783 802 97 78 681 660 440 430 430 465 850 861 937 939 615 584 18 44 949 948 188 110 877 875 562 559 841 831
40 15 6785 97 78 18 44 937 939 440 430 562 559 188 110 841 831 949 948 214 177 850 861 430 465 783 802 681 660 615 584 877 875
41 15 6785 949 948 430 465 440 430 783 802 681 660 18 44 97 78 877 875 850 861 188 110 937 939 615 584 562 559 214 177 841 831
42 15 6785 841 831 877 875 783 802 850 861 18 44 188 110 430 465 615 584 562 559 937 939 97 78 440 430 949 948 214 177 681 660
43 15 6785 430 465 440 430 850 861 949 948 615 584 783 802 681 660 188 110 18 44 841 831 214 177 877 875 937 939 97 78 562 559
44 15 6785 937 939 430 465 188 110 850 861 783 802 18 44 440 430 214 177 562 559 97 78 877 875 949 948 615 584 681 660 841 831
45 15 6785 562 559 681 660 783 802 841 831 18 44 850 861 430 465 214 177 440 430 937 939 615 584 188 110 949 948 97 78 877 875
46 15 6785 97 78 850 861 681 660 188 110 18 44 937 939 877 875 430 465 562 559 949 948 615 584 841 831 440 430 214 177 783 802
47 15 6785 18 44 615 584 214 177 188 110 681 660 937 939 949 948 562 559 850 861 430 465 877 875 783 802 440 430 841 831 97 78
48 15 6785 783 802 188 110 681 660 877 875 850 861 440 430 97 78 214 177 615 584 562 559 937 939 18 44 841 831 430 465 949 948
49 15 6785 783 802 841 831 214 177 681 660 949 948 97 78 18 44 877 875 430 465 850 861 440 430 562 559 188 110 615 584 937 939
50 15 6785 18 44 949 948 440 430 615 584 188 110 937 939 214 177 783 802 681 660 877 875 430 465 841 831 850 861 97 78 562 559
51 15 6785 937 939 877 875 440 430 681 660 97 78 615 584 188 110 841 831 18 44 949 948 850 861 562 559 214 177 783 802 430 465
52 15 6785 783 802 850 861 841 831 937 939 877 875 440 430 615 584 97 78 18 44 681 660 214 177 949 948 562 559 430 465 188 110
53 15 6785 615 584 841 831 214 177 681 660 18 44 97 78 188 110 949 948 877 875 430 465 440 430 850 861 783 802 937 939 562 559
54 15 6785 949 948 681 660 783 802 430 465 18 44 562 559 850 861 188 110 97 78 877 875 440 430 937 939 214 177 841 831 615 584
55 15 6785 562 559 97 78 615 584 850 861 18 44 440 430 188 110 681 660 841 831 937 939 877 875 949 948 430 465 214 177 783 802
56 15 6785 562 559 214 177 841 831 97 78 949 948 783 802 850 861 877 875 188 110 615 584 440 430 18 44 681 660 430 465 937 939
57 15 6785 877 875 949 948 214 177 850 861 615 584 188 110 440 430 937 939 562 559 841 831 681 660 783 802 430 465 97 78 18 44
58 15 6785 877 875 783 802 841 831 18 44 430 465 615 584 562 559 214 177 949 948 937 939 97 78 188 110 850 861 681 660 440 430
59 15 6785 949 948 783 802 562 559 18 44 937 939 615 584 681 660 97 78 214 177 850 861 430 465 841 831 188 110 877 875 440 430
60 15 6785 841 831 214 177 615 584 18 44 562 559 949 948 877 875 681 660 783 802 430 465 850 861 440 430 937 939 97 78 188 110
61 15 6785 877 875 97 78 937 939 188 110 850 861 214 177 440 430 681 660 783 802 841 831 430 465 949 948 562 559 615 584 18 44
62 15 6785 877 875 430 465 440 430 850 861 681 660 97 78 18 44 562 559 841 831 783 802 937 939 615 584 214 177 188 110 949 948
63 15 6785 949 948 783 802 850 861 937 939 430 465 615 584 562 559 440 430 97 78 188 110 18 44 877 875 214 177 841 831 681 660
64 15 6785 841 831 214 177 949 948 440 430 937 939 681 660 97 78 615 584 877 875 430 465 783 802 18 44 562 559 850 861 188 110
65 15 6785 430 465 783 802 440 430 18 44 937 939 949 948 97 78 841 831 681 660 562 559 214 177 615 584 850 861 188 110 877 875
66 15 6785 949 948 783 802 850 861 18 44 188 110 615 584 430 465 440 430 841 831 877 875 214 177 937 939 562 559 97 78 681 660
67 15 6785 783 802 188 110 877 875 949 948 562 559 681 660 430 465 850 861 18 44 615 584 937 939 440 430 97 78 841 831 214 177
68 15 6785 783 802 18 44 949 948 841 831 850 861 97 78 937 939 214 177 188 110 615 584 877 875 681 660 562 559 430 465 440 430
69 15 6785 681 660 430 465 783 802 188 110 562 559 97 78 615 584 850 861 214 177 877 875 841 831 18 44 440 430 937 939 949 948
70 15 6785 783 802 214 177 615 584 18 44 949 948 681 660 440 430 850 861 97 78 430 465 188 110 937 939 562 559 877 875 841 831
71 15 6785 937 939 615 584 97 78 877 875 18 44 188 110 850 861 681 660 440 430 949 948 214 177 841 831 783 802 562 559 430 465
72 15 6785 681 660 97 78 937 939 214 177 18 44 188 110 783 802 949 948 562 559 615 584 430 465 841 831 440 430 877 875 850 861
73 15 6785 18 44 877 875 440 430 937 939 841 831 430 465 615 584 850 861 188 110 562 559 949 948 214 177 97 78 681 660 783 802
74 15 6785 783 802 877 875 615 584 681 660 188 110 841 831 949 948 214 177 850 861 18 44 97 78 937 939 440 430 430 465 562 559
75 15 6785 783 802 850 861 430 465 440 430 949 948 562 559 214 177 18 44 937 939 841 831 188 110 877 875 97 78 615 584 681 660
76 15 6785 214 177 841 831 783 802 949 948 615 584 188 110 681 660 562 559 430 465 850 861 937 939 18 44 877 875 97 78 440 430
77 15 6785 97 78 440 430 562 559 783 802 430 465 188 110 214 177 681 660 615 584 18 44 850 861 937 939 841 831 949 948 877 875
78 15 6785 97 78 877 875 937 939 949 948 188 110 681 660 430 465 440 430 562 559 18 44 841 831 850 861 214 177 615 584 783 802
79 15 6785 97 78 430 465 681 660 841 831 562 559 214 177 949 948 18 44 877 875 188 110 783 802 850 861 440 430 937 939 615 584
80 15 6785 949 948 18 44 937 939 615 584 783 802 188 110 430 465 681 660 97 78 841 831 562 559 214 177 440 430 850 861 877 875
81 15 6785 440 430 18 44 850 861 681 660 937 939 214 177 615 584 562 559 430 465 841 831 949 948 188 110 783 802 877 875 97 78
82 15 6785 949 948 214 177 18 44 440 430 188 110 850 861 97 78 562 559 681 660 937 939 783 802 430 465 877 875 841 831 615 584
83 15 6785 783 802 877 875 440 430 430 465 615 584 850 861 97 78 188 110 18 44 841 831 949 948 562 559 937 939 214 177 681 660
84 15 6785 681 660 18 44 214 177 430 465 783 802 562 559 877 875 615 584 188 110 841 831 97 78 937 939 440 430 949 948 850 861
85 15 6785 440 430 97 78 615 584 783 802 841 831 949 948 850 861 877 875 188 110 937 939 18 44 562 559 681 660 214 177 430 465
86 15 6785 188 110 615 584 841 831 562 559 877 875 214 177 850 861 430 465 783 802 937 939 97 78 949 948 440 430 681 660 18 44
87 15 6785 841 831 877 875 783 802 188 110 615 584 850 861 937 939 97 78 18 44 214 177 440 430 430 465 562 559 949 948 681 660
88 15 6785 850 861 18 44 214 177 783 802 97 78 440 430 562 559 188 110 937 939 877 875 681 660 841 831 949 948 430 465 615 584
89 15 6785 18 44 949 948 188 110 841 831 562 559 681 660 440 430 97 78 783 802 937 939 430 465 877 875 615 584 214 177 850 861
90 15 6785 430 465 937 939 562 559 877 875 615 584 949 948 841 831 440 430 18 44 97 78 188 110 214 177 681 660 850 861 783 802
91 15 6785 615 584 841 831 97 78 681 660 937 939 949 948 877 875 562 559 783 802 430 465 188 110 18 44 850 861 214 177 440 430
92 15 6785 97 78 937 939 214 177 949 948 681 660 877 875 850 861 562 559 615 584 841 831 440 430 430 465 188 110 783 802 18 44
93 15 6785 440 430 615 584 841 831 188 110 97 78 877 875 850 861 937 939 949 948 214 177 562 559 18 44 430 465 681 660 783 802
94 15 6785 562 559 877 875 850 861 214 177 440 430 783 802 430 465 937 939 97 78 615 584 681 660 949 948 188 110 18 44 841 831
95 15 6785 562 559 430 465 850 861 681 660 783 802 188 110 841 831 615 584 18 44 440 430 877 875 97 78 937 939 949 948 214 177
96 15 6785 440 430 949 948 562 559 18 44 783 802 97 78 188 110 681 660 214 177 850 861 877 875 615 584 430 465 937 939 841 831
97 15 6785 783 802 214 177 841 831 615 584 97 78 877 875 188 110 562 559 440 430 949 948 850 861 681 660 430 465 18 44 937 939
98 15 6785 615 584 97 78 214 177 430 465 783 802 841 831 18 44 877 875 562 559 850 861 949 948 440 430 188 110 681 660 937 939
99 15 6785 937 939 18 44 615 584 214 177 850 861 562 559 681 660 440 430 877 875 949 948 783 802 841 831 188 110 97 78 430 465
100 15 6785 783 802 97 78 877 875 214 177 440 430 188 110 430 465 949 948 841 831 18 44 562 559 850 861 681 660 615 584 937 939
