1 15 6415 883 880 284 223 68 63 944 943 776 775 901 904 790 772 738 746 829 817 366 381 254 288 799 784 25 113 186 133 176 191
2 15 6415 68 63 284 223 776 775 829 817 25 113 901 904 799 784 186 133 944 943 254 288 790 772 883 880 738 746 366 381 176 191
3 15 6415 254 288 25 113 776 775 68 63 366 381 829 817 944 943 176 191 186 133 738 746 799 784 284 223 901 904 883 880 790 772
4 15 6415 254 288 284 223 738 746 776 775 25 113 68 63 901 904 186 133 366 381 944 943 799 784 829 817 883 880 176 191 790 772
5 15 6415 829 817 799 784 366 381 901 904 254 288 68 63 25 113 790 772 776 775 284 223 944 943 738 746 186 133 883 880 176 191
6 15 6415 366 381 776 775 284 223 790 772 25 113 738 746 176 191 186 133 883 880 829 817 254 288 68 63 944 943 901 904 799 784
7 15 6415 776 775 738 746 366 381 254 288 944 943 176 191 901 904 68 63 829 817 790 772 284 223 25 113 186 133 799 784 883 880
8 15 6415 829 817 883 880 284 223 738 746 254 288 68 63 25 113 799 784 901 904 176 191 366 381 776 775 944 943 790 772 186 133
9 15 6415 901 904 883 880 25 113 738 746 284 223 776 775 68 63 944 943 799 784 366 381 176 191 186 133 790 772 254 288 829 817
10 15 6415 186 133 944 943 790 772 25 113 901 904 799 784 738 746 254 288 776 775 284 223 883 880 366 381 68 63 829 817 176 191
11 15 6415 883 880 366 381 776 775 829 817 944 943 186 133 790 772 738 746 68 63 901 904 176 191 254 288 284 223 799 784 25 113
12 15 6415 366 381 186 133 829 817 68 63 176 191 776 775 284 223 799 784 738 746 901 904 25 113 883 880 790 772 254 288 944 943
13 15 6415 944 943 284 223 790 772 776 775 68 63 883 880 901 904 186 133 366 381 829 817 176 191 738 746 25 113 799 784 254 288
14 15 6415 901 904 176 191 284 223 254 288 776 775 186 133 883 880 738 746 799 784 366 381 829 817 790 772 25 113 68 63 944 943
15 15 6415 254 288 366 381 799 784 776 775 25 113 901 904 738 746 944 943 68 63 883 880 829 817 176 191 284 223 186 133 790 772
16 15 6415 68 63 776 775 901 904 944 943 799 784 176 191 366 381 186 133 883 880 25 113 790 772 829 817 254 288 284 223 738 746
17 15 6415 68 63 901 904 883 880 176 191 284 223 790 772 799 784 254 288 186 133 829 817 738 746 776 775 944 943 366 381 25 113
18 15 6415 738 746 776 775 829 817 176 191 186 133 25 113 284 223 254 288 944 943 901 904 883 880 790 772 799 784 366 381 68 63
19 15 6415 883 880 776 775 366 381 738 746 901 904 68 63 944 943 799 784 254 288 25 113 790 772 176 191 829 817 284 223 186 133
20 15 6415 254 288 25 113 829 817 790 772 944 943 883 880 799 784 176 191 901 904 186 133 776 775 738 746 284 223 68 63 366 381
21 15 6415 901 904 883 880 738 746 284 223 186 133 254 288 944 943 799 784 176 191 366 381 776 775 68 63 25 113 829 817 790 772
22 15 6415 790 772 776 775 254 288 366 381 176 191 883 880 901 904 944 943 68 63 799 784 738 746 284 223 186 133 25 113 829 817
23 15 6415 901 904 366 381 883 880 254 288 944 943 799 784 68 63 738 746 829 817 176 191 25 113 186 133 284 223 790 772 776 775
24 15 6415 366 381 790 772 68 63 25 113 776 775 901 904 738 746 883 880 254 288 186 133 799 784 176 191 284 223 944 943 829 817
25 15 6415 883 880 776 775 284 223 366 381 799 784 790 772 944 943 901 904 829 817 176 191 25 113 186 133 254 288 738 746 68 63
26 15 6415 829 817 790 772 944 943 176 191 284 223 366 381 186 133 883 880 25 113 254 288 799 784 68 63 776 775 738 746 901 904
27 15 6415 68 63 944 943 176 191 776 775 366 381 254 288 738 746 186 133 25 113 829 817 799 784 901 904 284 223 883 880 790 772
28 15 6415 186 133 68 63 883 880 176 191 254 288 790 772 284 223 799 784 776 775 738 746 829 817 944 943 901 904 25 113 366 381
29 15 6415 254 288 284 223 790 772 366 381 25 113 176 191 901 904 829 817 799 784 776 775 738 746 944 943 186 133 68 63 883 880
30 15 6415 284 223 799 784 186 133 68 63 829 817 776 775 176 191 366 381 944 943 25 113 883 880 790 772 738 746 901 904 254 288
31 15 6415 829 817 186 133 366 381 254 288 799 784 883 880 176 191 25 113 738 746 790 772 284 223 68 63 901 904 776 775 944 943
32 15 6415 883 880 944 943 284 223 738 746 790 772 829 817 68 63 25 113 186 133 366 381 176 191 901 904 776 775 254 288 799 784
33 15 6415 254 288 829 817 944 943 799 784 25 113 186 133 68 63 790 772 738 746 776 775 883 880 366 381 284 223 176 191 901 904
34 15 6415 944 943 25 113 776 775 901 904 176 191 186 133 738 746 829 817 68 63 254 288 883 880 284 223 799 784 790 772 366 381
35 15 6415 186 133 254 288 776 775 738 746 901 904 799 784 790 772 366 381 829 817 883 880 25 113 68 63 176 191 284 223 944 943
36 15 6415 799 784 901 904 254 288 25 113 186 133 944 943 883 880 176 191 829 817 738 746 366 381 776 775 790 772 284 223 68 63
37 15 6415 68 63 790 772 254 288 944 943 799 784 366 381 25 113 176 191 738 746 901 904 284 223 186 133 776 775 829 817 883 880
38 15 6415 366 381 790 772 883 880 284 223 68 63 776 775 186 133 738 746 799 784 254 288 901 904 176 191 829 817 25 113 944 943
39 15 6415 829 817 738 746 799 784 776 775 790 772 366 381 284 223 883 880 68 63 186 133 944 943 901 904 25 113 176 191 254 288
40 15 6415 799 784 186 133 883 880 790 772 176 191 901 904 254 288 944 943 829 817 284 223 366 381 738 746 776 775 68 63 25 113
41 15 6415 944 943 366 381 790 772 738 746 776 775 186 133 799 784 25 113 284 223 901 904 883 880 68 63 176 191 829 817 254 288
42 15 6415 254 288 25 113 738 746 284 223 186 133 901 904 366 381 68 63 176 191 883 880 799 784 790 772 944 943 829 817 776 775
43 15 6415 366 381 790 772 284 223 944 943 68 63 738 746 776 775 901 904 186 133 254 288 829 817 25 113 883 880 799 784 176 191
44 15 6415 883 880 366 381 901 904 284 223 738 746 186 133 790 772 829 817 176 191 799 784 25 113 944 943 68 63 776 775 254 288
45 15 6415 176 191 776 775 738 746 254 288 186 133 284 223 366 381 829 817 790 772 883 880 68 63 901 904 944 943 799 784 25 113
46 15 6415 799 784 284 223 776 775 901 904 186 133 883 880 25 113 366 381 176 191 944 943 68 63 254 288 790 772 829 817 738 746
47 15 6415 186 133 68 63 829 817 901 904 776 775 883 880 944 943 176 191 284 223 366 381 25 113 738 746 790 772 254 288 799 784
48 15 6415 738 746 901 904 776 775 25 113 284 223 790 772 799 784 829 817 68 63 176 191 883 880 186 133 254 288 366 381 944 943
49 15 6415 738 746 254 288 829 817 776 775 944 943 799 784 186 133 25 113 366 381 284 223 790 772 176 191 901 904 68 63 883 880
50 15 6415 186 133 944 943 790 772 68 63 901 904 883 880 829 817 738 746 776 775 25 113 366 381 254 288 284 223 799 784 176 191
51 15 6415 883 880 25 113 790 772 776 775 799 784 68 63 901 904 254 288 186 133 944 943 284 223 176 191 829 817 738 746 366 381
52 15 6415 738 746 284 223 254 288 883 880 25 113 790 772 68 63 799 784 186 133 776 775 829 817 944 943 176 191 366 381 901 904
53 15 6415 68 63 254 288 829 817 776 775 186 133 799 784 901 904 944 943 25 113 366 381 790 772 284 223 738 746 883 880 176 191
54 15 6415 944 943 776 775 738 746 366 381 186 133 176 191 284 223 901 904 799 784 25 113 790 772 883 880 829 817 254 288 68 63
55 15 6415 176 191 799 784 68 63 284 223 186 133 790 772 901 904 776 775 254 288 883 880 25 113 944 943 366 381 829 817 738 746
56 15 6415 176 191 829 817 254 288 799 784 944 943 738 746 284 223 25 113 901 904 68 63 790 772 186 133 776 775 366 381 883 880
57 15 6415 25 113 944 943 829 817 284 223 68 63 901 904 790 772 883 880 176 191 254 288 776 775 738 746 366 381 799 784 186 133
58 15 6415 25 113 738 746 254 288 186 133 366 381 68 63 176 191 829 817 944 943 883 880 799 784 901 904 284 223 776 775 790 772
59 15 6415 944 943 738 746 176 191 186 133 883 880 68 63 776 775 799 784 829 817 284 223 366 381 254 288 901 904 25 113 790 772
60 15 6415 254 288 829 817 68 63 186 133 176 191 944 943 25 113 776 775 738 746 366 381 284 223 790 772 883 880 799 784 901 904
61 15 6415 25 113 799 784 883 880 901 904 284 223 829 817 790 772 776 775 738 746 254 288 366 381 944 943 176 191 68 63 186 133
62 15 6415 25 113 366 381 790 772 284 223 776 775 799 784 186 133 176 191 254 288 738 746 883 880 68 63 829 817 901 904 944 943
63 15 6415 944 943 738 746 284 223 883 880 366 381 68 63 176 191 790 772 799 784 901 904 186 133 25 113 829 817 254 288 776 775
64 15 6415 254 288 829 817 944 943 790 772 883 880 776 775 799 784 68 63 25 113 366 381 738 746 186 133 176 191 284 223 901 904
65 15 6415 366 381 738 746 790 772 186 133 883 880 944 943 799 784 254 288 776 775 176 191 829 817 68 63 284 223 901 904 25 113
66 15 6415 944 943 738 746 284 223 186 133 901 904 68 63 366 381 790 772 254 288 25 113 829 817 883 880 176 191 799 784 776 775
67 15 6415 738 746 901 904 25 113 944 943 176 191 776 775 366 381 284 223 186 133 68 63 883 880 790 772 799 784 254 288 829 817
68 15 6415 738 746 186 133 944 943 254 288 284 223 799 784 883 880 829 817 901 904 68 63 25 113 776 775 176 191 366 381 790 772
69 15 6415 776 775 366 381 738 746 901 904 176 191 799 784 68 63 284 223 829 817 25 113 254 288 186 133 790 772 883 880 944 943
70 15 6415 738 746 829 817 68 63 186 133 944 943 776 775 790 772 284 223 799 784 366 381 901 904 883 880 176 191 25 113 254 288
71 15 6415 883 880 68 63 799 784 25 113 186 133 901 904 284 223 776 775 790 772 944 943 829 817 254 288 738 746 176 191 366 381
72 15 6415 776 775 799 784 883 880 829 817 186 133 901 904 738 746 944 943 176 191 68 63 366 381 254 288 790 772 25 113 284 223
73 15 6415 186 133 25 113 790 772 883 880 254 288 366 381 68 63 284 223 901 904 176 191 944 943 829 817 799 784 776 775 738 746
74 15 6415 738 746 25 113 68 63 776 775 901 904 254 288 944 943 829 817 284 223 186 133 799 784 883 880 790 772 366 381 176 191
75 15 6415 738 746 284 223 366 381 790 772 944 943 176 191 829 817 186 133 883 880 254 288 901 904 25 113 799 784 68 63 776 775
76 15 6415 829 817 254 288 738 746 944 943 68 63 901 904 776 775 176 191 366 381 284 223 883 880 186 133 25 113 799 784 790 772
77 15 6415 799 784 790 772 176 191 738 746 366 381 901 904 829 817 776 775 68 63 186 133 284 223 883 880 254 288 944 943 25 113
78 15 6415 799 784 25 113 883 880 944 943 901 904 776 775 366 381 790 772 176 191 186 133 254 288 284 223 829 817 68 63 738 746
79 15 6415 799 784 366 381 776 775 254 288 176 191 829 817 944 943 186 133 25 113 901 904 738 746 284 223 790 772 883 880 68 63
80 15 6415 944 943 186 133 883 880 68 63 738 746 901 904 366 381 776 775 799 784 254 288 176 191 829 817 790 772 284 223 25 113
81 15 6415 790 772 186 133 284 223 776 775 883 880 829 817 68 63 176 191 366 381 254 288 944 943 901 904 738 746 25 113 799 784
82 15 6415 944 943 829 817 186 133 790 772 901 904 284 223 799 784 176 191 776 775 883 880 738 746 366 381 25 113 254 288 68 63
83 15 6415 738 746 25 113 790 772 366 381 68 63 284 223 799 784 901 904 186 133 254 288 944 943 176 191 883 880 829 817 776 775
84 15 6415 776 775 186 133 829 817 366 381 738 746 176 191 25 113 68 63 901 904 254 288 799 784 883 880 790 772 944 943 284 223
85 15 6415 790 772 799 784 68 63 738 746 254 288 944 943 284 223 25 113 901 904 883 880 186 133 176 191 776 775 829 817 366 381
86 15 6415 901 904 68 63 254 288 176 191 25 113 829 817 284 223 366 381 738 746 883 880 799 784 944 943 790 772 776 775 186 133
87 15 6415 254 288 25 113 738 746 901 904 68 63 284 223 883 880 799 784 186 133 829 817 790 772 366 381 176 191 944 943 776 775
88 15 6415 284 223 186 133 829 817 738 746 799 784 790 772 176 191 901 904 883 880 25 113 776 775 254 288 944 943 366 381 68 63
89 15 6415 186 133 944 943 901 904 254 288 176 191 776 775 790 772 799 784 738 746 883 880 366 381 25 113 68 63 829 817 284 223
90 15 6415 366 381 883 880 176 191 25 113 68 63 944 943 254 288 790 772 186 133 799 784 901 904 829 817 776 775 284 223 738 746
91 15 6415 68 63 254 288 799 784 776 775 883 880 944 943 25 113 176 191 738 746 366 381 901 904 186 133 284 223 829 817 790 772
92 15 6415 799 784 883 880 829 817 944 943 776 775 25 113 284 223 176 191 68 63 254 288 790 772 366 381 901 904 738 746 186 133
93 15 6415 790 772 68 63 254 288 901 904 799 784 25 113 284 223 883 880 944 943 829 817 176 191 186 133 366 381 776 775 738 746
94 15 6415 176 191 25 113 284 223 829 817 790 772 738 746 366 381 883 880 799 784 68 63 776 775 944 943 901 904 186 133 254 288
95 15 6415 176 191 366 381 284 223 776 775 738 746 901 904 254 288 68 63 186 133 790 772 25 113 799 784 883 880 944 943 829 817
96 15 6415 790 772 944 943 176 191 186 133 738 746 799 784 901 904 776 775 829 817 284 223 25 113 68 63 366 381 883 880 254 288
97 15 6415 738 746 829 817 254 288 68 63 799 784 25 113 901 904 176 191 790 772 944 943 284 223 776 775 366 381 186 133 883 880
98 15 6415 68 63 799 784 829 817 366 381 738 746 254 288 186 133 25 113 176 191 284 223 944 943 790 772 901 904 776 775 883 880
99 15 6415 883 880 186 133 68 63 829 817 284 223 176 191 776 775 790 772 25 113 944 943 738 746 254 288 901 904 799 784 366 381
100 15 6415 738 746 799 784 25 113 829 817 790 772 901 904 366 381 944 943 254 288 186 133 176 191 284 223 776 775 68 63 883 880
