1 15 5648 249 313 176 100 793 807 224 167 340 279 601 592 860 863 904 905 23 98 550 512 614 652 623 645 658 624 336 302 109 149
2 15 5648 793 807 176 100 340 279 23 98 658 624 601 592 623 645 336 302 224 167 614 652 860 863 249 313 904 905 550 512 109 149
3 15 5648 614 652 658 624 340 279 793 807 550 512 23 98 224 167 109 149 336 302 904 905 623 645 176 100 601 592 249 313 860 863
4 15 5648 614 652 176 100 904 905 340 279 658 624 793 807 601 592 336 302 550 512 224 167 623 645 23 98 249 313 109 149 860 863
5 15 5648 23 98 623 645 550 512 601 592 614 652 793 807 658 624 860 863 340 279 176 100 224 167 904 905 336 302 249 313 109 149
6 15 5648 550 512 340 279 176 100 860 863 658 624 904 905 109 149 336 302 249 313 23 98 614 652 793 807 224 167 601 592 623 645
7 15 5648 340 279 904 905 550 512 614 652 224 167 109 149 601 592 793 807 23 98 860 863 176 100 658 624 336 302 623 645 249 313
8 15 5648 23 98 249 313 176 100 904 905 614 652 793 807 658 624 623 645 601 592 109 149 550 512 340 279 224 167 860 863 336 302
9 15 5648 601 592 249 313 658 624 904 905 176 100 340 279 793 807 224 167 623 645 550 512 109 149 336 302 860 863 614 652 23 98
10 15 5648 336 302 224 167 860 863 658 624 601 592 623 645 904 905 614 652 340 279 176 100 249 313 550 512 793 807 23 98 109 149
11 15 5648 249 313 550 512 340 279 23 98 224 167 336 302 860 863 904 905 793 807 601 592 109 149 614 652 176 100 623 645 658 624
12 15 5648 550 512 336 302 23 98 793 807 109 149 340 279 176 100 623 645 904 905 601 592 658 624 249 313 860 863 614 652 224 167
13 15 5648 224 167 176 100 860 863 340 279 793 807 249 313 601 592 336 302 550 512 23 98 109 149 904 905 658 624 623 645 614 652
14 15 5648 601 592 109 149 176 100 614 652 340 279 336 302 249 313 904 905 623 645 550 512 23 98 860 863 658 624 793 807 224 167
15 15 5648 614 652 550 512 623 645 340 279 658 624 601 592 904 905 224 167 793 807 249 313 23 98 109 149 176 100 336 302 860 863
16 15 5648 793 807 340 279 601 592 224 167 623 645 109 149 550 512 336 302 249 313 658 624 860 863 23 98 614 652 176 100 904 905
17 15 5648 793 807 601 592 249 313 109 149 176 100 860 863 623 645 614 652 336 302 23 98 904 905 340 279 224 167 550 512 658 624
18 15 5648 904 905 340 279 23 98 109 149 336 302 658 624 176 100 614 652 224 167 601 592 249 313 860 863 623 645 550 512 793 807
19 15 5648 249 313 340 279 550 512 904 905 601 592 793 807 224 167 623 645 614 652 658 624 860 863 109 149 23 98 176 100 336 302
20 15 5648 614 652 658 624 23 98 860 863 224 167 249 313 623 645 109 149 601 592 336 302 340 279 904 905 176 100 793 807 550 512
21 15 5648 601 592 249 313 904 905 176 100 336 302 614 652 224 167 623 645 109 149 550 512 340 279 793 807 658 624 23 98 860 863
22 15 5648 860 863 340 279 614 652 550 512 109 149 249 313 601 592 224 167 793 807 623 645 904 905 176 100 336 302 658 624 23 98
23 15 5648 601 592 550 512 249 313 614 652 224 167 623 645 793 807 904 905 23 98 109 149 658 624 336 302 176 100 860 863 340 279
24 15 5648 550 512 860 863 793 807 658 624 340 279 601 592 904 905 249 313 614 652 336 302 623 645 109 149 176 100 224 167 23 98
25 15 5648 249 313 340 279 176 100 550 512 623 645 860 863 224 167 601 592 23 98 109 149 658 624 336 302 614 652 904 905 793 807
26 15 5648 23 98 860 863 224 167 109 149 176 100 550 512 336 302 249 313 658 624 614 652 623 645 793 807 340 279 904 905 601 592
27 15 5648 793 807 224 167 109 149 340 279 550 512 614 652 904 905 336 302 658 624 23 98 623 645 601 592 176 100 249 313 860 863
28 15 5648 336 302 793 807 249 313 109 149 614 652 860 863 176 100 623 645 340 279 904 905 23 98 224 167 601 592 658 624 550 512
29 15 5648 614 652 176 100 860 863 550 512 658 624 109 149 601 592 23 98 623 645 340 279 904 905 224 167 336 302 793 807 249 313
30 15 5648 176 100 623 645 336 302 793 807 23 98 340 279 109 149 550 512 224 167 658 624 249 313 860 863 904 905 601 592 614 652
31 15 5648 23 98 336 302 550 512 614 652 623 645 249 313 109 149 658 624 904 905 860 863 176 100 793 807 601 592 340 279 224 167
32 15 5648 249 313 224 167 176 100 904 905 860 863 23 98 793 807 658 624 336 302 550 512 109 149 601 592 340 279 614 652 623 645
33 15 5648 614 652 23 98 224 167 623 645 658 624 336 302 793 807 860 863 904 905 340 279 249 313 550 512 176 100 109 149 601 592
34 15 5648 224 167 658 624 340 279 601 592 109 149 336 302 904 905 23 98 793 807 614 652 249 313 176 100 623 645 860 863 550 512
35 15 5648 336 302 614 652 340 279 904 905 601 592 623 645 860 863 550 512 23 98 249 313 658 624 793 807 109 149 176 100 224 167
36 15 5648 623 645 601 592 614 652 658 624 336 302 224 167 249 313 109 149 23 98 904 905 550 512 340 279 860 863 176 100 793 807
37 15 5648 793 807 860 863 614 652 224 167 623 645 550 512 658 624 109 149 904 905 601 592 176 100 336 302 340 279 23 98 249 313
38 15 5648 550 512 860 863 249 313 176 100 793 807 340 279 336 302 904 905 623 645 614 652 601 592 109 149 23 98 658 624 224 167
39 15 5648 23 98 904 905 623 645 340 279 860 863 550 512 176 100 249 313 793 807 336 302 224 167 601 592 658 624 109 149 614 652
40 15 5648 623 645 336 302 249 313 860 863 109 149 601 592 614 652 224 167 23 98 176 100 550 512 904 905 340 279 793 807 658 624
41 15 5648 224 167 550 512 860 863 904 905 340 279 336 302 623 645 658 624 176 100 601 592 249 313 793 807 109 149 23 98 614 652
42 15 5648 614 652 658 624 904 905 176 100 336 302 601 592 550 512 793 807 109 149 249 313 623 645 860 863 224 167 23 98 340 279
43 15 5648 550 512 860 863 176 100 224 167 793 807 904 905 340 279 601 592 336 302 614 652 23 98 658 624 249 313 623 645 109 149
44 15 5648 249 313 550 512 601 592 176 100 904 905 336 302 860 863 23 98 109 149 623 645 658 624 224 167 793 807 340 279 614 652
45 15 5648 109 149 340 279 904 905 614 652 336 302 176 100 550 512 23 98 860 863 249 313 793 807 601 592 224 167 623 645 658 624
46 15 5648 623 645 176 100 340 279 601 592 336 302 249 313 658 624 550 512 109 149 224 167 793 807 614 652 860 863 23 98 904 905
47 15 5648 336 302 793 807 23 98 601 592 340 279 249 313 224 167 109 149 176 100 550 512 658 624 904 905 860 863 614 652 623 645
48 15 5648 904 905 601 592 340 279 658 624 176 100 860 863 623 645 23 98 793 807 109 149 249 313 336 302 614 652 550 512 224 167
49 15 5648 904 905 614 652 23 98 340 279 224 167 623 645 336 302 658 624 550 512 176 100 860 863 109 149 601 592 793 807 249 313
50 15 5648 336 302 224 167 860 863 793 807 601 592 249 313 23 98 904 905 340 279 658 624 550 512 614 652 176 100 623 645 109 149
51 15 5648 249 313 658 624 860 863 340 279 623 645 793 807 601 592 614 652 336 302 224 167 176 100 109 149 23 98 904 905 550 512
52 15 5648 904 905 176 100 614 652 249 313 658 624 860 863 793 807 623 645 336 302 340 279 23 98 224 167 109 149 550 512 601 592
53 15 5648 793 807 614 652 23 98 340 279 336 302 623 645 601 592 224 167 658 624 550 512 860 863 176 100 904 905 249 313 109 149
54 15 5648 224 167 340 279 904 905 550 512 336 302 109 149 176 100 601 592 623 645 658 624 860 863 249 313 23 98 614 652 793 807
55 15 5648 109 149 623 645 793 807 176 100 336 302 860 863 601 592 340 279 614 652 249 313 658 624 224 167 550 512 23 98 904 905
56 15 5648 109 149 23 98 614 652 623 645 224 167 904 905 176 100 658 624 601 592 793 807 860 863 336 302 340 279 550 512 249 313
57 15 5648 658 624 224 167 23 98 176 100 793 807 601 592 860 863 249 313 109 149 614 652 340 279 904 905 550 512 623 645 336 302
58 15 5648 658 624 904 905 614 652 336 302 550 512 793 807 109 149 23 98 224 167 249 313 623 645 601 592 176 100 340 279 860 863
59 15 5648 224 167 904 905 109 149 336 302 249 313 793 807 340 279 623 645 23 98 176 100 550 512 614 652 601 592 658 624 860 863
60 15 5648 614 652 23 98 793 807 336 302 109 149 224 167 658 624 340 279 904 905 550 512 176 100 860 863 249 313 623 645 601 592
61 15 5648 658 624 623 645 249 313 601 592 176 100 23 98 860 863 340 279 904 905 614 652 550 512 224 167 109 149 793 807 336 302
62 15 5648 658 624 550 512 860 863 176 100 340 279 623 645 336 302 109 149 614 652 904 905 249 313 793 807 23 98 601 592 224 167
63 15 5648 224 167 904 905 176 100 249 313 550 512 793 807 109 149 860 863 623 645 601 592 336 302 658 624 23 98 614 652 340 279
64 15 5648 614 652 23 98 224 167 860 863 249 313 340 279 623 645 793 807 658 624 550 512 904 905 336 302 109 149 176 100 601 592
65 15 5648 550 512 904 905 860 863 336 302 249 313 224 167 623 645 614 652 340 279 109 149 23 98 793 807 176 100 601 592 658 624
66 15 5648 224 167 904 905 176 100 336 302 601 592 793 807 550 512 860 863 614 652 658 624 23 98 249 313 109 149 623 645 340 279
67 15 5648 904 905 601 592 658 624 224 167 109 149 340 279 550 512 176 100 336 302 793 807 249 313 860 863 623 645 614 652 23 98
68 15 5648 904 905 336 302 224 167 614 652 176 100 623 645 249 313 23 98 601 592 793 807 658 624 340 279 109 149 550 512 860 863
69 15 5648 340 279 550 512 904 905 601 592 109 149 623 645 793 807 176 100 23 98 658 624 614 652 336 302 860 863 249 313 224 167
70 15 5648 904 905 23 98 793 807 336 302 224 167 340 279 860 863 176 100 623 645 550 512 601 592 249 313 109 149 658 624 614 652
71 15 5648 249 313 793 807 623 645 658 624 336 302 601 592 176 100 340 279 860 863 224 167 23 98 614 652 904 905 109 149 550 512
72 15 5648 340 279 623 645 249 313 23 98 336 302 601 592 904 905 224 167 109 149 793 807 550 512 614 652 860 863 658 624 176 100
73 15 5648 336 302 658 624 860 863 249 313 614 652 550 512 793 807 176 100 601 592 109 149 224 167 23 98 623 645 340 279 904 905
74 15 5648 904 905 658 624 793 807 340 279 601 592 614 652 224 167 23 98 176 100 336 302 623 645 249 313 860 863 550 512 109 149
75 15 5648 904 905 176 100 550 512 860 863 224 167 109 149 23 98 336 302 249 313 614 652 601 592 658 624 623 645 793 807 340 279
76 15 5648 23 98 614 652 904 905 224 167 793 807 601 592 340 279 109 149 550 512 176 100 249 313 336 302 658 624 623 645 860 863
77 15 5648 623 645 860 863 109 149 904 905 550 512 601 592 23 98 340 279 793 807 336 302 176 100 249 313 614 652 224 167 658 624
78 15 5648 623 645 658 624 249 313 224 167 601 592 340 279 550 512 860 863 109 149 336 302 614 652 176 100 23 98 793 807 904 905
79 15 5648 623 645 550 512 340 279 614 652 109 149 23 98 224 167 336 302 658 624 601 592 904 905 176 100 860 863 249 313 793 807
80 15 5648 224 167 336 302 249 313 793 807 904 905 601 592 550 512 340 279 623 645 614 652 109 149 23 98 860 863 176 100 658 624
81 15 5648 860 863 336 302 176 100 340 279 249 313 23 98 793 807 109 149 550 512 614 652 224 167 601 592 904 905 658 624 623 645
82 15 5648 224 167 23 98 336 302 860 863 601 592 176 100 623 645 109 149 340 279 249 313 904 905 550 512 658 624 614 652 793 807
83 15 5648 904 905 658 624 860 863 550 512 793 807 176 100 623 645 601 592 336 302 614 652 224 167 109 149 249 313 23 98 340 279
84 15 5648 340 279 336 302 23 98 550 512 904 905 109 149 658 624 793 807 601 592 614 652 623 645 249 313 860 863 224 167 176 100
85 15 5648 860 863 623 645 793 807 904 905 614 652 224 167 176 100 658 624 601 592 249 313 336 302 109 149 340 279 23 98 550 512
86 15 5648 601 592 793 807 614 652 109 149 658 624 23 98 176 100 550 512 904 905 249 313 623 645 224 167 860 863 340 279 336 302
87 15 5648 614 652 658 624 904 905 601 592 793 807 176 100 249 313 623 645 336 302 23 98 860 863 550 512 109 149 224 167 340 279
88 15 5648 176 100 336 302 23 98 904 905 623 645 860 863 109 149 601 592 249 313 658 624 340 279 614 652 224 167 550 512 793 807
89 15 5648 336 302 224 167 601 592 614 652 109 149 340 279 860 863 623 645 904 905 249 313 550 512 658 624 793 807 23 98 176 100
90 15 5648 550 512 249 313 109 149 658 624 793 807 224 167 614 652 860 863 336 302 623 645 601 592 23 98 340 279 176 100 904 905
91 15 5648 793 807 614 652 623 645 340 279 249 313 224 167 658 624 109 149 904 905 550 512 601 592 336 302 176 100 23 98 860 863
92 15 5648 623 645 249 313 23 98 224 167 340 279 658 624 176 100 109 149 793 807 614 652 860 863 550 512 601 592 904 905 336 302
93 15 5648 860 863 793 807 614 652 601 592 623 645 658 624 176 100 249 313 224 167 23 98 109 149 336 302 550 512 340 279 904 905
94 15 5648 109 149 658 624 176 100 23 98 860 863 904 905 550 512 249 313 623 645 793 807 340 279 224 167 601 592 336 302 614 652
95 15 5648 109 149 550 512 176 100 340 279 904 905 601 592 614 652 793 807 336 302 860 863 658 624 623 645 249 313 224 167 23 98
96 15 5648 860 863 224 167 109 149 336 302 904 905 623 645 601 592 340 279 23 98 176 100 658 624 793 807 550 512 249 313 614 652
97 15 5648 904 905 23 98 614 652 793 807 623 645 658 624 601 592 109 149 860 863 224 167 176 100 340 279 550 512 336 302 249 313
98 15 5648 793 807 623 645 23 98 550 512 904 905 614 652 336 302 658 624 109 149 176 100 224 167 860 863 601 592 340 279 249 313
99 15 5648 249 313 336 302 793 807 23 98 176 100 109 149 340 279 860 863 658 624 224 167 904 905 614 652 601 592 623 645 550 512
100 15 5648 904 905 623 645 658 624 23 98 860 863 601 592 550 512 224 167 614 652 336 302 109 149 176 100 340 279 793 807 249 313
