1 15 6225 208 175 420 373 202 269 857 856 504 473 936 932 912 904 30 36 985 984 859 867 675 661 377 331 44 122 647 625 126 76
2 15 6225 202 269 420 373 504 473 985 984 44 122 936 932 377 331 647 625 857 856 675 661 912 904 208 175 30 36 859 867 126 76
3 15 6225 675 661 44 122 504 473 202 269 859 867 985 984 857 856 126 76 647 625 30 36 377 331 420 373 936 932 208 175 912 904
4 15 6225 675 661 420 373 30 36 504 473 44 122 202 269 936 932 647 625 859 867 857 856 377 331 985 984 208 175 126 76 912 904
5 15 6225 985 984 377 331 859 867 936 932 675 661 202 269 44 122 912 904 504 473 420 373 857 856 30 36 647 625 208 175 126 76
6 15 6225 859 867 504 473 420 373 912 904 44 122 30 36 126 76 647 625 208 175 985 984 675 661 202 269 857 856 936 932 377 331
7 15 6225 504 473 30 36 859 867 675 661 857 856 126 76 936 932 202 269 985 984 912 904 420 373 44 122 647 625 377 331 208 175
8 15 6225 985 984 208 175 420 373 30 36 675 661 202 269 44 122 377 331 936 932 126 76 859 867 504 473 857 856 912 904 647 625
9 15 6225 936 932 208 175 44 122 30 36 420 373 504 473 202 269 857 856 377 331 859 867 126 76 647 625 912 904 675 661 985 984
10 15 6225 647 625 857 856 912 904 44 122 936 932 377 331 30 36 675 661 504 473 420 373 208 175 859 867 202 269 985 984 126 76
11 15 6225 208 175 859 867 504 473 985 984 857 856 647 625 912 904 30 36 202 269 936 932 126 76 675 661 420 373 377 331 44 122
12 15 6225 859 867 647 625 985 984 202 269 126 76 504 473 420 373 377 331 30 36 936 932 44 122 208 175 912 904 675 661 857 856
13 15 6225 857 856 420 373 912 904 504 473 202 269 208 175 936 932 647 625 859 867 985 984 126 76 30 36 44 122 377 331 675 661
14 15 6225 936 932 126 76 420 373 675 661 504 473 647 625 208 175 30 36 377 331 859 867 985 984 912 904 44 122 202 269 857 856
15 15 6225 675 661 859 867 377 331 504 473 44 122 936 932 30 36 857 856 202 269 208 175 985 984 126 76 420 373 647 625 912 904
16 15 6225 202 269 504 473 936 932 857 856 377 331 126 76 859 867 647 625 208 175 44 122 912 904 985 984 675 661 420 373 30 36
17 15 6225 202 269 936 932 208 175 126 76 420 373 912 904 377 331 675 661 647 625 985 984 30 36 504 473 857 856 859 867 44 122
18 15 6225 30 36 504 473 985 984 126 76 647 625 44 122 420 373 675 661 857 856 936 932 208 175 912 904 377 331 859 867 202 269
19 15 6225 208 175 504 473 859 867 30 36 936 932 202 269 857 856 377 331 675 661 44 122 912 904 126 76 985 984 420 373 647 625
20 15 6225 675 661 44 122 985 984 912 904 857 856 208 175 377 331 126 76 936 932 647 625 504 473 30 36 420 373 202 269 859 867
21 15 6225 936 932 208 175 30 36 420 373 647 625 675 661 857 856 377 331 126 76 859 867 504 473 202 269 44 122 985 984 912 904
22 15 6225 912 904 504 473 675 661 859 867 126 76 208 175 936 932 857 856 202 269 377 331 30 36 420 373 647 625 44 122 985 984
23 15 6225 936 932 859 867 208 175 675 661 857 856 377 331 202 269 30 36 985 984 126 76 44 122 647 625 420 373 912 904 504 473
24 15 6225 859 867 912 904 202 269 44 122 504 473 936 932 30 36 208 175 675 661 647 625 377 331 126 76 420 373 857 856 985 984
25 15 6225 208 175 504 473 420 373 859 867 377 331 912 904 857 856 936 932 985 984 126 76 44 122 647 625 675 661 30 36 202 269
26 15 6225 985 984 912 904 857 856 126 76 420 373 859 867 647 625 208 175 44 122 675 661 377 331 202 269 504 473 30 36 936 932
27 15 6225 202 269 857 856 126 76 504 473 859 867 675 661 30 36 647 625 44 122 985 984 377 331 936 932 420 373 208 175 912 904
28 15 6225 647 625 202 269 208 175 126 76 675 661 912 904 420 373 377 331 504 473 30 36 985 984 857 856 936 932 44 122 859 867
29 15 6225 675 661 420 373 912 904 859 867 44 122 126 76 936 932 985 984 377 331 504 473 30 36 857 856 647 625 202 269 208 175
30 15 6225 420 373 377 331 647 625 202 269 985 984 504 473 126 76 859 867 857 856 44 122 208 175 912 904 30 36 936 932 675 661
31 15 6225 985 984 647 625 859 867 675 661 377 331 208 175 126 76 44 122 30 36 912 904 420 373 202 269 936 932 504 473 857 856
32 15 6225 208 175 857 856 420 373 30 36 912 904 985 984 202 269 44 122 647 625 859 867 126 76 936 932 504 473 675 661 377 331
33 15 6225 675 661 985 984 857 856 377 331 44 122 647 625 202 269 912 904 30 36 504 473 208 175 859 867 420 373 126 76 936 932
34 15 6225 857 856 44 122 504 473 936 932 126 76 647 625 30 36 985 984 202 269 675 661 208 175 420 373 377 331 912 904 859 867
35 15 6225 647 625 675 661 504 473 30 36 936 932 377 331 912 904 859 867 985 984 208 175 44 122 202 269 126 76 420 373 857 856
36 15 6225 377 331 936 932 675 661 44 122 647 625 857 856 208 175 126 76 985 984 30 36 859 867 504 473 912 904 420 373 202 269
37 15 6225 202 269 912 904 675 661 857 856 377 331 859 867 44 122 126 76 30 36 936 932 420 373 647 625 504 473 985 984 208 175
38 15 6225 859 867 912 904 208 175 420 373 202 269 504 473 647 625 30 36 377 331 675 661 936 932 126 76 985 984 44 122 857 856
39 15 6225 985 984 30 36 377 331 504 473 912 904 859 867 420 373 208 175 202 269 647 625 857 856 936 932 44 122 126 76 675 661
40 15 6225 377 331 647 625 208 175 912 904 126 76 936 932 675 661 857 856 985 984 420 373 859 867 30 36 504 473 202 269 44 122
41 15 6225 857 856 859 867 912 904 30 36 504 473 647 625 377 331 44 122 420 373 936 932 208 175 202 269 126 76 985 984 675 661
42 15 6225 675 661 44 122 30 36 420 373 647 625 936 932 859 867 202 269 126 76 208 175 377 331 912 904 857 856 985 984 504 473
43 15 6225 859 867 912 904 420 373 857 856 202 269 30 36 504 473 936 932 647 625 675 661 985 984 44 122 208 175 377 331 126 76
44 15 6225 208 175 859 867 936 932 420 373 30 36 647 625 912 904 985 984 126 76 377 331 44 122 857 856 202 269 504 473 675 661
45 15 6225 126 76 504 473 30 36 675 661 647 625 420 373 859 867 985 984 912 904 208 175 202 269 936 932 857 856 377 331 44 122
46 15 6225 377 331 420 373 504 473 936 932 647 625 208 175 44 122 859 867 126 76 857 856 202 269 675 661 912 904 985 984 30 36
47 15 6225 647 625 202 269 985 984 936 932 504 473 208 175 857 856 126 76 420 373 859 867 44 122 30 36 912 904 675 661 377 331
48 15 6225 30 36 936 932 504 473 44 122 420 373 912 904 377 331 985 984 202 269 126 76 208 175 647 625 675 661 859 867 857 856
49 15 6225 30 36 675 661 985 984 504 473 857 856 377 331 647 625 44 122 859 867 420 373 912 904 126 76 936 932 202 269 208 175
50 15 6225 647 625 857 856 912 904 202 269 936 932 208 175 985 984 30 36 504 473 44 122 859 867 675 661 420 373 377 331 126 76
51 15 6225 208 175 44 122 912 904 504 473 377 331 202 269 936 932 675 661 647 625 857 856 420 373 126 76 985 984 30 36 859 867
52 15 6225 30 36 420 373 675 661 208 175 44 122 912 904 202 269 377 331 647 625 504 473 985 984 857 856 126 76 859 867 936 932
53 15 6225 202 269 675 661 985 984 504 473 647 625 377 331 936 932 857 856 44 122 859 867 912 904 420 373 30 36 208 175 126 76
54 15 6225 857 856 504 473 30 36 859 867 647 625 126 76 420 373 936 932 377 331 44 122 912 904 208 175 985 984 675 661 202 269
55 15 6225 126 76 377 331 202 269 420 373 647 625 912 904 936 932 504 473 675 661 208 175 44 122 857 856 859 867 985 984 30 36
56 15 6225 126 76 985 984 675 661 377 331 857 856 30 36 420 373 44 122 936 932 202 269 912 904 647 625 504 473 859 867 208 175
57 15 6225 44 122 857 856 985 984 420 373 202 269 936 932 912 904 208 175 126 76 675 661 504 473 30 36 859 867 377 331 647 625
58 15 6225 44 122 30 36 675 661 647 625 859 867 202 269 126 76 985 984 857 856 208 175 377 331 936 932 420 373 504 473 912 904
59 15 6225 857 856 30 36 126 76 647 625 208 175 202 269 504 473 377 331 985 984 420 373 859 867 675 661 936 932 44 122 912 904
60 15 6225 675 661 985 984 202 269 647 625 126 76 857 856 44 122 504 473 30 36 859 867 420 373 912 904 208 175 377 331 936 932
61 15 6225 44 122 377 331 208 175 936 932 420 373 985 984 912 904 504 473 30 36 675 661 859 867 857 856 126 76 202 269 647 625
62 15 6225 44 122 859 867 912 904 420 373 504 473 377 331 647 625 126 76 675 661 30 36 208 175 202 269 985 984 936 932 857 856
63 15 6225 857 856 30 36 420 373 208 175 859 867 202 269 126 76 912 904 377 331 936 932 647 625 44 122 985 984 675 661 504 473
64 15 6225 675 661 985 984 857 856 912 904 208 175 504 473 377 331 202 269 44 122 859 867 30 36 647 625 126 76 420 373 936 932
65 15 6225 859 867 30 36 912 904 647 625 208 175 857 856 377 331 675 661 504 473 126 76 985 984 202 269 420 373 936 932 44 122
66 15 6225 857 856 30 36 420 373 647 625 936 932 202 269 859 867 912 904 675 661 44 122 985 984 208 175 126 76 377 331 504 473
67 15 6225 30 36 936 932 44 122 857 856 126 76 504 473 859 867 420 373 647 625 202 269 208 175 912 904 377 331 675 661 985 984
68 15 6225 30 36 647 625 857 856 675 661 420 373 377 331 208 175 985 984 936 932 202 269 44 122 504 473 126 76 859 867 912 904
69 15 6225 504 473 859 867 30 36 936 932 126 76 377 331 202 269 420 373 985 984 44 122 675 661 647 625 912 904 208 175 857 856
70 15 6225 30 36 985 984 202 269 647 625 857 856 504 473 912 904 420 373 377 331 859 867 936 932 208 175 126 76 44 122 675 661
71 15 6225 208 175 202 269 377 331 44 122 647 625 936 932 420 373 504 473 912 904 857 856 985 984 675 661 30 36 126 76 859 867
72 15 6225 504 473 377 331 208 175 985 984 647 625 936 932 30 36 857 856 126 76 202 269 859 867 675 661 912 904 44 122 420 373
73 15 6225 647 625 44 122 912 904 208 175 675 661 859 867 202 269 420 373 936 932 126 76 857 856 985 984 377 331 504 473 30 36
74 15 6225 30 36 44 122 202 269 504 473 936 932 675 661 857 856 985 984 420 373 647 625 377 331 208 175 912 904 859 867 126 76
75 15 6225 30 36 420 373 859 867 912 904 857 856 126 76 985 984 647 625 208 175 675 661 936 932 44 122 377 331 202 269 504 473
76 15 6225 985 984 675 661 30 36 857 856 202 269 936 932 504 473 126 76 859 867 420 373 208 175 647 625 44 122 377 331 912 904
77 15 6225 377 331 912 904 126 76 30 36 859 867 936 932 985 984 504 473 202 269 647 625 420 373 208 175 675 661 857 856 44 122
78 15 6225 377 331 44 122 208 175 857 856 936 932 504 473 859 867 912 904 126 76 647 625 675 661 420 373 985 984 202 269 30 36
79 15 6225 377 331 859 867 504 473 675 661 126 76 985 984 857 856 647 625 44 122 936 932 30 36 420 373 912 904 208 175 202 269
80 15 6225 857 856 647 625 208 175 202 269 30 36 936 932 859 867 504 473 377 331 675 661 126 76 985 984 912 904 420 373 44 122
81 15 6225 912 904 647 625 420 373 504 473 208 175 985 984 202 269 126 76 859 867 675 661 857 856 936 932 30 36 44 122 377 331
82 15 6225 857 856 985 984 647 625 912 904 936 932 420 373 377 331 126 76 504 473 208 175 30 36 859 867 44 122 675 661 202 269
83 15 6225 30 36 44 122 912 904 859 867 202 269 420 373 377 331 936 932 647 625 675 661 857 856 126 76 208 175 985 984 504 473
84 15 6225 504 473 647 625 985 984 859 867 30 36 126 76 44 122 202 269 936 932 675 661 377 331 208 175 912 904 857 856 420 373
85 15 6225 912 904 377 331 202 269 30 36 675 661 857 856 420 373 44 122 936 932 208 175 647 625 126 76 504 473 985 984 859 867
86 15 6225 936 932 202 269 675 661 126 76 44 122 985 984 420 373 859 867 30 36 208 175 377 331 857 856 912 904 504 473 647 625
87 15 6225 675 661 44 122 30 36 936 932 202 269 420 373 208 175 377 331 647 625 985 984 912 904 859 867 126 76 857 856 504 473
88 15 6225 420 373 647 625 985 984 30 36 377 331 912 904 126 76 936 932 208 175 44 122 504 473 675 661 857 856 859 867 202 269
89 15 6225 647 625 857 856 936 932 675 661 126 76 504 473 912 904 377 331 30 36 208 175 859 867 44 122 202 269 985 984 420 373
90 15 6225 859 867 208 175 126 76 44 122 202 269 857 856 675 661 912 904 647 625 377 331 936 932 985 984 504 473 420 373 30 36
91 15 6225 202 269 675 661 377 331 504 473 208 175 857 856 44 122 126 76 30 36 859 867 936 932 647 625 420 373 985 984 912 904
92 15 6225 377 331 208 175 985 984 857 856 504 473 44 122 420 373 126 76 202 269 675 661 912 904 859 867 936 932 30 36 647 625
93 15 6225 912 904 202 269 675 661 936 932 377 331 44 122 420 373 208 175 857 856 985 984 126 76 647 625 859 867 504 473 30 36
94 15 6225 126 76 44 122 420 373 985 984 912 904 30 36 859 867 208 175 377 331 202 269 504 473 857 856 936 932 647 625 675 661
95 15 6225 126 76 859 867 420 373 504 473 30 36 936 932 675 661 202 269 647 625 912 904 44 122 377 331 208 175 857 856 985 984
96 15 6225 912 904 857 856 126 76 647 625 30 36 377 331 936 932 504 473 985 984 420 373 44 122 202 269 859 867 208 175 675 661
97 15 6225 30 36 985 984 675 661 202 269 377 331 44 122 936 932 126 76 912 904 857 856 420 373 504 473 859 867 647 625 208 175
98 15 6225 202 269 377 331 985 984 859 867 30 36 675 661 647 625 44 122 126 76 420 373 857 856 912 904 936 932 504 473 208 175
99 15 6225 208 175 647 625 202 269 985 984 420 373 126 76 504 473 912 904 44 122 857 856 30 36 675 661 936 932 377 331 859 867
100 15 6225 30 36 377 331 44 122 985 984 912 904 936 932 859 867 857 856 675 661 647 625 126 76 420 373 504 473 202 269 208 175
