1 15 56057 0 1 1 1 0 1 0 1 1 1 1 1 1 1 0
2 15 52240 1 1 0 1 1 1 1 1 1 0 1 1 1 0 1
3 15 73632 0 1 1 0 1 0 1 0 1 1 1 1 1 1 1
4 15 56275 1 0 0 0 0 1 1 1 1 1 1 1 1 1 0
5 15 65554 1 1 1 0 0 1 1 0 1 0 1 1 1 1 1
6 15 69095 0 1 1 1 1 0 1 1 0 1 0 1 1 1 1
7 15 52294 1 1 1 1 0 0 0 1 0 1 1 1 1 1 1
8 15 65747 1 0 1 1 1 0 1 1 0 1 1 1 1 1 0
9 15 67989 1 1 1 0 0 1 1 1 1 1 0 0 1 1 1
10 15 56037 1 0 1 1 1 1 0 0 0 1 1 1 1 1 1
11 15 46660 1 0 1 0 1 1 1 1 1 0 1 0 1 0 1
12 15 55298 1 1 1 0 1 1 1 0 1 1 0 1 1 1 1
13 15 61668 0 0 0 1 1 1 0 0 0 1 1 1 1 1 1
14 15 57055 0 1 1 1 1 1 1 1 0 0 1 1 1 1 1
15 15 55317 1 0 1 1 1 0 1 1 1 0 0 1 1 1 1
16 15 66214 0 1 1 0 0 1 1 0 1 1 1 1 1 0 1
17 15 70770 1 0 1 1 0 1 1 0 1 0 1 1 1 1 1
18 15 73335 1 1 1 1 1 1 1 1 1 0 1 0 0 1 0
19 15 61293 0 0 0 0 1 1 1 1 1 1 1 1 1 0 1
20 15 74330 1 1 1 1 1 1 1 1 0 1 1 0 0 1 1
21 15 48408 1 1 1 1 1 1 1 1 1 1 0 0 0 1 1
22 15 62715 1 0 1 0 0 1 1 1 1 1 1 1 0 1 1
23 15 66481 1 1 1 1 1 0 0 1 1 1 1 0 1 0 1
24 15 55889 1 1 1 1 1 1 1 1 1 0 1 0 1 0 1
25 15 68833 1 1 1 1 1 1 1 0 0 1 0 1 1 0 1
26 15 61528 1 1 0 1 1 1 0 0 1 1 1 1 1 0 1
27 15 67434 1 0 1 1 1 1 1 0 0 1 1 1 0 1 0
28 15 66059 1 1 1 1 0 0 1 1 1 1 0 1 1 1 1
29 15 60985 1 1 0 1 0 1 0 1 1 1 1 1 1 1 0
30 15 52182 1 1 0 1 1 0 1 1 1 1 1 1 1 1 0
31 15 70586 1 0 0 1 1 1 1 1 1 1 1 0 1 1 1
32 15 62070 1 1 1 0 0 1 1 1 0 0 1 1 1 1 1
33 15 61858 0 1 1 1 1 1 1 0 1 0 1 1 1 1 1
34 15 60823 1 1 1 1 1 1 0 1 1 1 1 0 1 0 1
35 15 56959 0 1 0 1 1 1 1 1 0 1 1 0 1 1 1
36 15 54983 1 1 1 1 1 1 0 0 1 1 0 1 1 0 0
37 15 71397 0 1 1 1 1 1 1 0 1 1 1 1 1 0 1
38 15 65931 1 0 1 1 0 0 1 0 1 1 1 1 1 0 0
39 15 61829 0 1 0 0 1 1 1 1 1 1 1 1 1 1 1
40 15 58129 1 1 1 1 0 1 1 1 0 1 1 0 1 1 1
41 15 62559 1 1 0 1 0 1 1 1 1 0 1 0 1 1 1
42 15 65081 1 1 1 0 1 1 0 0 1 1 1 1 1 1 1
43 15 62514 0 1 1 0 1 1 1 1 0 1 0 1 1 0 1
44 15 68425 1 1 0 0 1 1 1 1 1 0 0 1 0 0 1
45 15 66798 1 1 1 1 1 1 1 1 1 0 1 1 1 0 0
46 15 41968 0 1 1 0 1 0 1 1 1 1 1 1 1 0 1
47 15 59090 0 1 1 1 1 1 1 1 0 0 0 1 0 1 1
48 15 47392 1 0 1 1 1 0 1 1 0 0 1 1 1 1 0
49 15 75759 0 0 1 1 1 1 1 1 0 1 1 0 1 1 1
50 15 76474 1 1 0 1 0 1 1 0 1 1 1 1 0 0 1
51 15 48037 1 1 1 1 0 1 0 0 1 0 1 0 0 1 1
52 15 58867 1 0 1 1 0 1 1 1 1 1 0 1 0 1 0
53 15 52455 0 1 1 1 1 0 0 0 1 0 1 1 1 0 1
54 15 65260 1 1 1 0 1 1 1 0 1 1 1 1 1 0 0
55 15 61240 1 0 0 1 1 1 0 1 1 1 0 1 1 1 0
56 15 61316 1 1 1 1 0 1 0 1 1 1 1 1 1 1 0
57 15 75278 1 1 0 1 1 1 0 1 0 1 1 1 1 1 0
58 15 57822 1 1 1 1 0 1 1 1 1 1 1 0 0 1 1
59 15 62007 0 1 0 1 1 1 1 0 0 1 1 1 1 0 1
60 15 53483 1 1 1 0 1 1 1 1 0 1 0 0 1 1 1
61 15 73391 1 1 0 0 1 1 1 1 0 1 1 0 1 1 1
62 15 65315 1 1 1 1 1 1 1 1 0 1 0 1 1 0 0
63 15 69322 1 1 0 1 1 1 1 1 1 0 1 0 0 1 1
64 15 55832 1 0 1 1 0 1 0 1 1 0 0 1 1 0 1
65 15 56938 1 0 1 0 0 1 1 1 1 1 1 1 0 1 1
66 15 59386 1 0 1 1 1 1 1 0 0 1 1 1 1 1 1
67 15 65416 0 1 1 1 1 1 1 1 1 0 1 1 0 1 1
68 15 59000 1 0 1 0 1 1 1 1 1 0 1 1 0 0 1
69 15 61811 1 1 1 1 0 1 1 1 1 1 0 0 1 1 1
70 15 60788 1 0 1 1 1 1 0 1 1 0 1 1 1 1 0
71 15 64428 0 1 1 1 0 0 1 1 1 1 1 1 1 1 0
72 15 58314 1 1 1 0 1 1 1 1 1 1 0 1 1 0 0
73 15 51054 1 1 1 1 1 0 0 1 1 1 0 1 0 1 1
74 15 49141 0 1 0 0 1 1 1 1 0 1 0 0 1 1 1
75 15 63167 0 0 0 1 0 1 0 1 1 1 1 1 1 1 1
76 15 69107 1 1 1 0 1 1 1 1 1 1 1 0 0 1 1
77 15 56292 0 1 0 0 1 0 1 1 1 1 1 1 1 1 0
78 15 68841 1 1 0 1 0 1 1 1 1 0 1 0 1 1 0
79 15 56189 1 1 1 1 0 0 1 0 1 1 1 0 1 1 0
80 15 62438 0 1 0 1 0 0 1 1 0 1 1 1 1 1 1
81 15 56261 1 1 1 1 1 0 1 1 1 0 1 1 1 1 0
82 15 59624 1 0 0 0 1 1 1 1 1 1 1 1 1 0 0
83 15 55280 1 0 1 1 1 0 1 1 0 1 1 1 1 1 1
84 15 58869 1 1 1 1 0 1 1 1 0 1 0 0 1 1 0
85 15 55896 1 1 1 0 1 1 0 0 0 1 0 1 1 1 0
86 15 53944 0 0 1 1 1 1 0 1 1 1 1 1 0 1 1
87 15 63446 1 1 1 1 1 1 0 0 0 0 1 1 1 0 1
88 15 71417 1 0 1 0 1 1 1 1 1 0 1 1 0 1 1
89 15 59819 0 1 1 1 1 1 0 1 1 1 0 1 1 0 1
90 15 54652 1 1 0 1 1 0 1 1 0 1 1 1 1 0 1
91 15 63361 0 0 1 0 1 1 1 1 1 1 1 1 1 1 0
92 15 47486 1 1 0 1 1 1 1 0 1 1 1 1 0 1 1
93 15 60672 1 0 0 0 1 1 1 1 1 1 1 1 1 1 0
94 15 63453 1 0 1 1 1 1 1 1 1 1 0 1 1 1 0
95 15 64384 1 1 0 1 1 1 1 1 1 1 1 1 1 1 0
96 15 58678 1 0 0 1 1 0 0 1 1 1 1 1 1 1 1
97 15 82306 1 1 0 1 0 1 1 1 1 1 0 1 0 1 1
98 15 52650 0 0 1 0 1 1 1 0 1 1 1 1 0 1 1
99 15 71675 0 0 1 1 1 1 1 1 0 1 1 0 1 0 1
100 15 52685 1 1 1 1 1 1 0 0 1 1 1 0 1 1 1
