1 30 23332 1 1 1 1 0 1 0 0 1 1 1 1 1 1 1 1 1 1 1 1 0 1 0 1 1 0 1 1 1 0
2 30 24761 1 0 1 0 1 1 1 1 1 1 0 1 0 0 1 1 1 0 1 1 0 1 1 0 1 1 0 1 1 1
3 30 29257 1 1 0 1 1 1 0 0 1 1 0 1 1 1 0 1 1 1 1 0 0 1 1 0 0 1 1 1 0 1
4 30 26444 1 1 1 0 0 0 1 1 1 1 1 1 0 0 1 1 0 1 1 1 1 1 0 1 0 0 1 1 1 1
5 30 26861 1 1 1 1 0 0 1 1 1 1 0 1 1 1 1 1 1 1 1 0 0 1 0 0 1 1 1 0 1 1
6 30 28189 1 0 0 1 1 1 1 0 1 1 1 0 1 0 0 1 0 0 1 1 1 1 0 1 1 1 1 1 1 1
7 30 27610 1 0 1 1 0 0 1 0 1 1 0 0 1 1 1 1 1 1 1 1 1 1 1 0 1 1 1 1 0 1
8 30 28547 0 0 1 0 1 0 1 1 1 0 1 1 0 1 1 1 1 0 1 1 1 1 1 1 1 1 0 1 1 1
9 30 28453 1 1 1 1 0 1 0 1 1 1 1 1 1 1 0 1 0 0 1 1 1 0 1 1 1 1 1 0 1 1
10 30 27619 0 0 1 1 0 0 1 0 0 1 1 1 1 1 1 0 1 1 1 1 1 1 0 1 0 1 0 1 1 1
11 30 24573 1 1 0 0 1 1 1 1 1 1 1 1 1 1 0 1 0 1 0 1 0 0 1 0 1 1 1 1 1 1
12 30 26794 1 0 1 1 1 1 0 1 1 1 1 1 0 1 1 1 1 1 1 1 1 0 1 1 1 1 0 1 0 0
13 30 25946 1 0 0 1 0 1 1 1 1 1 0 1 1 0 1 1 1 1 1 1 1 1 1 0 1 0 1 1 0 0
14 30 25089 1 1 1 1 1 1 0 1 1 1 1 1 1 1 0 1 0 1 0 1 1 1 1 1 1 0 1 0 1 1
15 30 23383 0 1 0 1 1 1 1 1 0 1 1 1 1 0 1 1 0 1 0 1 1 0 1 1 1 0 1 1 1 0
16 30 26466 1 1 0 1 0 1 1 1 1 1 0 1 1 1 1 1 0 1 1 1 1 0 1 0 0 1 0 1 0 1
17 30 25847 1 1 1 1 1 0 1 1 1 1 1 0 0 1 0 1 1 1 0 1 1 0 0 0 1 1 1 0 0 1
18 30 29137 1 1 0 1 1 1 1 1 1 1 0 0 1 0 1 1 0 0 1 0 0 1 1 1 0 1 1 1 1 0
19 30 27227 1 1 0 1 0 0 1 1 1 1 1 1 1 1 0 1 1 0 1 1 0 1 0 1 1 0 1 1 1 1
20 30 28985 1 1 0 1 0 1 1 1 0 1 1 1 0 1 0 0 1 1 0 1 1 1 1 1 0 1 1 0 1 1
21 30 26624 1 1 1 0 1 1 1 1 1 1 1 0 0 1 0 1 1 1 1 1 1 0 1 0 1 1 1 1 1 1
22 30 24671 1 0 0 1 1 1 1 1 0 1 1 1 1 1 1 1 1 1 0 1 1 1 0 1 0 1 0 0 1 0
23 30 27284 0 1 1 1 0 1 1 1 1 1 0 1 1 0 1 0 1 1 0 1 0 1 1 1 1 0 1 1 0 0
24 30 25787 1 1 1 0 1 1 1 1 1 1 1 1 1 0 1 1 1 1 1 1 0 0 1 0 0 1 0 1 1 1
25 30 26175 0 1 1 1 1 1 0 0 0 1 1 1 1 1 1 1 0 0 0 0 1 1 1 1 1 1 0 1 1 1
26 30 24932 0 0 1 0 1 1 1 0 1 1 1 1 1 0 0 1 1 1 1 0 1 0 0 1 1 1 1 1 1 1
27 30 25893 1 1 1 0 1 1 1 0 1 1 1 1 0 0 1 1 1 1 1 0 0 1 1 0 1 0 1 1 1 0
28 30 26530 0 1 1 1 1 1 1 0 1 0 1 1 0 1 0 1 0 1 1 1 1 0 0 0 1 1 0 0 1 1
29 30 26141 1 1 0 1 1 1 0 0 0 1 0 1 1 1 1 0 1 1 1 1 1 1 1 0 1 1 1 0 1 1
30 30 27803 1 0 1 1 1 1 0 1 0 1 1 1 1 1 1 0 1 1 1 0 1 1 0 1 1 1 1 1 0 1
31 30 27871 1 0 1 1 0 1 1 1 1 1 1 1 0 1 1 0 1 1 0 1 0 1 1 1 1 0 1 1 0 1
32 30 26537 1 1 1 0 0 0 1 1 1 0 1 1 0 1 0 0 1 1 0 0 1 0 1 1 1 1 1 1 1 1
33 30 26600 0 0 1 0 0 1 1 1 0 1 1 1 0 1 1 1 1 1 1 0 0 1 1 1 1 0 1 1 1 1
34 30 30225 1 1 1 1 1 1 1 1 1 0 1 0 0 1 0 1 1 1 0 0 0 1 1 1 0 0 1 1 0 1
35 30 24498 1 1 0 1 0 0 1 1 1 1 1 0 1 0 1 1 1 0 1 1 1 1 0 1 1 1 0 1 1 1
36 30 27709 1 1 0 1 1 1 0 1 1 0 1 1 1 1 1 0 1 1 0 1 0 1 1 0 0 0 1 1 1 1
37 30 25440 0 0 1 0 0 1 1 1 0 1 1 1 1 1 1 1 1 0 1 0 1 1 1 1 1 1 1 0 1 0
38 30 28016 1 0 1 0 1 1 0 1 0 1 1 0 1 1 0 1 0 1 1 1 0 1 1 1 1 1 1 1 1 1
39 30 24427 1 0 1 0 1 1 1 1 1 0 0 0 1 1 1 1 1 1 1 0 1 1 0 1 0 0 1 1 1 1
40 30 28976 0 0 1 0 0 1 1 1 1 1 0 0 0 0 1 1 1 1 1 1 1 1 1 0 1 1 0 1 1 1
41 30 26399 1 1 1 1 0 0 1 1 0 0 1 1 0 1 1 0 1 1 1 0 1 0 1 1 1 1 1 1 1 1
42 30 27630 0 0 1 1 1 1 0 1 1 1 1 0 1 1 1 0 0 1 1 1 1 1 0 0 1 0 1 1 1 1
43 30 25710 1 1 1 1 1 0 1 1 1 0 1 0 1 0 1 0 1 1 1 1 1 1 0 1 0 0 1 1 1 1
44 30 26629 0 1 1 1 0 1 1 1 0 1 0 1 1 1 0 1 1 1 1 1 1 1 1 0 0 1 1 0 1 1
45 30 26594 0 0 1 1 1 1 1 1 1 0 1 1 1 1 0 1 1 1 0 0 1 1 0 1 1 1 1 1 0 1
46 30 25574 1 1 0 1 1 1 1 1 1 1 1 1 1 0 1 0 0 1 1 1 0 1 1 0 1 1 0 1 1 0
47 30 25689 0 1 1 1 0 1 1 1 0 1 1 1 1 1 1 1 0 1 1 1 1 1 1 1 0 1 0 1 0 0
48 30 24068 1 1 1 0 0 1 0 1 1 1 1 1 1 1 0 0 0 0 1 0 1 1 1 1 0 0 0 1 1 1
49 30 27243 1 0 0 0 1 1 1 1 1 0 1 1 1 1 0 1 1 1 1 1 0 1 1 1 1 1 1 0 1 0
50 30 27829 1 0 0 1 1 1 0 1 1 1 0 1 1 1 1 1 1 1 0 1 1 1 1 0 1 1 0 1 1 0
51 30 27217 0 1 1 1 1 1 1 0 1 0 1 1 1 0 1 1 1 0 0 1 0 1 1 1 1 0 0 1 1 1
52 30 25163 1 1 1 1 1 0 1 1 1 0 1 1 1 1 1 1 0 1 0 0 1 0 1 1 0 1 1 1 1 1
53 30 24784 0 0 1 0 1 0 1 1 1 1 1 1 1 1 1 1 0 1 1 1 1 1 1 0 1 1 0 1 1 0
54 30 25338 1 0 1 1 0 1 1 1 1 1 1 0 0 0 1 1 1 1 1 1 1 0 0 0 1 1 1 1 0 1
55 30 26969 1 1 1 1 1 0 0 0 1 1 1 0 1 1 1 0 0 1 1 1 1 1 1 1 1 0 1 1 0 1
56 30 27267 1 1 1 1 0 0 1 0 1 1 0 1 1 0 0 1 1 1 1 0 1 1 1 0 1 1 0 1 1 1
57 30 26437 1 0 1 0 1 1 1 1 0 1 1 1 1 0 0 1 1 1 1 1 1 1 1 1 0 1 1 1 0 0
58 30 26109 0 1 0 1 1 1 1 1 0 0 1 1 1 1 1 1 1 1 1 1 1 1 0 1 0 1 0 0 0 1
59 30 26634 0 1 1 0 0 1 1 0 0 1 1 0 1 1 1 0 1 1 0 1 1 1 1 1 1 1 1 1 1 1
60 30 24970 0 1 0 1 0 1 1 1 0 0 1 1 0 1 1 1 0 1 1 1 1 1 1 1 1 0 1 1 1 1
61 30 24926 0 1 1 1 0 1 0 1 1 0 0 1 1 1 1 1 1 1 1 1 0 0 0 1 1 1 1 1 1 1
62 30 27813 1 0 1 0 1 1 1 1 1 1 1 0 1 0 0 0 1 1 0 1 1 1 1 1 1 1 1 0 1 1
63 30 25270 1 1 1 0 1 1 1 1 0 1 1 1 1 1 0 1 1 1 0 1 1 1 0 1 1 0 1 0 0 0
64 30 26266 0 1 1 1 1 1 0 1 1 0 1 0 1 1 0 1 1 1 1 1 1 1 1 1 1 1 1 1 0 0
65 30 24283 0 1 1 1 1 0 1 1 1 1 1 0 1 1 1 1 1 0 1 1 0 1 0 1 1 1 1 0 1 0
66 30 23122 0 1 1 1 1 1 0 1 0 1 1 1 1 0 1 1 0 1 1 1 1 1 0 1 1 0 1 1 1 0
67 30 27766 1 1 1 1 1 0 0 1 1 1 0 0 1 1 1 1 0 1 1 1 1 1 0 0 1 0 1 1 1 1
68 30 30044 1 0 1 0 1 0 1 1 1 1 1 1 1 1 1 1 0 1 1 0 1 1 1 1 0 0 1 1 1 0
69 30 25174 0 1 1 1 1 0 0 1 1 1 0 1 1 0 1 1 1 1 1 1 1 0 0 0 1 1 0 0 1 1
70 30 28108 0 0 0 1 1 0 1 1 1 1 0 1 0 0 1 1 1 1 1 1 1 0 1 1 1 1 1 1 0 1
71 30 26762 1 0 0 1 1 1 1 0 0 1 1 1 1 1 0 0 1 1 1 1 0 1 1 0 1 1 1 1 1 1
72 30 27013 1 1 0 1 1 0 1 1 1 1 0 0 0 1 1 1 0 1 0 1 1 0 1 1 0 0 1 1 1 1
73 30 25221 0 1 1 1 1 1 1 1 1 1 1 0 0 1 1 1 0 1 0 1 1 0 0 1 1 1 1 0 1 1
74 30 24299 1 0 1 1 0 0 1 1 0 1 0 1 1 1 0 1 1 1 1 1 1 0 0 1 1 1 1 1 0 1
75 30 22841 1 0 1 1 1 1 1 1 1 1 1 0 0 1 1 1 1 0 0 1 1 1 0 1 1 1 1 0 1 0
76 30 26699 1 0 0 1 0 1 0 1 1 1 1 1 1 0 0 1 0 1 1 0 0 1 1 1 1 0 1 1 1 1
77 30 26603 1 1 0 0 1 1 1 0 0 0 0 0 1 1 1 1 1 1 1 0 1 1 1 1 0 1 0 0 1 1
78 30 26441 1 1 1 0 1 1 1 1 1 0 1 0 1 1 0 1 0 1 1 0 0 1 1 0 1 1 1 1 1 1
79 30 27780 1 1 1 0 1 1 1 1 1 0 1 1 1 0 1 0 1 1 0 1 1 0 0 1 0 1 1 1 0 1
80 30 24572 1 1 1 1 1 0 0 1 0 0 1 1 1 1 0 1 0 1 1 1 1 1 1 0 0 1 0 1 1 1
81 30 27394 1 1 1 1 0 1 1 1 0 1 1 0 0 1 1 1 1 0 0 1 1 1 1 1 0 1 0 1 1 1
82 30 25272 1 0 1 0 1 1 1 0 0 1 1 1 1 1 1 1 0 1 1 0 1 0 1 1 1 0 1 1 1 1
83 30 28549 1 0 1 1 1 1 0 1 1 0 0 0 1 1 1 1 1 1 1 1 0 1 1 1 1 1 1 1 0 0
84 30 24539 0 1 0 0 1 1 1 0 0 1 1 0 1 1 0 0 1 1 1 1 1 1 1 1 0 1 1 1 1 1
85 30 26694 1 1 1 0 1 1 0 1 0 1 1 1 1 1 1 0 1 1 1 1 1 1 0 0 1 0 0 1 0 1
86 30 23213 0 0 1 0 1 0 1 1 0 1 1 0 0 1 0 1 1 1 1 1 1 1 1 1 1 0 1 1 1 1
87 30 24627 1 0 1 1 1 1 1 1 1 1 1 1 1 1 0 1 1 0 1 1 1 0 1 1 0 0 1 1 0 0
88 30 26204 1 0 1 0 1 0 1 1 1 0 1 1 1 1 1 1 0 1 1 1 1 0 1 1 1 1 1 0 1 1
89 30 29887 1 1 1 1 0 1 1 1 0 0 1 0 1 1 1 1 0 1 1 0 0 0 1 1 0 1 1 1 1 1
90 30 27967 1 1 1 1 1 1 0 0 1 0 0 1 0 1 0 0 1 1 1 1 1 1 1 0 1 1 1 0 1 0
91 30 24159 1 1 1 0 1 1 1 1 0 1 1 1 1 0 1 1 1 0 1 0 0 1 0 1 0 1 0 1 1 1
92 30 27642 1 1 1 1 0 1 1 1 0 0 0 1 1 1 1 1 1 1 1 1 0 1 1 1 1 0 1 1 0 1
93 30 25475 1 0 1 1 1 1 1 1 1 1 1 1 1 0 0 1 1 1 0 0 1 1 1 1 1 0 1 0 1 0
94 30 25268 1 1 1 1 0 1 1 1 1 0 1 0 1 0 1 1 1 1 1 1 1 1 0 0 0 0 1 1 1 1
95 30 28323 1 0 1 1 1 0 1 0 1 1 0 1 1 1 1 1 1 1 1 0 1 1 1 0 0 1 1 1 0 1
96 30 29019 0 1 0 1 1 1 1 0 0 1 1 1 1 1 1 0 0 1 1 1 1 1 0 0 1 1 1 1 0 1
97 30 23552 1 0 1 1 1 1 0 1 1 1 0 1 1 0 1 1 0 0 1 0 1 0 1 1 1 0 1 1 1 1
98 30 25749 1 1 0 1 1 0 1 1 1 0 1 1 0 1 1 0 0 0 0 1 0 1 1 1 1 1 1 1 1 1
99 30 27878 0 1 1 0 0 0 1 1 1 1 1 1 0 1 1 1 1 1 1 0 1 1 1 1 0 1 1 1 0 0
100 30 26423 0 1 1 1 1 1 1 1 1 1 1 0 1 1 1 1 1 0 1 0 0 1 1 0 1 0 1 1 0 1
