1 30 23029 1 1 1 0 0 1 1 0 0 1 1 0 0 1 1 1 0 1 1 1 1 1 0 0 1 1 1 1 1 1
2 30 24510 0 0 1 0 1 1 1 1 1 1 0 1 0 1 0 1 1 0 1 1 0 1 1 1 1 1 0 0 1 1
3 30 29677 1 1 0 1 0 1 0 0 1 1 1 1 0 1 1 0 1 1 1 1 1 0 1 0 1 1 1 1 1 1
4 30 26207 1 1 0 1 0 1 1 1 1 1 0 0 1 0 1 1 0 1 0 0 0 1 1 1 1 0 1 1 1 1
5 30 26876 1 0 0 1 1 1 0 0 1 1 1 1 0 1 1 0 1 1 1 1 1 0 0 1 1 1 1 1 1 1
6 30 27944 1 1 1 1 0 1 1 0 0 1 0 1 1 1 1 0 0 1 1 0 1 1 0 1 1 1 1 1 0 0
7 30 27368 1 0 1 1 0 1 1 1 1 0 1 1 0 1 1 0 1 0 0 1 1 0 1 1 1 1 1 1 0 1
8 30 28047 0 0 1 1 1 1 1 1 1 0 1 1 1 1 0 0 1 1 0 1 1 1 0 0 0 1 1 1 0 1
9 30 27718 0 1 1 0 0 1 0 1 1 1 1 0 1 0 0 1 1 1 0 1 1 1 1 1 1 0 0 1 1 1
10 30 27865 1 1 1 1 1 1 0 0 0 1 1 0 0 1 1 0 0 1 1 1 1 1 0 1 1 1 1 1 0 1
1 30 23771 1 1 1 1 0 1 1 1 1 1 1 1 0 1 1 1 1 1 1 1 1 1 0 0 0 1 1 1 1 0
2 30 24737 1 0 0 1 1 0 1 1 0 1 1 0 1 0 1 1 1 1 0 0 0 1 1 1 1 1 1 1 1 1
3 30 29734 0 1 0 1 0 1 1 0 1 1 1 0 0 1 1 1 1 1 1 1 1 1 0 1 1 0 1 1 1 1
4 30 26196 1 1 1 0 0 0 1 0 1 1 1 1 0 0 1 1 1 0 1 0 0 1 1 1 1 0 1 1 1 1
5 30 26613 1 0 1 0 1 1 1 0 1 0 0 1 1 0 1 1 1 1 1 1 1 1 0 0 1 1 1 0 1 1
6 30 27864 0 0 1 1 1 1 1 0 1 0 0 0 1 0 1 1 1 1 1 1 1 1 0 1 0 1 1 1 1 0
7 30 27611 1 0 1 0 0 1 1 0 1 1 0 1 1 1 1 1 1 1 0 1 0 1 1 1 1 1 1 1 1 0
8 30 28542 0 1 0 0 1 0 1 1 1 1 1 1 0 1 1 1 1 1 1 1 0 1 1 1 1 1 0 1 0 1
9 30 27703 1 1 0 1 0 0 1 0 1 1 1 1 1 1 0 1 0 1 1 1 1 1 0 0 0 1 1 1 0 1
10 30 27852 1 1 1 1 1 0 0 0 0 1 1 1 1 0 0 1 0 1 1 0 1 1 1 1 1 0 1 1 1 1
1 30 23599 1 1 1 1 0 1 1 0 1 1 1 1 1 1 1 1 1 1 0 1 1 1 0 1 1 0 1 1 1 0
2 30 24759 1 0 1 1 1 0 1 1 0 1 1 1 0 1 1 1 1 0 0 0 1 1 1 1 1 0 0 1 1 1
3 30 29727 0 1 0 1 1 1 1 0 1 1 1 1 1 1 0 1 1 0 1 1 1 0 1 1 1 0 0 1 1 1
4 30 26397 0 1 1 0 1 0 1 1 1 1 1 0 1 0 1 1 1 1 0 1 1 1 1 0 0 1 0 1 1 1
5 30 26875 1 1 1 1 1 0 1 1 1 1 0 1 0 1 1 1 1 0 1 1 0 0 1 0 0 1 1 1 1 1
6 30 28177 1 1 1 1 1 1 1 0 1 0 0 0 1 1 1 1 1 0 1 1 1 1 0 1 0 1 1 1 0 0
7 30 27604 1 0 1 0 1 1 1 0 1 1 1 1 1 1 0 0 1 1 1 1 1 0 1 1 1 1 1 1 0 0
8 30 28263 0 1 1 0 1 0 1 1 1 1 1 0 1 1 1 0 1 1 0 1 1 1 0 1 0 1 0 1 1 1
9 30 27977 1 1 1 1 1 0 1 1 0 1 1 1 1 0 0 0 0 1 1 1 0 1 1 1 0 0 1 1 1 1
10 30 27859 1 1 1 1 1 1 0 0 0 0 1 1 1 1 1 0 0 1 1 0 1 1 1 1 1 0 1 1 0 1
1 30 23481 1 1 1 1 0 1 0 0 1 1 1 1 0 1 1 1 1 0 1 1 1 1 1 1 1 0 1 1 1 0
2 30 24753 0 1 1 1 1 1 1 1 1 0 1 1 0 1 0 1 1 1 0 0 1 1 1 0 1 0 0 1 1 1
3 30 29253 1 1 0 1 1 1 1 1 1 0 1 1 0 0 1 1 1 1 1 1 1 0 0 0 1 0 1 0 1 0
4 30 26439 1 0 1 0 1 0 1 1 1 1 1 1 1 0 1 1 1 1 1 0 1 0 1 0 1 0 1 1 1 0
5 30 26880 1 1 1 1 1 0 0 0 1 1 1 1 0 0 1 1 1 1 1 1 1 0 0 0 1 1 1 1 1 1
6 30 28142 0 0 1 1 1 1 1 0 1 1 1 0 1 1 1 0 0 0 1 1 1 1 1 1 1 1 1 1 0 0
7 30 27609 1 0 1 1 0 1 1 1 1 0 1 1 1 1 1 1 1 0 1 0 0 0 0 1 1 1 1 1 1 1
8 30 28261 0 1 1 0 1 1 1 1 1 1 1 1 0 1 1 1 0 0 1 1 0 0 1 0 1 0 1 1 1 1
9 30 28456 1 1 1 1 0 1 1 1 1 1 1 1 1 1 0 0 1 0 1 1 0 0 1 1 1 1 1 0 1 1
10 30 27864 1 1 1 1 1 0 0 1 0 0 0 1 1 1 1 1 0 1 1 0 1 1 1 0 1 0 1 1 1 1
1 30 23242 1 1 1 1 0 1 1 0 1 0 1 0 0 1 1 1 1 1 1 1 0 0 1 1 1 1 1 1 1 0
2 30 24983 1 1 0 1 1 0 1 1 1 0 1 0 0 1 1 1 1 0 0 0 1 1 1 1 1 1 1 1 1 1
3 30 29479 1 1 1 1 1 1 1 0 1 1 1 0 1 1 0 1 1 0 1 1 1 0 1 0 0 1 1 1 0 0
4 30 25949 0 1 0 1 1 1 1 1 1 1 1 0 0 0 0 0 1 0 0 1 1 0 1 1 1 1 0 1 1 1
5 30 26631 1 1 0 1 0 0 0 0 1 1 1 1 1 1 1 1 1 1 1 0 1 1 0 1 1 1 1 0 0 1
6 30 27683 0 1 1 1 1 0 1 1 1 0 0 0 1 1 1 1 1 0 1 0 0 1 0 1 0 1 1 1 1 0
7 30 27865 1 0 1 0 0 1 1 0 1 1 1 1 1 1 1 1 1 0 1 1 1 1 1 0 1 1 1 1 0 1
8 30 28302 0 1 0 0 0 1 1 0 1 1 1 1 1 1 0 1 1 1 1 1 1 1 1 0 1 1 0 1 0 1
9 30 28200 1 1 1 1 0 0 0 0 1 1 1 1 0 1 0 1 1 1 0 1 1 1 1 1 1 1 1 0 1 1
10 30 27837 1 0 0 0 1 1 1 0 0 0 1 1 1 1 1 1 0 1 1 1 1 1 1 1 0 0 1 1 1 1
