1 30 23759 1 1 1 1 1 1 1 0 1 1 1 1 0 1 1 1 1 1 0 1 1 0 1 1 0 0 1 1 1 1
2 30 24734 1 0 0 1 1 0 1 1 1 1 1 0 1 0 0 0 1 0 1 1 1 1 1 1 1 1 1 0 1 1
3 30 29455 0 0 1 1 0 1 1 1 1 1 1 1 0 1 1 0 1 1 1 1 1 0 0 1 0 1 1 1 0 1
4 30 26686 1 1 1 0 1 0 1 1 1 1 0 1 1 0 1 1 0 1 1 1 1 1 0 0 1 1 0 1 1 1
5 30 27122 1 1 0 1 0 1 0 1 1 1 1 1 1 1 1 0 1 1 1 1 1 1 1 0 0 1 0 1 1 1
6 30 27951 0 1 1 1 1 1 1 1 1 0 1 0 0 1 1 0 1 0 1 1 1 0 0 1 0 1 1 1 0 1
7 30 27373 1 1 1 0 1 1 1 0 0 0 1 1 1 1 1 1 1 0 0 0 1 1 0 1 1 1 1 1 1 0
8 30 28296 0 1 1 0 1 0 1 0 1 0 1 1 1 1 1 1 0 1 1 0 0 1 1 1 1 1 0 1 1 1
9 30 28199 1 1 1 1 0 1 0 1 1 1 1 0 0 1 0 0 1 1 1 1 1 1 0 1 1 1 1 0 1 1
10 30 27861 1 1 1 1 0 1 0 0 1 0 1 1 1 1 0 1 0 1 1 1 0 1 1 0 1 1 1 1 0 1
11 30 24337 1 1 1 0 1 1 1 0 0 1 1 1 0 1 0 1 1 1 1 0 1 1 1 1 0 1 1 0 1 0
12 30 26317 0 1 0 1 0 1 1 1 0 0 1 1 1 1 1 1 1 1 1 1 1 0 1 1 1 0 1 1 0 0
13 30 26410 1 1 1 1 1 1 1 1 1 0 0 1 1 1 1 1 1 0 1 1 1 1 0 0 1 1 1 0 1 0
14 30 24915 0 0 1 1 1 1 1 1 1 1 1 1 1 1 0 1 0 1 1 0 0 1 1 1 1 0 1 1 1 1
15 30 24055 0 1 1 1 1 1 1 1 0 1 1 1 1 1 1 1 1 0 0 1 1 0 1 1 1 1 0 1 1 1
16 30 26474 0 0 1 1 1 0 1 1 0 1 0 0 0 1 1 1 1 1 1 1 1 1 1 1 1 0 0 1 1 1
17 30 26344 1 1 1 1 0 1 0 1 1 1 1 1 1 0 1 1 1 0 1 1 1 1 0 0 1 1 1 0 0 1
18 30 29562 1 0 1 1 0 1 1 1 1 0 0 0 1 1 0 1 1 1 0 1 0 1 1 1 1 1 1 1 1 1
19 30 26993 1 0 0 1 1 1 1 1 0 1 0 1 0 1 1 1 1 1 1 1 1 0 1 0 0 0 1 1 1 1
20 30 28971 0 1 1 1 1 1 1 0 1 0 1 0 1 0 1 1 1 0 1 0 1 1 1 1 0 0 1 1 1 1
21 30 26381 1 1 0 1 1 0 1 1 1 1 1 1 1 1 0 1 1 1 1 1 0 1 1 0 0 1 1 1 1 0
22 30 24532 1 1 1 0 1 1 1 1 1 0 1 1 0 1 1 1 0 1 1 0 1 0 1 1 0 0 1 1 0 0
23 30 27281 0 1 1 1 0 0 0 1 1 1 1 1 1 1 0 0 1 0 1 0 0 1 1 1 1 1 1 0 1 1
24 30 25331 1 1 1 1 1 1 1 0 1 1 0 1 1 1 0 1 0 1 1 1 0 0 1 1 0 1 1 1 0 0
25 30 26472 1 1 1 1 1 0 0 1 1 1 1 1 1 0 1 0 1 1 0 1 1 0 0 1 1 1 0 1 1 1
26 30 25202 1 0 0 1 1 0 1 1 1 1 0 1 1 1 0 1 1 1 1 1 1 0 0 1 1 1 1 1 1 0
27 30 25890 1 0 1 0 1 1 1 1 1 1 1 1 1 0 1 0 1 1 1 1 1 0 0 1 0 0 1 1 1 0
28 30 27275 1 1 1 1 1 1 1 1 0 1 1 1 1 1 0 0 1 0 1 1 0 1 1 1 1 1 0 0 0 1
29 30 26129 0 1 1 1 1 0 0 0 1 1 1 1 1 1 1 0 1 1 1 1 1 0 1 1 1 1 1 0 0 1
30 30 27801 1 1 0 1 1 0 0 1 1 0 1 1 1 1 1 1 1 1 1 1 1 1 0 1 0 1 1 1 0 1
31 30 27872 1 0 1 1 1 1 0 1 1 1 1 1 0 1 1 1 0 1 1 1 1 1 1 1 1 0 0 0 0 1
32 30 26536 1 0 1 0 1 1 0 0 1 0 1 1 1 1 0 1 1 0 0 1 1 1 1 1 1 1 1 1 0 0
33 30 26356 1 1 1 1 0 0 0 1 1 1 1 0 0 1 1 1 1 0 1 0 1 1 1 0 1 0 0 1 1 1
34 30 30705 1 1 1 1 1 1 1 1 1 0 1 0 1 1 0 1 1 0 1 0 1 1 1 0 1 0 1 1 0 1
35 30 24462 0 1 1 1 1 1 1 1 0 1 1 1 1 0 1 1 0 0 1 1 1 1 0 1 1 1 1 0 1 0
36 30 27704 1 1 1 1 1 1 0 1 0 1 0 1 1 0 1 0 1 1 0 1 0 1 1 1 1 0 0 1 1 1
37 30 25444 1 1 0 0 0 1 1 1 0 0 1 1 0 1 1 1 1 1 1 1 1 1 0 1 1 1 0 1 1 0
38 30 27799 1 0 0 1 1 0 0 1 1 0 1 1 0 1 1 1 1 1 1 1 1 1 0 1 1 1 1 1 0 0
39 30 24221 0 1 1 1 1 0 1 0 1 0 1 1 1 1 1 0 1 1 1 0 0 1 1 1 1 1 0 1 0 0
40 30 29439 0 1 1 0 1 0 1 1 0 1 1 1 0 1 1 1 1 1 1 1 1 0 1 0 1 1 1 0 1 1
41 30 26171 1 0 1 1 1 1 1 0 1 1 1 1 0 0 0 1 1 1 1 1 1 0 1 1 1 1 0 1 0 0
42 30 27618 1 1 1 1 1 1 1 1 1 1 1 1 1 1 0 0 1 0 0 1 0 1 0 1 1 1 1 0 0 0
43 30 25966 1 1 1 1 1 1 1 1 0 0 0 0 1 1 0 1 1 1 1 0 1 1 1 1 1 0 1 1 1 1
44 30 26380 0 1 1 1 0 1 0 1 1 1 1 0 1 1 0 1 1 1 1 0 1 1 1 1 1 0 1 1 0 0
45 30 26373 0 1 0 1 1 1 1 1 0 1 1 1 1 0 0 0 0 1 1 0 1 1 1 0 1 1 1 1 1 1
46 30 25574 1 1 0 0 1 1 1 1 1 1 1 1 0 0 0 1 0 1 1 1 1 1 1 0 1 1 0 1 1 1
47 30 25725 1 1 1 1 1 0 1 1 0 0 1 0 1 0 1 1 1 1 1 0 1 1 1 1 1 1 1 0 0 1
48 30 24551 0 0 0 0 1 1 0 1 1 1 1 1 1 1 1 0 1 1 1 1 1 1 1 1 0 0 1 1 0 1
49 30 26994 1 1 1 0 0 1 1 0 0 1 1 1 1 1 0 1 1 1 1 1 0 1 1 0 1 1 1 0 0 1
50 30 27604 1 1 0 1 1 1 0 1 1 0 1 1 1 1 1 1 1 1 1 1 0 0 1 0 1 0 0 1 1 0
51 30 27217 1 1 0 1 1 0 1 1 1 1 1 0 1 1 1 1 0 1 0 0 1 0 1 0 0 1 1 1 1 1
52 30 24834 0 1 1 1 1 1 0 1 1 1 1 1 1 1 1 1 0 1 0 1 0 0 1 0 1 1 1 0 1 1
53 30 24931 1 0 1 1 0 1 1 1 1 1 1 1 0 1 1 0 1 1 1 1 1 1 1 0 1 1 0 1 0 1
54 30 25378 1 1 0 1 1 1 1 1 1 0 0 0 1 1 0 1 0 1 1 1 1 0 1 1 1 1 0 1 1 0
55 30 26931 0 0 1 1 1 0 0 1 1 1 1 0 1 1 1 1 1 1 1 1 0 1 1 1 1 0 0 1 1 1
56 30 27549 1 1 0 0 0 1 1 1 0 1 1 1 1 1 0 1 1 1 1 1 1 0 1 0 1 1 0 1 1 1
57 30 26185 0 1 1 1 1 0 1 1 1 1 1 0 1 0 0 0 1 1 0 1 1 1 1 1 0 1 1 0 1 1
58 30 26090 1 1 1 1 1 1 1 1 0 1 1 0 0 1 1 1 1 0 1 1 1 1 0 0 0 0 0 1 1 1
59 30 26392 1 1 1 1 1 1 1 0 0 1 1 0 1 1 1 0 1 1 0 1 1 1 1 0 1 0 0 0 1 1
60 30 24983 0 0 0 0 1 1 1 1 1 1 1 0 1 1 1 1 0 1 1 1 1 1 1 0 1 1 1 1 1 0
61 30 24504 1 1 1 1 1 1 1 1 1 0 1 1 1 0 1 0 0 1 1 0 1 0 1 1 0 1 0 0 0 1
62 30 27816 1 1 1 0 1 1 1 0 1 1 1 0 0 1 1 1 1 1 1 0 0 1 1 1 1 1 0 0 1 1
63 30 25312 1 1 0 0 0 1 1 1 0 1 1 1 1 0 0 0 1 1 1 1 1 1 1 1 1 1 1 1 0 0
64 30 25820 0 0 1 1 1 1 1 1 1 1 0 1 1 1 0 0 1 1 1 0 0 1 1 1 0 1 0 1 1 1
65 30 24432 0 0 1 1 1 1 1 1 0 1 1 1 1 1 1 0 1 0 1 1 0 1 0 1 1 1 1 0 1 1
66 30 22893 1 1 1 1 1 1 0 1 1 1 1 0 1 0 0 0 0 1 1 1 1 1 0 1 1 1 1 1 0 0
67 30 27828 0 1 0 0 1 1 0 0 1 1 1 0 1 1 1 1 0 1 1 1 0 1 1 1 1 1 1 1 1 1
68 30 29797 1 0 1 1 1 0 1 0 1 1 1 1 0 1 1 1 0 1 1 0 1 0 1 1 0 0 1 1 1 1
69 30 25406 1 0 0 1 1 1 1 1 1 1 0 0 1 0 1 1 1 0 1 1 1 1 1 1 0 0 1 0 1 1
70 30 28128 1 1 0 1 1 1 1 1 0 0 1 1 0 1 1 1 1 0 1 0 1 0 1 1 1 0 1 1 1 0
71 30 26508 1 0 0 1 1 1 1 0 0 1 1 1 0 1 0 1 0 0 1 1 0 1 1 1 1 1 1 1 1 1
72 30 27481 0 1 0 1 0 1 1 0 1 1 1 0 1 1 1 1 1 0 1 1 1 1 0 1 1 0 1 1 1 1
73 30 24955 0 0 1 1 0 1 1 1 1 1 1 0 0 0 0 1 1 0 1 0 1 1 1 1 1 1 1 1 1 1
74 30 24558 1 1 1 0 0 0 1 1 0 1 1 1 1 1 0 1 0 1 1 1 1 1 1 1 0 1 0 1 1 1
75 30 22623 1 0 1 1 1 0 1 1 1 1 1 0 0 1 0 1 0 1 0 1 0 1 1 1 1 1 0 1 1 1
76 30 26945 1 1 1 1 0 0 1 1 1 1 0 0 1 0 1 1 1 1 0 1 1 1 0 1 1 0 1 1 1 0
77 30 27081 1 1 1 1 1 1 1 1 0 1 0 0 0 1 1 1 1 1 1 1 0 1 0 1 0 1 0 0 1 1
78 30 26444 1 1 1 1 1 1 1 0 1 0 0 1 1 1 0 1 1 1 0 0 1 1 1 1 1 0 1 0 1 1
79 30 28012 1 1 0 1 1 1 1 0 1 0 1 1 1 1 0 1 1 0 1 1 1 0 1 1 0 0 1 1 1 1
80 30 24796 1 1 1 1 1 0 0 1 1 1 0 1 1 0 1 1 0 0 1 1 1 1 0 1 1 1 0 1 1 1
81 30 27123 0 0 0 1 1 1 0 1 1 1 1 1 1 1 1 1 1 0 1 0 1 1 1 1 0 0 1 0 1 1
82 30 25517 1 1 0 0 1 1 1 0 1 1 1 1 0 1 0 1 1 1 1 1 1 0 1 1 1 1 1 1 1 0
83 30 28516 1 1 1 1 0 1 0 1 0 1 1 1 1 1 1 1 1 0 0 1 1 1 0 1 1 0 1 1 0 1
84 30 24539 0 1 1 1 1 1 1 0 1 1 1 0 1 1 1 0 1 1 0 1 0 1 1 0 0 0 1 1 1 1
85 30 26449 1 1 1 1 1 1 0 0 0 1 1 0 1 0 1 1 1 1 1 1 1 0 0 0 1 1 0 1 0 1
86 30 23405 1 1 1 0 1 0 1 1 1 0 0 0 0 1 0 1 1 1 1 1 1 1 1 1 1 1 1 1 1 0
87 30 24375 1 0 1 1 1 1 1 1 0 0 1 1 1 1 1 0 1 1 1 0 1 0 1 0 1 0 1 0 1 1
88 30 25502 1 0 1 1 1 0 1 1 1 0 0 1 0 1 1 1 0 1 1 1 1 1 0 1 1 1 0 0 1 1
89 30 29893 1 0 0 1 0 1 1 1 1 1 0 0 0 1 1 1 1 1 1 1 1 1 1 0 0 1 1 0 1 1
90 30 28240 1 0 0 1 1 1 1 1 1 1 0 1 0 1 1 1 1 1 0 1 1 0 1 0 1 0 1 1 0 1
91 30 24421 1 0 1 1 0 1 1 1 0 1 0 0 1 0 1 0 1 1 1 1 1 1 1 1 1 1 1 1 1 0
92 30 27632 1 1 1 0 0 1 0 1 1 1 1 1 1 0 1 1 1 1 1 1 0 1 1 1 1 0 1 1 0 1
93 30 25240 1 0 1 1 1 1 1 0 0 1 1 0 1 0 1 1 1 1 1 1 0 1 1 1 0 1 0 0 1 1
94 30 25030 1 0 0 1 1 1 1 1 0 0 1 0 1 1 1 1 0 1 1 1 1 1 1 1 0 0 0 1 1 1
95 30 28103 1 0 1 1 1 0 0 1 0 1 1 0 0 1 1 1 1 0 1 0 1 1 1 1 1 0 1 1 1 1
96 30 29015 1 0 1 1 1 1 1 1 1 0 1 1 1 1 1 1 0 1 1 0 1 0 0 0 1 0 1 1 0 1
97 30 23835 1 1 1 1 1 1 0 1 1 0 1 1 1 0 1 1 0 1 1 0 1 1 0 0 1 0 1 1 1 1
98 30 25745 1 1 0 1 1 1 0 1 1 0 1 1 1 1 1 0 1 1 0 1 0 0 0 1 1 1 1 1 0 1
99 30 28096 1 0 0 0 1 0 0 0 1 1 1 1 1 0 1 1 1 1 1 1 1 1 1 1 1 0 1 1 1 1
100 30 26188 1 1 0 1 1 1 1 1 1 1 0 1 1 0 1 1 1 0 0 1 1 1 0 1 1 0 0 1 1 0
