1 15 6165 1 0 1 0 1 1 1 1 1 1 1 1 0 0 1
2 15 7055 1 1 1 1 0 0 1 1 1 0 1 1 1 1 0
3 15 7591 1 0 1 0 1 1 1 0 0 1 1 1 1 1 1
4 15 7937 0 1 1 1 1 1 1 1 1 0 1 0 1 1 1
5 15 6185 1 1 1 1 0 1 0 1 1 1 0 1 1 1 1
6 15 7248 0 1 1 1 1 1 0 1 1 1 1 0 0 0 1
7 15 6082 1 1 1 1 0 1 1 0 1 1 1 1 1 0 1
8 15 7223 0 0 0 1 1 1 1 1 1 1 1 0 0 1 1
9 15 4578 0 0 1 1 1 1 1 1 0 0 1 1 0 1 1
10 15 4419 0 1 1 1 1 1 1 1 1 1 0 1 0 1 1
11 15 5896 1 0 1 1 1 1 1 0 1 0 1 1 1 1 1
12 15 7064 1 1 1 1 0 1 1 0 1 0 1 1 1 1 1
13 15 8033 0 0 1 0 1 1 1 1 1 1 1 1 1 1 1
14 15 7091 0 1 0 1 1 0 0 1 1 1 1 1 1 1 1
15 15 6065 0 0 1 1 1 1 0 1 1 1 1 1 1 0 1
16 15 5252 1 1 0 0 1 0 1 1 1 1 1 1 0 1 1
17 15 5585 0 1 1 0 1 0 1 1 0 1 1 1 1 1 1
18 15 6263 1 0 0 1 1 1 1 1 1 0 1 1 1 1 0
19 15 6296 1 1 0 1 1 1 1 0 1 1 0 1 0 1 1
20 15 6592 1 0 1 1 1 1 1 1 1 0 1 1 1 1 0
21 15 6437 1 0 1 1 1 1 1 0 1 0 1 1 0 1 1
22 15 7709 1 1 1 0 1 1 1 1 1 0 0 1 0 1 1
23 15 5251 1 1 0 1 1 0 1 1 1 0 0 1 1 1 1
24 15 7618 0 1 0 0 1 1 1 1 1 1 1 1 1 0 1
25 15 6247 0 1 0 0 1 1 1 1 1 1 1 1 1 1 1
26 15 6243 1 1 1 1 0 1 1 0 0 1 1 1 1 1 0
27 15 7565 1 1 1 1 1 1 1 1 1 1 1 0 0 1 0
28 15 6601 1 0 1 1 1 1 0 1 1 1 0 1 0 1 1
29 15 7046 1 0 1 1 1 1 1 0 1 0 1 1 1 0 1
30 15 5153 1 0 1 1 1 1 1 1 1 0 1 1 0 0 1
31 15 5807 1 1 1 0 1 1 0 1 1 1 1 1 1 1 0
32 15 8016 1 1 1 1 0 1 0 1 1 1 1 1 0 1 1
33 15 5769 1 0 0 0 1 1 1 1 1 1 1 1 0 0 1
34 15 5666 1 0 0 0 1 1 1 1 1 1 1 1 1 1 1
35 15 5479 1 1 0 1 0 0 1 1 1 1 1 1 0 1 1
36 15 6526 1 1 1 1 1 0 0 1 1 0 1 0 1 1 1
37 15 7481 0 1 0 1 1 1 1 1 1 1 0 1 1 1 1
38 15 5379 1 1 1 0 1 1 0 1 1 1 0 1 1 1 1
39 15 6743 1 0 1 1 0 1 1 1 0 1 1 1 1 1 1
40 15 6159 1 1 1 1 1 1 0 1 1 1 1 0 1 0 1
41 15 6120 1 0 1 1 1 1 0 0 1 1 1 0 1 1 1
42 15 7137 1 1 1 1 0 1 0 0 1 1 1 1 1 0 1
43 15 6409 1 0 1 1 1 1 0 1 1 1 1 1 0 0 1
44 15 7729 1 1 1 1 1 1 1 1 1 0 1 1 1 0 0
45 15 5482 0 1 1 1 1 1 1 1 0 1 1 1 1 1 0
46 15 6471 1 1 1 1 0 1 1 1 0 1 0 1 1 1 1
47 15 4641 0 1 1 1 1 1 1 1 1 1 1 0 1 1 0
48 15 6510 0 1 1 1 0 0 1 1 1 1 1 1 1 1 0
49 15 7115 0 1 1 1 1 0 1 1 0 1 1 1 0 1 1
50 15 6510 1 1 0 1 1 0 0 0 1 1 1 1 1 1 1
51 15 6265 1 1 0 1 0 1 1 0 1 1 0 1 1 1 0
52 15 7966 1 1 1 1 1 1 0 1 0 0 1 1 1 1 0
53 15 6162 1 1 1 1 0 1 1 0 1 0 1 1 1 1 1
54 15 6125 1 1 1 0 0 1 1 0 1 1 0 1 1 1 1
55 15 4363 1 1 0 0 1 1 1 0 1 1 1 0 1 1 0
56 15 8057 1 1 1 0 0 1 1 1 1 1 1 1 0 1 1
57 15 5949 0 0 1 1 1 1 1 1 0 1 0 1 1 1 1
58 15 5625 0 0 1 1 0 1 1 0 1 1 0 1 1 1 1
59 15 6218 1 1 1 1 1 1 1 0 1 0 1 0 1 1 0
60 15 6276 1 0 1 1 1 1 1 1 0 0 1 0 1 1 1
61 15 6931 1 1 0 1 1 1 1 1 0 0 1 1 1 0 1
62 15 7020 1 0 0 1 1 1 0 0 1 1 1 0 1 0 1
63 15 5882 1 1 1 1 0 0 1 1 1 0 1 0 1 1 1
64 15 7055 1 1 1 1 1 1 0 1 1 1 1 1 1 1 0
65 15 7260 1 1 1 1 1 0 1 1 1 0 1 1 1 0 1
66 15 5769 1 0 1 1 1 1 0 1 0 0 1 1 1 1 1
67 15 5860 1 1 0 1 1 0 1 1 1 1 0 1 1 1 0
68 15 6017 1 1 1 1 1 1 1 1 0 1 0 1 1 1 1
69 15 6743 1 1 1 1 1 1 0 1 1 1 1 0 1 1 0
70 15 5822 1 0 0 1 1 1 1 1 1 1 1 1 1 1 0
71 15 5334 1 1 1 1 0 1 1 1 1 1 1 0 1 1 0
72 15 6860 0 0 1 1 0 1 1 1 1 1 1 1 1 1 1
73 15 6787 0 0 1 1 1 0 1 1 1 1 1 1 1 1 1
74 15 5663 1 1 0 1 1 1 0 1 1 1 1 1 1 0 1
75 15 5233 1 1 1 1 1 1 1 1 0 1 1 0 0 0 1
76 15 7537 1 1 0 1 0 1 1 0 1 1 1 1 1 1 1
77 15 7163 1 1 0 1 1 1 1 0 0 1 1 1 0 1 1
78 15 7114 1 1 1 1 1 0 1 1 0 0 1 1 0 1 1
79 15 5597 0 1 0 1 1 1 1 0 1 1 0 1 1 0 1
80 15 5749 1 1 1 0 1 1 0 1 1 0 0 1 1 1 1
81 15 5899 1 1 1 1 1 1 0 1 1 1 1 1 1 0 0
82 15 6221 1 1 0 0 1 0 1 1 1 0 1 1 1 1 1
83 15 7033 1 1 1 1 1 1 0 1 0 1 0 1 1 1 1
84 15 6163 1 1 0 0 1 0 1 1 1 1 1 1 1 0 1
85 15 7257 1 0 1 1 1 1 0 1 0 1 1 1 0 1 1
86 15 5125 1 1 0 1 1 0 1 1 1 0 1 1 1 1 0
87 15 5154 1 1 0 1 0 1 1 0 1 1 1 1 0 1 1
88 15 6184 1 1 0 1 0 1 1 1 0 1 1 1 1 1 0
89 15 5710 1 0 1 1 1 0 0 1 1 1 1 0 1 0 1
90 15 5835 0 1 0 1 0 1 1 1 1 1 0 1 1 0 1
91 15 6004 1 1 1 1 1 1 1 0 0 1 1 0 0 1 1
92 15 7324 1 0 1 1 0 1 1 1 0 1 0 1 1 1 0
93 15 5495 1 1 1 1 1 1 1 1 0 0 0 0 1 1 1
94 15 6037 0 1 0 1 1 1 1 1 0 0 1 0 1 1 1
95 15 5725 0 1 0 1 1 1 0 1 1 1 0 1 1 1 1
96 15 6208 0 0 1 1 0 1 1 0 1 1 1 1 1 1 1
97 15 6740 1 1 0 0 1 1 1 0 1 0 1 1 1 1 1
98 15 6069 1 1 0 0 1 1 1 1 1 1 1 1 1 1 0
99 15 6614 1 1 1 1 1 1 1 0 1 0 0 1 1 1 1
100 15 5265 1 0 1 0 0 1 1 1 1 1 1 0 1 1 1
