1 15 3749 1 0 1 0 1 1 1 0 0 0 1 1 1 1 1
2 15 3049 1 1 1 1 0 1 1 0 1 1 1 0 1 1 1
3 15 3268 1 1 0 0 1 1 1 1 1 0 1 1 1 1 0
4 15 3523 1 0 1 1 1 1 0 1 1 1 1 1 1 1 1
5 15 2694 1 1 0 1 1 1 1 1 1 1 1 1 1 0 1
6 15 3070 0 1 1 1 0 1 1 1 1 0 1 1 1 0 1
7 15 3486 1 1 1 1 0 0 1 1 1 1 1 1 0 1 1
8 15 3084 1 0 1 0 0 1 0 1 1 1 1 1 1 1 1
9 15 2302 1 1 1 1 1 1 1 1 1 0 1 1 1 0 1
10 15 4286 1 1 1 1 1 1 0 1 1 1 0 0 1 1 1
11 15 3431 1 1 1 0 0 1 1 0 1 1 1 1 1 1 1
12 15 4333 1 1 0 1 1 1 0 1 1 0 1 0 1 1 1
13 15 3356 1 0 1 1 1 0 1 1 1 0 0 1 1 1 1
14 15 3453 1 0 0 1 0 0 1 1 1 0 1 1 1 1 1
15 15 2234 0 1 1 1 1 1 1 0 1 1 0 1 0 1 1
16 15 3086 1 1 1 0 1 1 1 1 1 0 1 0 0 1 1
17 15 2734 1 1 1 1 1 1 1 1 1 1 1 0 1 0 0
18 15 3758 1 1 1 1 0 1 0 1 1 1 1 1 0 1 1
19 15 3614 1 0 1 1 1 0 1 1 0 1 1 1 1 1 0
20 15 2770 1 1 1 1 1 1 0 1 1 0 1 0 1 1 0
21 15 2459 1 1 1 0 0 1 1 1 0 1 1 1 1 1 1
22 15 2781 1 0 1 0 1 0 1 1 1 1 1 1 1 1 1
23 15 2974 1 1 1 1 1 1 1 1 1 0 1 1 1 0 0
24 15 4532 1 1 1 0 1 1 1 0 1 1 0 1 1 0 1
25 15 3237 0 1 1 0 1 1 1 1 1 1 1 0 1 1 1
26 15 2232 1 0 0 1 1 1 1 0 1 1 0 1 1 0 1
27 15 2669 1 1 1 1 1 1 1 1 1 1 0 0 1 1 1
28 15 2212 1 1 0 1 1 1 1 1 1 1 1 1 0 1 1
29 15 4025 1 0 1 1 1 0 1 1 0 1 1 1 1 0 1
30 15 2944 1 1 0 1 1 1 0 1 1 1 1 1 0 1 0
31 15 4571 1 1 1 1 1 0 1 1 1 1 1 1 1 0 1
32 15 2176 1 1 1 1 0 1 0 0 1 1 1 1 1 1 1
33 15 2564 1 1 1 1 1 0 1 0 1 1 1 0 1 1 1
34 15 3082 1 1 1 1 0 1 1 1 0 0 1 0 1 1 1
35 15 2605 1 1 0 1 1 1 1 1 0 1 1 1 1 1 1
36 15 2515 0 0 1 1 1 1 1 1 1 1 1 1 0 1 0
37 15 2130 0 1 1 1 0 1 1 1 0 1 1 1 1 0 1
38 15 4020 1 1 0 1 1 1 0 1 1 0 1 1 1 1 1
39 15 2208 1 1 1 1 0 0 1 1 1 1 1 1 1 0 0
40 15 2647 1 1 0 1 1 1 0 0 0 1 0 1 1 1 1
41 15 2820 0 1 0 1 1 1 1 1 0 1 1 0 0 1 1
42 15 3236 0 0 1 1 1 0 1 1 1 1 1 1 1 1 1
43 15 2943 1 1 1 1 0 0 1 1 1 1 1 1 1 1 1
44 15 3524 1 1 1 0 1 1 1 1 0 0 1 1 1 1 1
45 15 3358 0 0 1 1 1 1 1 0 1 1 1 0 0 1 1
46 15 3276 0 1 1 1 0 1 1 1 0 1 1 1 1 0 1
47 15 2562 0 1 1 1 1 1 1 0 1 1 1 1 1 0 1
48 15 2420 1 1 1 1 1 1 0 0 1 1 1 1 1 1 1
49 15 3439 1 1 1 1 0 1 1 1 1 1 0 1 1 1 1
50 15 2574 0 1 1 0 1 1 1 1 1 1 1 1 0 0 1
51 15 2858 1 1 1 1 1 1 1 1 1 0 1 1 0 1 0
52 15 3348 0 1 1 1 0 1 1 0 1 1 1 1 1 1 1
53 15 2681 0 1 0 1 1 1 1 1 1 1 1 1 1 1 1
54 15 2850 1 1 1 1 0 1 1 1 0 0 1 1 1 1 1
55 15 2814 1 1 1 1 1 0 1 1 1 1 1 1 1 1 0
56 15 3585 1 1 1 1 1 1 0 0 1 1 1 1 0 1 1
57 15 2663 0 1 0 1 1 0 1 1 1 0 0 1 1 1 1
58 15 2042 0 1 1 0 1 1 0 1 1 1 0 1 1 1 1
59 15 3934 1 0 0 1 0 1 1 1 1 1 1 1 1 0 1
60 15 2989 1 0 1 1 1 1 0 1 0 1 1 0 1 1 1
61 15 3230 1 1 0 1 1 1 1 1 1 1 1 1 1 1 1
62 15 3890 1 0 1 1 1 1 1 1 1 1 1 0 1 1 1
63 15 4518 0 0 1 0 1 1 1 1 1 1 0 1 1 0 0
64 15 3046 1 1 1 1 1 1 1 1 1 0 0 1 1 1 1
65 15 2683 1 1 1 1 1 1 1 0 1 1 1 0 1 1 1
66 15 2947 1 1 1 1 0 1 0 1 1 1 1 1 1 0 1
67 15 2312 1 0 1 1 1 1 1 1 1 1 0 0 1 0 1
68 15 2475 1 1 1 1 1 1 0 1 1 1 1 1 1 1 1
69 15 3423 0 0 0 1 0 1 1 1 1 1 1 1 1 1 1
70 15 3747 1 1 1 1 1 0 1 0 1 1 1 0 1 1 1
71 15 2922 1 0 1 1 0 1 1 1 1 1 1 1 1 1 0
72 15 2803 1 1 1 1 1 1 0 1 0 1 1 1 1 1 1
73 15 3221 0 0 1 1 0 1 1 1 1 0 1 0 1 1 1
74 15 3169 1 1 1 0 1 0 1 1 1 1 0 0 1 1 1
75 15 3015 1 1 1 0 1 1 1 1 1 1 1 0 1 1 0
76 15 3152 1 1 1 0 1 0 1 1 1 1 1 0 1 1 1
77 15 3482 1 0 1 1 1 0 1 1 0 1 1 1 0 0 1
78 15 3687 1 1 0 1 1 1 1 1 1 0 1 0 1 1 1
79 15 2868 1 1 1 1 1 1 0 1 1 1 0 0 1 1 0
80 15 3616 1 1 1 1 1 1 1 1 1 0 0 0 1 1 0
81 15 3156 1 1 1 1 0 0 1 1 0 1 1 1 1 1 1
82 15 3586 1 1 1 1 1 0 1 1 1 1 1 1 1 0 1
83 15 2591 0 1 0 1 1 1 0 1 1 1 1 0 1 1 1
84 15 3607 1 1 1 1 1 0 1 1 1 1 1 1 1 1 0
85 15 2976 1 1 1 0 1 1 0 1 1 1 1 1 0 0 1
86 15 3225 1 1 1 1 0 1 0 1 1 1 1 1 1 0 1
87 15 3515 1 0 1 1 0 1 1 1 1 1 0 0 1 1 1
88 15 3031 0 0 1 1 1 1 1 0 1 1 1 1 1 1 1
89 15 3292 1 1 1 0 1 1 1 0 0 0 1 0 1 1 1
90 15 3934 1 1 1 1 1 0 1 1 1 0 1 1 1 0 1
91 15 2997 1 1 1 1 1 1 0 1 1 1 1 1 1 1 0
92 15 3874 1 0 1 1 1 1 1 1 1 0 0 1 1 1 1
93 15 3098 0 0 1 1 1 1 1 1 1 0 1 1 1 1 1
94 15 2727 1 1 1 0 1 1 1 1 0 0 1 1 1 1 1
95 15 2796 1 1 1 1 1 1 1 1 0 1 1 1 1 0 1
96 15 2962 1 1 0 1 1 0 1 0 1 1 1 1 1 1 1
97 15 2869 0 1 1 1 1 0 1 1 1 1 1 1 1 1 1
98 15 3509 1 1 0 1 1 1 0 1 0 1 0 1 0 1 1
99 15 3355 0 1 1 1 0 1 1 1 1 1 0 0 1 1 1
100 15 3334 0 1 0 1 0 1 1 1 1 1 1 0 1 1 1
