1 15 9809 1 0 1 1 1 1 1 0 1 1 0 0 1 1 1
2 15 10233 1 1 1 1 1 1 0 1 0 0 1 1 1 0 1
3 15 10835 1 0 1 1 1 1 1 1 1 1 1 1 0 1 0
4 15 10999 1 0 1 1 1 1 1 1 1 1 0 1 1 0 1
5 15 11059 0 1 1 1 1 1 1 1 0 1 1 0 1 1 1
6 15 10427 0 1 0 1 1 1 1 1 1 0 1 0 1 1 1
7 15 10638 1 1 1 1 0 1 0 1 1 1 1 1 1 1 0
8 15 10277 1 0 0 1 1 1 1 1 0 1 1 1 1 0 1
9 15 10466 0 1 1 1 1 0 1 0 1 0 1 1 1 1 1
10 15 10258 1 1 1 1 1 0 1 0 1 0 1 0 1 1 1
11 15 10517 1 1 1 1 1 1 0 1 1 1 0 1 0 1 1
12 15 10807 1 0 1 1 1 1 1 1 0 1 1 1 1 1 0
13 15 10765 1 1 0 1 1 1 1 1 1 1 1 1 1 0 0
14 15 10597 1 0 0 1 1 1 1 0 1 1 1 1 1 1 1
15 15 10063 0 1 1 1 1 1 1 1 1 0 1 0 0 1 1
16 15 10788 1 1 0 0 1 0 1 1 1 1 1 1 1 1 1
17 15 10931 1 1 0 1 1 1 1 1 1 1 1 0 1 1 0
18 15 10782 1 0 1 0 1 1 1 1 1 0 1 1 1 1 1
19 15 10801 1 1 1 1 1 1 1 0 0 0 1 1 1 1 1
20 15 10769 0 0 1 1 1 1 1 1 1 0 1 1 1 1 1
21 15 10833 0 1 1 1 1 1 1 1 1 1 1 1 1 0 0
22 15 10669 1 0 0 1 1 1 1 1 1 0 1 1 1 1 1
23 15 10343 1 1 0 0 0 1 0 1 1 1 1 1 1 1 1
24 15 10876 1 1 1 1 1 0 0 1 0 1 1 1 1 1 1
25 15 9882 0 1 1 1 1 1 1 0 0 1 1 0 1 1 1
26 15 10554 1 0 1 0 0 1 1 1 1 1 1 1 0 1 1
27 15 10885 1 0 0 1 1 1 1 1 1 1 0 1 1 1 1
28 15 10104 1 1 0 0 1 0 1 1 1 1 1 0 1 1 1
29 15 10903 1 0 1 0 1 1 1 1 1 1 1 0 1 1 1
30 15 9952 1 1 1 1 1 1 1 1 0 1 1 1 0 0 0
31 15 10740 1 0 1 1 1 1 1 1 0 1 1 1 1 0 1
32 15 10244 1 1 1 0 0 1 0 0 1 1 1 1 1 1 1
33 15 9524 1 1 1 0 0 1 1 1 0 1 1 1 1 0 1
34 15 10260 1 1 1 1 1 1 1 1 1 1 0 0 0 0 1
35 15 10217 1 0 1 0 1 1 1 1 1 1 1 0 1 1 1
36 15 10137 1 1 1 1 1 1 1 1 1 1 0 1 0 1 0
37 15 9676 0 1 1 1 1 0 0 1 1 1 1 1 0 1 1
38 15 10205 1 1 1 0 1 1 1 1 1 1 1 0 1 0 0
39 15 10494 1 1 1 0 1 1 1 1 1 0 1 1 1 0 1
40 15 11271 1 1 1 0 1 1 1 1 1 0 1 1 1 0 1
41 15 10810 0 1 0 1 1 1 1 1 1 0 1 1 1 1 1
42 15 10778 1 1 1 1 1 0 1 1 1 1 0 0 1 1 1
43 15 10496 0 1 0 1 1 1 1 0 1 1 1 0 1 1 1
44 15 9717 1 1 0 1 1 0 1 1 1 0 1 1 0 1 1
45 15 10923 1 1 1 1 1 0 0 1 1 1 1 1 1 1 0
46 15 10497 1 1 0 0 1 1 1 1 0 1 1 1 1 0 1
47 15 10017 1 1 1 0 1 1 1 1 1 1 0 0 1 1 0
48 15 10334 0 1 1 1 1 0 0 0 1 1 1 1 1 1 1
49 15 10424 1 1 1 1 0 1 0 1 1 1 1 1 0 1 1
50 15 10079 1 1 1 1 0 1 1 0 0 1 1 1 1 1 0
51 15 10501 1 1 1 0 1 1 1 1 1 0 1 0 1 0 1
52 15 10211 1 1 1 0 1 1 1 1 1 0 0 1 0 1 1
53 15 10435 1 0 0 1 0 1 1 1 1 1 1 1 0 1 1
54 15 10537 1 1 1 0 1 1 0 1 1 0 1 0 1 1 1
55 15 10969 1 0 0 1 0 1 1 1 1 1 1 1 1 1 1
56 15 10736 1 1 1 1 1 1 1 0 0 1 1 1 0 1 1
57 15 10857 1 1 1 1 0 0 1 1 1 1 0 1 1 1 1
58 15 10731 1 0 1 1 1 1 1 0 1 1 0 1 1 1 1
59 15 10471 1 1 1 1 1 1 0 0 0 0 1 1 1 1 1
60 15 10041 1 1 1 0 0 1 1 1 1 0 0 1 1 1 1
61 15 11034 1 1 1 1 0 1 0 1 1 1 0 1 1 1 1
62 15 9824 1 1 1 0 0 1 1 1 1 0 1 0 1 1 1
63 15 10395 0 1 1 0 1 1 0 1 1 1 1 1 1 1 0
64 15 10724 1 0 1 1 1 1 0 1 1 1 1 1 1 1 0
65 15 10701 1 1 0 1 0 1 1 1 1 1 0 1 1 1 1
66 15 10927 1 1 0 1 1 1 1 1 1 1 0 1 0 1 1
67 15 10232 1 1 1 1 0 1 1 0 1 1 1 0 0 1 1
68 15 11011 0 1 1 1 1 1 0 1 1 1 0 1 1 1 1
69 15 10283 1 1 1 0 0 1 1 0 1 0 1 1 1 1 1
70 15 10863 1 1 1 1 0 1 0 1 1 1 1 0 1 1 1
71 15 10294 1 0 1 1 1 1 1 0 0 1 1 1 1 1 1
72 15 10452 1 1 1 1 0 0 1 1 1 1 1 0 0 1 1
73 15 10742 0 0 1 1 1 1 1 1 0 1 1 1 1 1 1
74 15 10942 0 1 1 1 1 1 1 1 1 1 1 1 1 0 0
75 15 10198 1 1 1 1 1 1 1 1 0 1 1 1 1 0 0
76 15 11190 0 1 1 1 0 1 1 1 1 1 1 1 1 0 1
77 15 10280 1 0 1 1 0 1 1 0 1 1 1 1 1 1 1
78 15 10960 0 1 1 1 1 1 1 0 1 1 1 1 1 0 1
79 15 10599 0 1 1 1 1 1 1 1 1 1 0 0 1 1 1
80 15 11172 1 1 1 1 1 0 1 1 0 1 1 1 1 0 1
81 15 10946 1 1 1 0 1 1 1 0 1 0 1 1 1 1 1
82 15 10485 0 1 1 1 1 1 1 0 0 1 1 1 1 0 1
83 15 10259 1 1 1 0 1 1 0 1 0 1 1 1 1 0 1
84 15 11010 1 0 1 0 1 1 1 1 1 1 1 1 1 1 0
85 15 10756 0 1 1 1 1 1 1 1 0 1 1 0 1 1 1
86 15 11242 1 1 1 1 0 0 1 1 1 1 1 1 1 0 1
87 15 10131 1 0 0 1 1 1 1 1 1 1 1 0 1 1 0
88 15 10841 0 1 1 1 1 1 1 0 0 1 1 1 1 1 1
89 15 10091 1 1 1 1 1 1 1 1 1 1 0 0 0 1 1
90 15 10155 1 1 1 1 0 1 1 0 1 1 1 0 0 1 1
91 15 10155 0 0 1 1 0 0 1 1 1 1 1 1 1 1 1
92 15 9651 1 1 0 1 1 1 1 1 1 1 0 1 1 0 0
93 15 10038 1 1 1 1 1 1 1 0 1 1 1 0 0 0 1
94 15 11173 1 0 1 1 1 1 0 1 1 1 1 1 0 1 1
95 15 9894 0 1 1 1 1 0 1 0 1 1 1 1 1 1 0
96 15 10465 0 1 0 0 0 1 1 1 1 1 1 1 1 1 1
97 15 10847 1 1 1 1 1 1 0 0 1 1 1 1 1 0 1
98 15 11046 1 1 1 1 1 0 0 1 1 1 1 1 0 1 1
99 15 10123 0 1 1 0 1 1 1 0 1 1 0 1 1 1 1
100 15 10168 1 1 1 1 1 1 1 1 1 0 1 1 0 1 0
