1 15 6845 1 1 1 1 1 0 1 1 1 0 1 1 1 1 0
2 15 8654 1 1 1 0 0 1 1 1 1 1 0 1 1 1 0
3 15 7488 0 1 1 0 0 1 1 1 1 1 1 1 1 1 1
4 15 7709 1 0 1 1 1 0 1 1 1 1 1 0 1 1 1
5 15 8003 1 1 1 0 1 1 1 0 1 0 1 1 1 1 0
6 15 8097 0 1 1 1 1 0 1 0 1 1 1 1 0 1 1
7 15 7655 1 1 1 1 1 0 1 0 1 0 1 1 0 1 1
8 15 8679 1 0 1 1 1 0 0 1 1 1 1 1 0 1 1
9 15 8517 0 1 1 0 1 1 1 0 1 1 1 1 1 0 1
10 15 7696 0 1 1 1 0 1 1 1 0 1 1 1 1 0 1
11 15 7940 0 1 1 1 1 0 1 1 1 1 1 0 1 1 1
12 15 7684 1 0 1 1 0 1 1 1 1 0 1 1 1 1 0
13 15 7807 1 0 1 1 1 1 0 1 1 1 1 1 0 1 1
14 15 9141 1 1 0 0 0 1 1 1 1 1 1 1 1 1 1
15 15 8024 1 0 1 1 0 1 1 1 1 0 1 1 0 1 1
16 15 7728 1 1 0 1 0 1 1 1 1 0 1 0 1 1 1
17 15 7245 1 1 1 1 1 1 0 1 1 0 1 1 1 1 0
18 15 7927 1 1 1 1 1 0 1 1 0 1 0 1 1 1 1
19 15 7910 1 0 1 0 0 1 1 1 1 1 0 1 0 1 1
20 15 7893 1 1 1 1 1 1 1 1 1 0 1 0 0 1 0
21 15 7330 1 1 0 1 1 1 1 1 1 0 1 1 1 0 0
22 15 9392 1 1 1 0 1 0 1 1 0 1 0 1 1 1 1
23 15 6759 0 1 0 1 1 0 1 1 1 1 1 0 1 1 1
24 15 6907 1 1 1 0 1 1 1 0 1 1 1 1 1 0 1
25 15 8398 0 1 1 1 0 1 1 1 0 1 1 1 1 1 0
26 15 7899 0 1 1 1 1 1 1 1 1 1 0 1 0 1 0
27 15 7210 1 0 0 1 1 0 1 1 0 0 1 1 1 1 1
28 15 7520 1 0 1 1 1 1 1 1 1 0 1 1 0 1 0
29 15 6461 1 0 1 1 1 0 1 1 1 1 1 0 1 1 1
30 15 8668 1 1 1 0 1 1 1 1 1 1 0 0 1 1 1
31 15 8731 1 1 0 1 1 1 1 0 1 1 0 1 0 1 1
32 15 7298 1 1 1 1 0 1 1 1 0 1 1 0 1 0 1
33 15 5742 1 0 1 1 1 1 1 1 0 1 0 1 1 1 0
34 15 8072 0 1 1 1 1 1 0 0 1 1 1 1 1 1 0
35 15 8335 0 1 1 1 1 1 0 1 0 1 1 1 1 0 1
36 15 8068 0 1 1 1 0 1 1 1 1 1 1 1 0 1 1
37 15 7797 1 1 1 0 1 1 1 1 0 1 0 1 1 1 1
38 15 6119 1 1 1 0 1 1 1 1 1 1 0 1 0 1 1
39 15 8635 0 1 1 1 1 1 1 1 1 1 0 1 0 1 1
40 15 7382 0 0 1 1 1 1 1 0 1 1 1 1 1 1 1
41 15 7050 1 1 0 1 0 1 1 1 1 0 0 1 1 1 1
42 15 7782 1 1 1 1 0 1 1 1 1 0 1 0 1 1 1
43 15 8428 0 1 1 1 1 0 1 1 0 1 1 1 1 1 1
44 15 7407 1 1 1 1 1 0 1 0 1 1 1 1 1 0 1
45 15 7491 1 1 0 1 1 1 0 1 0 1 1 0 1 1 1
46 15 7143 0 1 0 1 1 1 1 1 1 1 1 0 1 1 1
47 15 7338 1 1 1 1 0 1 1 1 1 1 1 1 0 0 1
48 15 7992 1 1 1 1 1 1 0 1 1 0 1 1 0 0 1
49 15 9424 1 1 1 1 0 0 1 1 1 1 0 1 1 1 1
50 15 9467 1 1 1 1 1 0 1 1 1 1 1 1 0 1 0
51 15 6598 1 1 1 1 1 1 0 1 1 1 1 1 0 0 0
52 15 7649 0 1 1 1 0 1 1 1 1 0 1 1 0 1 1
53 15 9719 1 1 1 1 0 1 1 1 1 1 1 1 1 0 0
54 15 7925 1 1 1 1 0 1 1 1 1 0 0 1 1 1 1
55 15 7570 0 1 1 1 1 1 1 0 1 1 1 0 0 1 1
56 15 8069 1 0 1 1 1 1 0 0 1 1 1 1 1 1 1
57 15 7382 1 0 1 1 0 1 1 0 1 1 1 1 0 1 1
58 15 6701 1 1 1 1 0 1 1 1 1 1 0 1 0 1 1
59 15 6197 1 1 1 0 1 0 1 1 1 1 1 1 0 1 0
60 15 8408 1 1 0 0 1 1 1 1 1 0 1 1 1 1 1
61 15 6600 1 1 1 1 0 1 0 1 1 1 1 1 0 0 1
62 15 7126 1 1 1 1 1 1 1 1 0 0 0 0 1 1 1
63 15 8147 1 1 1 0 1 1 1 1 1 0 1 0 1 1 1
64 15 7545 1 1 1 1 1 1 0 0 1 1 1 1 0 0 1
65 15 7557 1 1 1 0 0 0 1 1 1 1 0 0 1 1 1
66 15 6919 0 1 1 1 1 0 1 1 0 1 1 1 1 1 1
67 15 7540 1 1 0 1 0 1 1 1 1 0 1 1 1 1 1
68 15 7735 0 1 1 1 1 1 1 1 0 0 0 1 1 1 1
69 15 8093 1 1 0 1 0 1 1 1 0 0 1 1 1 1 1
70 15 7496 1 0 1 1 1 0 1 1 0 1 1 0 1 1 1
71 15 8572 1 1 1 1 1 1 1 0 1 1 0 1 0 1 1
72 15 7184 0 1 1 1 0 1 1 1 0 1 1 0 1 0 1
73 15 8033 0 0 1 1 1 1 1 1 1 1 0 1 1 1 1
74 15 7834 0 1 0 1 1 0 1 0 1 1 1 1 1 1 1
75 15 6942 1 1 1 1 1 1 1 0 0 1 0 0 1 1 1
76 15 7201 1 0 1 0 1 1 1 1 1 1 1 1 1 0 0
77 15 8061 1 1 1 1 1 0 0 0 1 1 0 1 1 1 1
78 15 7208 1 1 1 1 1 1 1 1 1 1 0 1 0 1 0
79 15 7059 1 1 1 0 0 1 1 0 1 1 1 1 1 0 1
80 15 8247 0 1 1 1 1 0 1 1 0 0 1 1 1 1 1
81 15 6941 1 1 0 0 1 1 1 0 0 1 1 1 1 1 1
82 15 8356 1 1 0 1 1 1 1 1 1 1 0 0 1 1 1
83 15 7267 1 1 1 1 0 1 1 1 0 1 1 0 1 1 1
84 15 8286 1 1 1 1 0 1 0 1 1 1 1 0 1 1 1
85 15 7950 1 0 1 1 0 1 0 1 1 1 0 1 1 1 1
86 15 8133 1 1 1 1 1 1 1 0 1 1 1 0 1 0 1
87 15 7218 0 1 1 1 1 1 1 0 1 1 0 1 1 1 1
88 15 7234 1 1 1 1 0 1 1 1 1 1 1 0 0 1 1
89 15 7522 1 1 1 0 0 0 1 1 1 1 1 1 1 1 1
90 15 7688 0 1 1 1 1 0 1 1 1 0 1 1 1 0 1
91 15 7827 0 0 1 1 1 1 1 1 0 1 1 1 1 1 1
92 15 8122 1 0 1 1 0 0 1 1 1 1 1 1 1 0 1
93 15 8855 1 1 0 1 1 1 1 1 1 1 1 1 0 0 1
94 15 7630 0 1 1 1 1 0 1 1 1 1 1 1 1 0 1
95 15 7254 1 1 1 1 1 1 0 0 1 1 1 0 0 0 1
96 15 7851 1 1 0 1 1 1 1 1 0 1 0 1 1 1 1
97 15 8424 1 1 1 1 1 1 1 1 1 0 1 1 1 0 0
98 15 8055 0 1 1 0 1 1 1 1 1 1 1 1 1 1 0
99 15 7854 1 1 0 0 1 1 1 0 1 1 1 1 1 1 1
100 15 7873 1 1 1 1 0 1 1 1 0 1 0 1 1 1 1
