1 22 16158 1 1 1 1 0 1 1 0 1 1 1 1 1 1 1 1 1 1 0 1 1 0
2 22 17005 1 0 1 1 1 1 0 1 1 0 1 0 1 1 1 1 1 1 1 0 0 1
3 22 18549 1 1 1 0 1 1 1 1 0 1 1 1 1 1 1 1 0 1 0 1 0 1
4 22 20797 1 1 1 1 1 1 1 0 1 1 1 1 1 1 0 1 0 1 0 0 1 1
5 22 19064 1 0 1 1 0 1 1 1 1 1 1 1 1 1 0 1 1 0 1 1 0 1
6 22 19638 0 1 1 1 0 1 1 0 1 1 1 1 0 1 0 1 1 1 1 1 1 0
7 22 17735 1 0 1 1 1 1 1 1 1 0 1 1 0 1 1 1 0 1 0 1 1 1
8 22 21308 1 0 1 1 0 0 1 1 1 1 0 0 1 1 1 1 1 1 1 1 0 1
9 22 18662 1 1 1 0 1 0 0 0 1 0 1 1 1 1 1 1 1 1 1 1 1 1
10 22 19457 0 0 1 1 1 1 1 0 1 1 1 1 1 0 1 0 1 1 0 1 1 1
11 22 18652 1 1 1 1 1 0 1 1 0 1 0 1 1 0 1 1 1 0 1 1 1 1
12 22 20116 1 0 1 1 1 1 1 1 0 0 0 1 0 1 1 1 0 1 1 1 1 1
13 22 20838 1 1 0 1 0 1 1 1 1 1 0 0 1 0 1 1 1 1 1 1 1 1
14 22 17153 1 1 1 0 1 1 1 1 0 1 0 1 1 0 0 1 1 1 1 1 1 1
15 22 17628 1 1 0 1 1 1 0 1 0 1 1 1 0 1 1 1 1 1 1 1 0 1
16 22 19188 1 1 0 1 1 1 1 1 1 1 1 0 0 1 1 1 1 0 1 1 1 0
17 22 17822 1 0 1 1 0 1 1 1 1 1 1 1 1 0 0 0 1 1 1 1 1 1
18 22 18136 1 1 1 0 0 1 1 1 0 1 1 0 1 1 1 1 1 1 0 1 1 1
19 22 18771 1 1 1 0 1 0 1 0 1 1 1 1 1 1 0 1 1 1 1 1 0 1
20 22 17229 0 1 1 1 1 0 1 1 1 0 1 1 1 1 0 1 1 1 1 1 1 1
21 22 18774 0 1 1 1 1 1 1 1 1 0 0 1 1 1 1 0 1 1 1 1 1 0
22 22 18731 1 1 1 1 1 1 1 0 0 1 1 0 1 1 1 1 1 1 0 0 1 1
23 22 20414 0 1 1 0 1 1 1 0 0 1 1 1 0 1 1 1 1 1 1 1 1 1
24 22 21209 0 1 0 1 1 1 1 0 1 0 1 1 0 1 0 1 1 1 1 1 1 1
25 22 15687 1 0 1 1 1 0 1 1 0 1 1 1 1 1 1 1 0 1 1 1 0 1
26 22 21087 1 1 0 1 1 0 1 1 0 1 1 0 1 0 1 1 1 1 1 1 1 0
27 22 19805 1 1 1 1 1 0 1 0 1 0 1 1 1 1 1 0 0 1 0 1 1 1
28 22 17204 1 0 0 0 1 1 1 1 1 1 1 0 1 0 1 1 1 1 1 1 1 1
29 22 17815 1 1 1 1 1 0 0 1 1 1 1 1 1 1 1 0 1 1 0 1 1 1
30 22 20671 0 1 1 1 1 1 1 1 0 0 0 1 1 1 1 1 1 1 0 1 1 1
31 22 18668 0 1 0 1 1 1 1 0 1 0 0 1 1 0 1 1 1 1 1 1 1 1
32 22 17650 1 1 1 1 1 1 1 0 1 1 0 1 1 0 1 1 1 0 1 1 0 1
33 22 17720 0 0 1 1 1 1 1 1 0 1 1 1 1 1 1 1 1 1 1 1 1 0
34 22 20762 0 1 0 1 1 1 0 0 1 1 1 1 1 1 1 1 1 1 0 0 1 1
35 22 17520 1 1 1 0 1 0 0 1 1 1 1 1 1 1 0 1 1 1 1 1 1 1
36 22 16951 1 1 1 1 1 1 1 0 1 1 1 1 1 0 0 1 1 1 0 0 1 1
37 22 17613 0 0 1 0 1 1 1 1 1 1 1 1 1 1 1 1 1 1 0 0 1 1
38 22 22881 1 0 1 0 1 1 1 1 1 1 1 1 1 1 0 1 1 0 1 0 1 1
39 22 17226 1 0 1 0 1 1 1 1 1 0 1 0 1 1 1 1 1 1 1 1 1 0
40 22 18690 1 0 1 0 1 1 1 1 0 1 1 0 1 1 1 1 1 1 0 1 1 1
41 22 20114 1 0 1 1 1 1 1 0 1 1 1 0 1 1 1 1 0 1 1 0 1 1
42 22 20518 1 1 1 1 1 1 1 0 0 1 1 1 1 0 1 0 1 1 1 1 1 0
43 22 18423 1 1 1 0 0 1 1 1 1 0 1 0 0 1 1 1 1 1 1 1 1 1
44 22 19233 1 0 1 1 1 1 0 1 1 1 1 1 0 1 1 0 1 1 1 0 1 1
45 22 18811 1 1 1 1 1 0 1 1 1 1 1 1 0 1 1 0 1 1 1 0 0 1
46 22 22295 1 1 1 1 1 1 1 0 1 0 1 0 1 1 1 0 0 1 1 1 1 1
47 22 15863 1 1 1 1 0 1 1 0 0 0 1 1 1 0 1 1 1 1 1 1 1 1
48 22 21520 1 1 1 1 1 1 1 0 1 1 0 1 1 0 0 1 1 1 1 1 0 1
49 22 18165 1 1 0 1 0 1 0 1 1 1 1 1 1 1 1 0 0 1 1 1 1 1
50 22 17194 1 1 1 1 1 1 1 1 0 1 1 0 1 1 0 1 1 1 0 1 1 0
51 22 20956 0 1 0 1 1 0 0 1 1 1 1 1 1 1 1 1 1 1 0 0 1 1
52 22 16199 1 1 1 1 1 1 0 1 0 1 0 1 1 0 0 1 1 1 1 1 1 1
53 22 20450 1 1 0 1 1 1 0 1 1 1 1 1 1 1 1 1 0 1 0 0 1 0
54 22 19262 0 1 0 1 1 1 1 1 1 0 1 0 1 1 1 1 0 0 1 1 1 1
55 22 19217 1 1 1 0 1 1 1 1 1 1 1 1 0 1 1 0 1 0 1 1 0 1
56 22 19749 1 1 1 0 1 0 1 0 1 1 1 1 1 1 1 1 1 1 1 1 0 0
57 22 19306 1 1 1 1 1 0 0 1 1 0 1 1 0 1 1 1 1 1 1 1 0 1
58 22 18791 1 0 1 1 1 1 0 1 1 1 1 1 1 0 1 1 0 1 1 1 1 0
59 22 17238 1 1 1 0 1 1 1 0 1 0 1 1 1 1 1 1 0 0 1 1 1 1
60 22 19353 1 0 1 0 0 1 1 1 1 1 1 1 1 1 1 1 0 1 1 1 1 0
61 22 18480 1 1 1 1 0 1 1 1 1 1 0 1 0 0 1 1 0 0 1 1 1 1
62 22 17954 0 1 1 1 1 1 1 1 0 1 1 1 0 1 1 1 1 0 0 1 1 1
63 22 14882 0 1 1 1 1 0 1 1 1 0 1 1 1 1 1 1 0 1 0 1 1 0
64 22 21011 1 1 1 1 1 1 0 0 1 0 0 1 1 1 1 1 1 1 0 1 1 1
65 22 18341 0 1 1 1 1 1 1 1 1 1 0 0 1 0 1 1 1 1 1 0 1 1
66 22 19760 1 1 1 1 1 1 1 1 1 1 1 0 1 1 1 1 0 1 0 1 0 0
67 22 19468 1 1 1 1 1 1 1 1 0 1 1 1 1 1 1 0 1 0 0 1 1 0
68 22 19598 1 1 1 1 0 1 1 1 1 1 1 0 1 1 0 1 0 1 0 1 1 0
69 22 16895 1 1 1 0 0 1 1 1 0 1 1 0 1 1 1 1 0 1 1 1 1 1
70 22 18755 1 1 1 1 1 1 1 1 1 1 0 1 0 0 1 1 1 1 0 1 1 0
71 22 18270 1 1 0 0 1 1 1 1 1 1 1 1 1 1 0 1 1 0 0 1 1 1
72 22 16025 1 0 0 1 1 0 1 1 1 1 1 1 1 1 1 1 0 1 1 1 1 0
73 22 18508 0 1 1 1 1 1 0 1 0 1 0 1 1 1 1 1 0 1 1 1 0 1
74 22 19063 1 0 0 1 0 1 0 1 1 1 1 1 1 1 1 1 1 1 1 1 1 0
75 22 18809 0 1 1 0 1 1 0 0 1 1 1 1 1 1 1 1 1 0 1 1 1 1
76 22 17842 1 0 1 0 0 1 1 0 1 1 1 1 1 1 0 1 1 1 1 1 1 1
77 22 20646 1 1 0 1 1 1 1 1 1 1 0 1 1 1 1 1 0 0 1 0 1 0
78 22 19966 1 0 1 1 0 1 0 1 0 1 1 1 1 1 1 1 1 1 0 1 1 1
79 22 20032 1 1 1 1 1 1 1 0 1 1 1 0 0 1 1 1 1 1 0 1 1 0
80 22 17530 1 1 1 1 0 1 1 1 1 1 1 1 0 0 0 1 1 1 1 1 0 1
81 22 15767 0 1 1 1 1 1 1 0 1 1 1 1 0 1 0 1 1 1 1 1 0 0
82 22 16915 1 1 1 0 1 1 1 0 1 1 1 1 1 0 1 1 1 0 1 0 0 1
83 22 17926 0 1 1 1 0 1 1 1 0 1 1 1 1 1 1 1 0 1 0 1 1 1
84 22 21611 1 1 1 0 1 1 1 1 1 0 1 1 0 1 1 1 1 0 1 1 1 0
85 22 17223 1 1 1 0 1 1 1 1 0 1 1 1 1 1 1 1 0 1 0 1 1 0
86 22 17961 1 1 1 1 1 1 1 0 1 0 1 1 0 1 1 1 1 1 0 1 0 1
87 22 15897 1 1 1 1 0 1 0 0 1 1 1 0 1 1 1 1 0 1 1 1 1 1
88 22 18713 0 0 1 1 1 0 1 1 1 1 0 1 0 1 1 1 1 1 1 1 0 1
89 22 14775 1 1 1 1 1 1 1 1 0 1 1 1 1 0 1 0 0 1 1 1 0 1
90 22 21917 1 1 1 1 0 1 0 1 1 0 1 1 1 1 1 0 1 1 1 0 1 1
91 22 19996 1 1 0 1 1 1 1 1 0 1 0 1 0 1 1 1 1 0 1 1 1 1
92 22 19904 1 1 1 1 1 0 1 1 1 0 1 1 0 0 1 1 1 0 1 1 1 0
93 22 18582 1 1 0 0 1 0 1 1 1 1 1 1 1 1 1 1 1 1 1 1 0 0
94 22 21658 1 1 1 1 1 1 1 1 0 0 0 1 0 1 1 1 1 1 0 1 1 1
95 22 19623 1 1 1 1 1 1 1 1 1 1 0 0 1 0 1 0 0 1 1 1 1 1
96 22 18759 1 1 1 1 1 0 1 0 1 1 1 1 1 1 0 1 0 0 1 1 0 1
97 22 16958 1 1 1 1 0 1 1 0 1 1 0 1 1 0 1 1 0 1 0 1 1 1
98 22 18558 1 0 0 1 1 0 1 1 1 1 1 0 1 0 1 1 1 1 1 1 1 1
99 22 17882 1 0 1 1 1 1 1 1 1 1 1 0 1 1 0 1 1 0 1 1 0 1
100 22 15925 1 1 0 1 0 1 1 1 1 1 1 1 1 0 1 1 1 1 0 1 1 1
101 22 17624 1 1 1 0 1 1 1 1 0 1 1 1 0 1 1 1 1 1 0 0 1 1
102 22 18554 0 1 1 1 1 1 1 1 1 1 1 1 0 1 1 0 1 0 1 0 1 1
103 22 19513 1 1 0 1 0 0 1 1 1 1 1 1 1 1 1 1 1 1 0 1 1 0
104 22 19424 1 1 1 0 1 1 1 0 1 1 1 1 0 0 0 1 1 1 1 1 1 1
105 22 20048 1 1 0 1 0 1 1 1 1 1 1 0 1 0 1 0 1 1 1 1 0 1
106 22 18263 1 1 0 0 0 0 1 1 1 1 1 1 1 1 1 1 1 1 0 1 1 1
107 22 19067 0 0 1 1 1 1 1 1 0 1 0 1 1 1 1 1 0 1 1 1 1 0
108 22 18315 1 1 1 1 1 0 1 1 1 1 1 1 0 1 0 1 1 0 1 0 1 1
109 22 19749 0 0 1 1 1 1 1 1 1 1 1 1 1 1 0 1 1 1 1 1 1 0
110 22 19719 1 0 1 1 1 1 0 0 1 1 0 1 1 1 1 1 0 1 1 0 1 1
111 22 18749 1 1 0 1 0 1 1 1 1 1 1 0 1 0 1 1 1 0 1 1 1 1
112 22 19268 1 1 1 1 1 1 0 1 1 1 1 0 1 1 1 1 0 0 1 0 1 1
113 22 15755 0 1 1 1 1 1 1 1 1 1 0 1 1 1 1 1 0 0 1 0 1 0
114 22 19497 1 0 1 1 0 1 1 1 0 1 1 1 1 0 1 0 1 1 1 1 1 0
115 22 19879 1 1 1 1 0 0 1 1 1 1 1 0 1 1 1 1 1 1 0 0 1 1
116 22 15578 0 1 0 0 0 1 1 1 1 1 0 1 1 1 1 1 1 1 1 1 1 1
117 22 16855 1 0 1 1 1 1 1 1 1 1 1 1 0 0 1 0 1 0 1 1 1 1
118 22 21052 1 1 1 1 1 1 1 1 1 1 1 0 0 1 1 1 1 0 0 1 1 0
119 22 18715 1 1 1 1 0 1 1 1 1 1 1 1 1 0 1 1 0 0 1 1 1 1
120 22 19845 1 1 0 1 1 1 1 1 1 0 1 0 1 0 1 1 1 1 0 1 1 0
121 22 19967 0 0 1 1 1 1 1 1 0 1 1 1 0 1 0 1 1 1 1 1 1 1
122 22 18805 1 0 1 0 1 1 1 1 1 1 1 0 1 1 1 1 1 0 1 1 0 1
123 22 17741 1 1 1 0 1 1 1 1 0 1 1 1 1 0 1 1 1 0 1 0 1 1
124 22 18589 0 1 1 1 1 0 1 1 1 1 1 0 0 0 1 1 1 1 1 1 1 1
125 22 19018 0 0 1 1 0 1 1 1 1 1 1 1 1 0 1 1 1 1 1 0 1 1
126 22 16228 1 1 1 1 1 1 0 1 1 1 0 1 0 1 1 1 1 0 1 0 1 0
127 22 20925 1 0 1 1 1 1 1 1 0 1 1 1 0 1 1 1 0 1 1 1 1 0
128 22 17767 0 1 1 1 1 1 1 1 1 1 1 1 1 1 0 1 0 0 0 1 1 1
129 22 18628 1 0 0 1 0 1 1 1 0 1 1 1 1 1 1 0 1 1 1 1 1 1
130 22 21978 0 0 1 1 0 1 1 1 1 1 1 1 1 1 1 0 1 0 0 1 1 1
131 22 14882 1 1 0 1 0 0 1 1 1 1 1 1 1 1 1 1 1 1 1 0 1 1
132 22 19266 0 1 1 1 1 1 1 1 0 1 1 0 1 1 1 0 1 1 1 1 0 1
133 22 19431 1 1 1 1 1 0 1 0 1 1 0 1 1 0 1 0 1 1 1 1 1 0
134 22 17927 1 1 1 0 0 1 1 0 1 1 0 1 1 1 1 1 1 1 1 0 1 1
135 22 19702 1 1 1 1 0 1 1 0 1 1 1 1 0 1 1 0 1 1 0 1 1 0
136 22 21587 0 1 1 1 1 0 1 0 1 1 0 1 1 1 1 1 1 0 1 1 1 0
137 22 20695 0 1 1 1 0 1 1 0 0 1 1 1 0 1 1 1 1 1 1 1 1 1
138 22 19267 0 1 1 1 0 1 1 1 1 0 0 1 1 1 1 1 1 1 1 1 1 0
139 22 16744 0 1 0 0 0 1 1 1 1 1 1 1 1 1 0 1 1 1 1 1 1 1
140 22 18218 1 0 0 1 1 1 0 1 1 1 0 1 1 1 1 1 1 1 0 1 1 1
141 22 18034 1 1 1 0 1 1 0 1 1 1 1 1 1 1 1 1 0 1 0 1 0 1
142 22 17225 0 1 1 1 0 1 1 1 0 1 1 1 0 1 1 1 1 1 1 1 1 0
143 22 19394 1 1 1 1 1 0 0 0 1 1 1 1 1 0 1 1 1 0 1 1 1 1
144 22 18618 1 1 1 1 0 1 1 0 0 0 1 1 1 1 1 1 1 1 0 1 1 0
145 22 18446 1 1 0 1 1 1 0 1 0 1 1 1 1 0 1 0 1 1 1 1 0 1
146 22 21266 1 1 1 1 1 0 0 0 1 1 1 0 0 1 1 1 1 1 0 1 1 1
147 22 15887 1 1 1 1 1 0 1 1 1 1 0 1 0 1 1 1 1 1 1 0 1 1
148 22 16424 1 1 0 0 1 1 1 1 0 0 1 1 1 1 1 1 1 1 1 1 1 1
149 22 20467 1 1 0 1 0 1 1 0 1 1 0 1 1 1 1 1 1 1 1 1 0 1
150 22 17618 1 1 1 0 0 0 1 1 1 0 1 1 0 0 1 1 1 1 1 1 1 1
151 22 20184 1 1 1 1 1 1 1 1 1 1 0 1 1 1 0 0 1 0 1 1 0 1
152 22 19490 1 0 0 0 1 1 1 1 0 1 1 0 1 1 1 1 1 1 1 1 1 1
153 22 21009 1 1 1 0 1 1 1 1 1 1 1 0 1 0 0 1 0 1 0 1 1 1
154 22 21057 0 1 0 1 1 1 1 1 0 1 1 0 1 1 0 1 1 1 1 1 1 1
155 22 21775 1 1 1 0 1 1 1 1 0 1 0 1 1 1 1 1 0 1 1 0 1 1
156 22 19959 0 1 0 1 1 1 1 1 1 1 1 1 1 1 0 0 1 0 1 1 1 0
157 22 20384 0 0 1 1 1 1 0 1 1 1 1 1 1 0 1 1 1 1 0 0 1 1
158 22 16309 1 1 1 1 1 1 0 0 0 1 1 1 1 0 1 1 1 1 1 1 0 1
159 22 16791 0 0 1 1 0 1 1 1 1 1 1 1 0 0 1 1 1 1 1 1 1 1
160 22 15194 0 1 1 1 1 1 0 1 1 1 1 1 0 1 1 0 1 1 1 1 0 1
161 22 18459 1 1 1 0 1 1 1 1 1 0 1 1 1 0 1 1 0 1 0 1 1 1
162 22 19677 1 0 1 1 0 1 1 1 0 0 1 0 1 1 1 1 1 0 1 1 1 1
163 22 20240 0 0 1 1 1 1 1 0 1 1 1 1 1 1 0 1 0 1 1 1 1 0
164 22 19179 0 0 1 1 1 0 0 1 1 1 1 1 1 1 0 1 1 1 1 0 1 1
165 22 21304 1 0 0 1 1 1 1 0 1 1 0 1 1 1 0 0 1 1 1 1 1 1
166 22 18929 0 1 0 1 1 1 0 1 1 1 1 0 1 1 1 1 1 1 1 0 1 1
167 22 19035 0 1 1 1 1 1 0 0 1 1 0 1 1 1 0 1 1 1 0 1 1 1
168 22 19381 1 1 1 1 0 1 0 0 1 1 1 1 1 1 1 1 1 0 0 1 1 1
169 22 17708 1 1 1 1 1 0 1 1 1 1 0 1 0 1 0 1 1 1 1 1 1 0
170 22 19322 1 1 1 1 1 0 1 0 0 1 1 1 1 1 1 1 0 1 1 0 1 1
171 22 19614 1 1 1 1 1 1 1 1 1 1 0 1 1 0 0 0 1 1 1 1 0 1
172 22 20980 0 0 1 0 1 1 1 1 1 1 0 1 1 0 1 1 0 1 1 1 1 1
173 22 18832 0 1 1 0 1 1 1 1 1 0 1 1 0 1 1 1 1 1 1 1 0 1
174 22 18697 1 1 1 1 1 1 1 0 1 0 1 1 1 1 1 1 0 0 1 1 1 0
175 22 20314 1 1 1 1 1 0 1 1 1 1 1 1 0 1 1 1 1 1 0 0 1 0
176 22 19847 0 1 0 1 1 1 0 0 1 1 1 1 1 1 0 1 1 1 1 1 1 0
177 22 18161 1 1 0 1 0 1 1 0 0 1 1 1 1 1 1 1 1 1 1 1 0 1
178 22 19387 1 1 0 1 1 1 0 1 1 0 1 1 1 1 0 1 1 1 1 1 1 1
179 22 19593 0 0 1 0 1 1 1 1 1 0 1 1 1 1 1 1 0 1 0 1 1 1
180 22 16828 1 1 1 1 1 1 1 1 1 1 0 1 1 1 0 1 0 1 1 0 1 0
181 22 19298 1 1 1 0 0 1 1 1 1 1 1 0 0 1 1 0 1 1 1 1 1 1
182 22 15903 1 1 1 1 1 0 1 1 1 0 1 1 0 1 1 0 1 1 1 1 1 1
183 22 17078 0 1 0 0 1 1 1 1 1 0 1 1 1 1 0 1 1 1 1 1 1 1
184 22 16830 1 1 0 1 1 1 0 1 1 1 1 0 1 0 0 1 1 1 1 1 1 1
185 22 16692 1 1 0 1 1 1 1 1 1 1 1 1 1 1 1 0 0 0 0 1 1 1
186 22 21178 0 1 1 1 1 1 1 1 0 1 1 1 1 1 1 1 0 1 0 0 1 1
187 22 17779 1 1 1 1 0 1 1 1 1 0 1 1 0 1 1 0 0 1 1 1 1 1
188 22 18885 1 0 1 1 0 1 1 1 1 1 0 1 1 1 1 1 1 1 0 0 0 1
189 22 18403 1 1 1 0 0 1 0 1 1 1 1 1 1 1 1 1 1 1 1 1 0 1
190 22 15548 1 1 1 1 0 1 1 1 1 1 1 1 0 1 0 1 0 1 1 0 1 1
191 22 16336 1 1 0 1 1 1 1 1 0 1 1 1 1 1 1 0 1 1 0 1 1 0
192 22 18050 1 0 1 1 1 0 1 1 1 1 0 0 1 1 1 1 1 1 1 1 1 0
193 22 16677 0 1 1 1 0 1 0 0 1 1 1 1 1 1 1 1 1 1 1 1 0 1
194 22 17327 0 1 0 1 1 1 1 1 1 0 1 0 1 1 1 1 0 1 1 1 1 1
195 22 19001 0 1 1 1 1 0 1 1 1 1 1 0 1 1 1 0 0 1 0 1 1 1
196 22 18900 1 0 1 1 0 1 1 1 1 1 1 1 1 1 0 1 1 0 1 0 1 0
197 22 20593 1 1 0 0 0 1 1 1 1 1 1 0 1 1 1 1 0 1 1 1 1 0
198 22 16731 1 0 0 1 0 1 1 1 0 1 1 0 1 1 1 1 1 1 1 1 1 1
199 22 18718 1 1 1 0 1 0 1 1 1 0 0 1 1 1 1 0 0 1 1 1 1 1
200 22 17668 1 1 0 1 1 0 1 1 1 1 0 1 1 0 1 1 1 1 0 1 1 1
201 22 15724 1 1 1 1 1 0 0 1 0 0 1 1 1 1 1 1 1 1 1 1 1 1
202 22 18910 1 1 1 1 1 0 1 1 1 1 0 1 0 1 1 1 1 1 0 1 1 0
203 22 18995 0 0 1 0 1 1 1 1 1 1 0 1 1 0 1 0 1 1 1 1 1 1
204 22 18863 1 1 1 0 1 0 1 1 1 1 1 1 0 1 1 0 0 1 1 1 1 1
205 22 19552 0 0 1 1 1 1 0 1 1 1 1 1 1 1 1 1 1 0 1 1 1 0
206 22 19963 0 1 1 1 0 1 1 1 1 1 1 1 1 1 0 0 0 1 1 0 1 1
207 22 19384 1 1 0 1 1 0 0 0 1 1 1 1 1 1 0 1 1 1 1 1 1 1
208 22 16566 0 0 1 1 0 1 1 0 1 1 1 1 1 1 1 1 1 0 0 1 1 1
209 22 18657 1 1 1 1 1 1 1 0 0 1 0 1 1 1 1 1 0 1 1 0 1 1
210 22 19364 0 1 1 1 1 1 1 0 1 0 1 1 1 1 1 1 1 0 1 1 1 0
211 22 17635 1 0 1 1 1 0 0 1 0 1 1 1 0 1 1 1 1 1 1 1 1 1
212 22 19185 1 1 0 1 1 0 0 1 1 1 1 1 1 0 0 1 1 1 1 1 1 1
213 22 18678 1 0 1 1 1 1 1 0 1 1 1 0 1 1 1 0 1 1 0 1 1 1
214 22 19222 1 1 1 0 1 1 0 1 1 1 1 0 0 1 1 1 1 1 1 1 0 1
215 22 18197 1 1 1 0 0 1 1 0 0 1 1 1 1 1 1 1 1 1 1 0 1 1
216 22 19004 1 0 1 1 1 1 1 1 1 1 0 1 0 1 0 1 1 1 0 1 1 1
217 22 20213 1 1 0 1 1 1 0 1 1 1 1 0 0 1 1 1 1 1 1 1 1 0
218 22 23010 1 1 1 1 0 0 1 1 1 1 1 1 1 1 0 0 1 0 1 1 1 1
219 22 20573 1 1 1 1 1 1 1 1 1 1 0 0 1 1 1 1 0 1 1 0 0 1
220 22 17760 0 1 0 1 0 1 1 0 1 0 1 1 1 1 1 1 1 1 1 1 1 1
221 22 22898 1 1 1 1 0 1 1 0 1 1 1 1 1 1 1 1 1 0 0 0 0 1
222 22 17095 1 0 0 0 1 1 1 1 1 1 1 1 1 1 0 1 1 0 1 1 1 1
223 22 16481 1 1 1 1 1 1 1 0 1 1 0 1 1 1 1 1 1 1 1 0 0 1
224 22 15805 1 1 1 1 1 0 0 1 1 1 1 1 1 0 1 1 1 1 1 0 1 1
225 22 22096 1 1 0 1 1 0 1 1 1 1 0 1 1 1 1 1 0 0 1 0 1 1
226 22 19157 1 0 0 1 1 1 0 1 1 1 1 1 1 1 1 1 1 1 1 0 1 0
227 22 17630 1 0 1 1 1 1 1 1 1 1 0 1 1 1 1 0 0 1 1 0 1 1
228 22 21206 0 1 1 1 1 0 0 1 1 1 0 1 1 1 1 1 1 1 1 1 0 1
229 22 18381 1 0 0 1 0 1 1 1 1 1 1 1 1 1 1 1 1 0 1 0 1 1
230 22 17093 1 1 1 1 1 0 1 1 0 1 1 1 0 1 0 1 1 1 1 1 1 0
231 22 15437 1 1 0 1 1 0 0 1 0 1 1 1 1 0 1 1 1 1 1 1 1 1
232 22 18636 1 0 0 1 1 1 1 0 1 1 1 1 1 1 1 1 1 1 0 1 1 1
233 22 19617 1 0 1 1 1 0 1 0 0 1 1 1 1 0 1 1 1 1 1 1 1 1
234 22 17997 0 1 1 0 1 1 1 1 0 1 1 1 1 0 1 1 0 1 1 1 1 0
235 22 17755 1 1 1 1 0 1 1 1 1 0 0 1 1 1 0 1 1 0 1 1 1 0
236 22 19809 1 1 0 0 1 1 1 1 1 0 1 1 1 1 1 0 0 1 1 1 1 0
237 22 17923 1 1 1 0 0 0 1 1 1 1 1 1 1 1 1 1 1 0 1 1 1 0
238 22 19174 0 0 1 1 1 1 1 1 1 0 1 1 1 1 1 1 0 0 1 1 1 1
239 22 17179 0 1 0 1 0 1 1 1 1 1 1 1 1 0 1 1 1 1 1 1 0 1
240 22 15628 1 1 1 1 1 1 0 1 1 0 1 0 1 1 1 1 1 1 1 1 0 0
241 22 20954 0 1 1 1 1 0 1 1 1 1 0 1 1 1 0 0 1 1 1 1 1 1
242 22 17880 1 1 1 0 1 1 1 1 0 1 1 1 0 1 1 1 1 0 0 1 0 1
243 22 20455 1 0 1 1 1 1 1 1 1 1 1 1 0 1 0 1 1 1 0 0 1 1
244 22 19082 1 1 1 1 1 1 1 0 1 1 1 0 1 0 0 0 0 1 1 1 1 1
245 22 17236 1 0 1 1 1 0 1 0 1 0 1 1 1 1 1 1 1 1 0 1 1 1
246 22 20220 1 0 1 1 1 1 1 1 1 1 1 1 0 1 1 1 0 1 1 0 0 1
247 22 17279 1 1 0 1 1 1 0 0 1 1 1 1 1 0 1 1 1 1 0 1 1 1
248 22 19106 0 1 1 1 1 1 0 1 1 1 0 1 1 1 0 1 1 0 1 1 1 1
249 22 17241 1 1 1 0 1 1 0 1 0 1 1 0 1 1 1 0 1 1 1 1 1 1
250 22 15771 1 0 1 0 1 1 1 1 1 1 0 1 1 0 1 1 1 1 1 0 1 1
251 22 18950 1 1 1 1 1 1 0 0 1 1 1 1 1 1 1 0 1 1 1 0 0 1
252 22 18116 0 0 0 1 1 1 1 1 1 1 1 1 1 1 0 1 0 1 1 1 1 1
253 22 22861 1 1 0 1 0 1 1 0 1 1 1 1 0 1 1 1 0 1 1 1 1 1
254 22 18877 1 1 1 1 1 1 1 1 0 0 1 0 0 1 1 1 0 0 1 1 1 1
255 22 19219 1 1 0 1 0 1 1 1 1 1 1 1 1 1 1 1 0 0 0 1 0 1
256 22 16165 0 1 1 1 0 1 1 1 1 1 0 1 1 1 1 1 0 1 1 1 0 1
257 22 17898 0 0 1 1 1 1 1 1 1 1 1 1 0 1 1 1 1 1 1 0 1 1
258 22 21172 1 1 1 0 1 0 1 1 0 1 0 1 1 1 0 1 1 1 1 1 1 1
259 22 18347 0 0 1 1 0 1 1 1 1 1 0 1 1 1 1 1 1 1 1 1 1 0
260 22 18749 1 1 1 1 1 1 1 0 1 0 1 1 0 1 1 1 1 1 0 1 0 1
261 22 18101 1 0 1 1 1 1 1 1 1 1 0 1 1 1 0 1 1 0 1 1 0 1
262 22 15352 1 1 1 1 1 1 1 0 0 1 0 1 1 1 1 1 1 1 0 0 1 1
263 22 16284 1 0 0 1 1 1 1 1 1 1 1 1 0 0 1 1 1 1 1 1 1 1
264 22 17588 1 1 1 1 1 1 0 1 1 1 1 1 1 1 1 0 1 1 1 0 0 0
265 22 19457 1 1 1 1 1 0 0 1 1 0 1 1 1 1 1 1 0 1 0 1 1 1
266 22 17684 1 1 1 1 0 1 1 1 0 1 1 1 0 0 1 1 1 0 1 1 1 1
267 22 17706 1 1 1 1 1 0 1 1 1 1 0 0 1 1 1 0 1 1 1 1 1 0
268 22 17813 1 0 1 0 1 1 1 1 1 0 0 1 1 0 1 1 1 1 1 1 1 1
269 22 20002 1 1 1 0 1 1 1 1 1 0 1 1 0 1 1 1 1 1 0 1 1 0
270 22 20937 1 1 1 1 0 1 1 1 1 1 0 1 0 1 1 1 1 1 0 1 0 1
271 22 18238 1 0 1 1 1 0 1 0 1 1 1 1 1 1 1 1 1 1 0 0 1 1
272 22 17972 1 0 0 1 1 1 0 1 1 1 1 1 1 1 1 0 1 1 1 1 1 0
273 22 15297 1 1 0 0 1 1 0 1 1 0 1 1 1 1 1 0 1 1 1 1 1 1
274 22 21181 1 1 1 1 0 0 1 1 1 0 1 1 1 0 1 1 1 1 0 1 0 1
275 22 18160 1 1 1 0 1 1 1 1 1 1 1 0 1 1 1 0 0 1 1 1 1 0
276 22 16845 1 1 1 0 1 1 1 1 1 1 1 0 0 1 1 0 1 1 1 1 1 1
277 22 19617 0 1 0 1 1 0 1 1 1 1 1 1 1 1 1 1 1 0 1 0 1 1
278 22 18148 0 1 1 1 1 0 1 1 1 1 0 1 1 0 1 1 0 1 1 1 0 1
279 22 15010 1 1 1 0 1 1 0 1 0 1 1 1 1 1 0 1 1 1 1 1 1 1
280 22 21366 0 0 1 1 1 0 1 1 1 1 1 1 1 1 1 1 1 1 0 0 1 1
281 22 15379 1 1 0 1 1 0 1 1 1 1 1 0 1 1 1 1 1 1 1 1 1 1
282 22 19169 1 1 1 1 1 0 1 1 1 0 1 1 0 1 1 1 1 1 1 1 0 1
283 22 18028 1 1 1 1 0 1 0 1 1 1 0 1 1 1 1 0 1 0 1 0 1 1
284 22 21848 1 1 1 1 1 1 1 1 0 0 1 0 1 0 1 1 1 1 1 1 1 0
285 22 18235 1 1 0 1 1 1 0 1 1 1 1 1 0 1 1 1 1 0 1 0 1 0
286 22 20102 1 1 1 1 1 1 0 1 1 1 0 0 1 1 1 0 1 1 0 1 1 1
287 22 19039 1 1 1 1 0 0 0 1 0 1 1 1 1 1 1 0 1 1 0 1 1 1
288 22 20373 1 1 1 0 0 1 1 1 1 0 0 1 1 1 0 1 1 1 1 0 1 1
289 22 20381 1 1 0 1 1 1 0 0 1 1 1 1 1 1 1 0 0 1 1 1 1 0
290 22 20209 0 1 1 1 0 1 1 0 1 1 1 1 1 0 1 1 1 1 1 1 0 1
291 22 16858 1 1 1 1 1 0 1 0 0 0 0 1 1 1 1 1 1 1 1 1 1 1
292 22 17938 1 1 1 1 1 1 1 1 1 1 0 1 0 0 1 1 1 1 0 0 1 1
293 22 17144 0 0 1 1 1 1 1 1 1 1 1 1 1 0 0 1 1 1 0 1 1 1
294 22 15541 1 1 0 1 1 1 1 0 1 1 1 0 0 1 1 1 1 1 1 1 1 1
295 22 18220 1 0 1 1 1 1 1 0 0 1 1 1 1 1 0 1 1 1 1 0 1 1
296 22 20277 1 1 0 1 1 1 1 0 1 0 0 1 1 1 0 1 1 0 1 1 1 1
297 22 16590 1 1 1 1 0 1 1 1 1 1 0 0 1 1 1 1 1 1 0 0 1 1
298 22 22174 0 0 1 0 1 1 1 1 1 1 1 1 1 1 1 1 0 1 1 0 1 1
299 22 22087 1 1 1 1 0 1 1 0 1 0 1 1 1 1 1 1 0 1 0 1 1 1
300 22 17872 1 1 1 1 1 1 0 0 1 1 1 0 1 0 1 1 1 1 1 1 0 1
301 22 17443 1 1 0 1 1 1 1 1 1 0 1 1 1 1 1 0 1 1 0 0 1 1
302 22 22067 1 1 1 1 0 1 1 1 1 1 1 0 1 1 0 0 1 1 1 1 1 0
303 22 19221 1 1 1 0 1 1 0 0 1 1 1 1 1 1 1 0 1 0 1 1 1 0
304 22 19609 1 1 1 1 0 0 1 1 1 1 0 1 0 1 1 0 1 1 1 1 0 1
305 22 17658 1 1 1 1 1 1 1 0 1 1 1 1 1 0 1 1 0 1 0 1 1 1
306 22 17520 1 1 1 0 1 1 0 1 1 1 0 0 1 1 1 1 1 1 1 1 1 0
307 22 19868 1 1 1 0 1 1 1 0 1 1 1 0 1 1 1 1 1 0 0 1 1 1
308 22 16588 1 1 1 1 1 0 1 1 0 1 1 1 1 0 1 1 1 1 1 0 1 1
309 22 22298 1 1 1 1 0 1 1 1 0 0 0 1 1 0 0 1 1 1 1 1 1 1
310 22 19578 1 1 1 1 0 1 1 1 1 1 1 0 0 1 0 1 1 1 1 0 1 1
311 22 13319 1 1 0 1 1 1 0 1 0 1 1 1 1 0 1 1 1 1 0 1 1 1
312 22 17631 0 1 1 1 0 1 0 1 1 1 1 1 1 1 1 1 0 1 1 1 1 0
313 22 19699 0 0 1 1 0 1 0 0 1 1 1 1 0 1 1 1 1 1 1 1 1 1
314 22 19230 1 0 0 0 1 1 1 1 1 1 1 0 1 1 1 0 1 1 1 1 1 1
315 22 20771 1 1 1 0 1 1 1 1 1 0 1 0 1 1 1 1 0 1 1 1 0 1
316 22 18244 1 0 1 1 1 1 0 0 1 1 1 1 1 1 1 1 1 1 0 0 1 1
317 22 18723 1 1 1 1 1 0 1 0 0 1 1 1 1 0 1 1 1 1 1 1 0 1
318 22 16478 1 1 1 1 1 1 1 1 1 1 1 1 0 1 0 1 1 1 0 0 1 0
319 22 16105 1 0 1 1 1 1 1 1 1 1 1 1 1 0 1 0 1 1 1 1 1 0
320 22 17291 0 1 1 1 0 1 1 1 1 1 1 0 1 1 1 0 1 1 1 1 1 1
321 22 17469 1 0 1 1 1 0 1 1 1 1 1 1 0 1 1 0 1 0 1 1 1 1
322 22 20134 1 1 1 1 1 0 1 1 1 1 1 0 0 1 1 0 1 1 1 1 0 1
323 22 16650 0 1 1 1 0 1 0 1 1 1 0 1 1 1 1 1 1 1 1 1 1 1
324 22 18889 1 1 0 0 0 1 1 1 1 1 1 1 0 1 1 0 1 1 1 1 0 1
325 22 17636 0 1 1 1 1 1 0 1 1 1 1 0 1 0 1 1 1 0 1 1 1 1
326 22 17907 1 1 1 1 0 0 1 1 0 1 0 1 0 1 1 1 1 1 1 1 1 1
327 22 18276 1 1 1 1 1 1 1 1 1 1 0 0 1 1 1 1 1 0 1 1 0 1
328 22 18741 1 1 1 1 1 0 0 1 1 1 1 1 0 1 0 1 1 1 1 1 1 1
329 22 17744 1 1 0 0 1 0 1 1 1 1 1 1 1 1 1 1 0 1 1 1 1 0
330 22 16513 1 1 0 0 1 1 1 1 1 0 1 1 1 0 1 1 1 1 1 1 1 1
331 22 21112 1 1 1 1 0 1 1 1 0 1 1 1 1 1 0 1 1 1 0 1 0 1
332 22 18316 1 1 1 0 1 1 1 1 0 0 1 1 1 1 0 1 1 1 1 1 0 1
333 22 17730 0 1 1 1 1 1 1 0 1 1 0 1 0 1 1 0 1 0 1 1 1 1
334 22 18988 1 1 1 1 0 1 1 1 1 1 0 1 0 0 1 1 0 1 1 1 1 0
335 22 17835 0 1 1 1 1 0 1 1 1 1 1 1 1 1 1 0 0 1 0 1 1 1
336 22 18625 1 0 1 1 1 0 1 1 1 1 1 0 1 0 1 0 1 1 1 1 1 1
337 22 17812 1 1 0 1 1 0 1 1 1 1 1 1 1 1 1 1 0 1 1 1 0 0
338 22 16720 0 0 1 1 0 1 1 1 1 1 1 0 1 1 1 1 1 1 1 1 1 0
339 22 19632 1 1 1 1 1 0 0 1 1 1 1 0 1 1 0 1 1 0 1 1 1 1
340 22 19126 0 1 0 0 1 1 1 1 1 1 1 1 1 1 1 1 0 1 1 1 0 1
341 22 14730 0 1 1 1 1 1 0 1 1 1 1 1 1 1 0 1 1 1 1 1 0 1
342 22 18790 1 1 1 1 1 1 1 0 1 1 0 1 1 1 0 1 0 1 1 1 1 0
343 22 19770 1 0 0 1 0 1 1 1 0 1 1 1 1 1 1 1 1 0 0 1 1 1
344 22 20881 0 0 1 0 1 0 1 1 1 1 0 0 1 1 0 1 1 1 1 1 1 1
345 22 16990 1 1 0 0 1 0 1 1 1 1 0 1 1 1 1 1 1 1 1 1 1 0
346 22 15271 0 0 1 1 0 1 0 1 1 1 0 1 1 1 1 1 1 1 1 1 1 1
347 22 17716 0 1 1 1 1 1 0 1 1 0 1 1 1 1 1 0 1 1 1 1 1 1
348 22 20728 1 1 1 1 1 0 1 0 1 1 1 0 0 1 1 0 0 1 1 1 1 1
349 22 17129 1 0 1 1 1 0 1 1 1 1 1 0 1 1 1 0 1 1 1 0 1 1
350 22 18897 1 1 1 1 1 0 1 1 0 1 1 0 1 1 1 1 1 0 0 1 1 1
351 22 19903 1 1 1 1 1 0 1 1 0 1 0 0 1 0 1 1 1 1 1 1 0 1
352 22 19168 1 1 1 0 1 1 1 0 0 1 1 1 1 1 1 1 1 0 1 1 0 1
353 22 18795 0 1 0 0 1 1 1 1 1 0 0 1 1 1 1 0 1 1 1 1 1 1
354 22 18907 1 1 1 0 1 1 0 1 1 1 1 0 1 0 1 1 0 1 1 0 1 1
355 22 20159 1 1 1 0 0 1 0 1 1 0 1 1 1 1 1 0 1 1 1 1 1 1
356 22 18688 1 1 0 1 1 1 1 1 1 1 1 1 1 1 0 0 0 0 1 1 1 1
357 22 18651 0 1 0 1 1 1 0 0 1 1 1 1 1 1 1 1 0 1 1 1 1 1
358 22 20086 1 0 1 1 0 1 1 1 1 1 1 0 1 0 1 1 1 1 1 1 0 1
359 22 19431 1 1 1 1 1 1 1 1 1 0 1 0 1 0 1 1 1 1 1 0 1 0
360 22 22207 1 1 1 0 1 1 1 1 1 1 0 1 0 0 1 1 1 1 0 1 1 1
361 22 18574 0 1 1 1 1 1 1 1 1 0 0 1 1 0 0 1 0 1 1 1 1 1
362 22 18405 0 1 1 1 1 1 0 0 1 0 1 1 1 1 0 1 0 1 1 1 1 1
363 22 19855 1 1 1 1 1 1 1 0 0 1 1 0 1 1 1 0 1 0 1 1 1 1
364 22 17663 1 1 1 0 1 0 1 1 1 1 1 1 1 1 1 1 0 1 0 1 0 1
365 22 18708 0 1 1 0 1 1 0 1 1 1 0 1 1 1 1 1 0 1 1 1 1 1
366 22 22124 1 0 1 0 1 0 1 1 0 1 1 1 1 1 1 1 1 1 1 1 1 0
367 22 19328 1 1 1 1 1 1 1 1 0 1 1 1 0 0 1 1 0 1 1 1 0 1
368 22 19047 1 1 1 1 0 1 1 1 1 0 1 1 0 0 0 1 1 1 1 1 1 0
369 22 19600 0 1 1 0 1 0 1 1 1 1 1 1 0 1 1 1 1 1 1 0 1 1
370 22 18706 1 0 1 1 1 1 1 1 0 1 1 1 1 1 1 1 1 0 0 1 1 0
371 22 16665 1 1 1 1 0 1 1 1 1 1 1 1 0 1 1 1 1 1 0 1 0 1
372 22 19860 0 0 1 1 1 1 0 1 1 1 1 0 1 1 1 0 1 1 1 1 1 1
373 22 17960 0 0 1 1 1 1 1 0 1 1 1 1 0 1 1 1 1 1 1 1 1 0
374 22 17261 1 1 1 0 1 0 1 0 1 1 0 1 1 0 1 1 1 0 1 1 1 1
375 22 19182 1 1 0 1 1 1 1 1 0 0 0 1 1 1 1 1 1 1 1 1 1 1
376 22 20388 1 0 1 1 1 1 0 0 1 1 1 1 0 1 0 1 1 1 1 0 1 1
377 22 20163 1 1 1 1 1 1 0 1 1 1 1 1 0 1 0 0 1 1 1 0 1 1
378 22 17835 0 1 1 1 0 1 1 0 0 1 1 1 1 1 1 1 1 1 1 1 1 1
379 22 18537 1 1 1 1 1 0 0 1 1 1 1 1 0 1 1 1 0 1 1 1 1 0
380 22 22020 1 1 0 1 1 0 1 1 0 1 1 1 0 1 1 0 1 1 1 1 1 1
381 22 18458 1 1 1 0 0 1 0 1 1 1 0 1 1 0 1 1 1 1 1 1 1 1
382 22 16273 0 1 1 1 1 0 0 1 1 1 1 1 0 1 0 1 1 1 1 1 1 1
383 22 17446 1 1 1 1 1 1 1 0 1 1 1 1 1 0 1 1 1 1 1 1 0 0
384 22 16730 1 1 0 1 1 0 1 1 1 0 1 1 1 0 1 1 1 1 1 1 0 1
385 22 17516 0 1 1 1 1 1 1 1 1 0 1 0 1 1 0 1 1 1 1 1 1 1
386 22 20639 1 0 1 1 1 1 1 1 1 1 0 1 0 1 1 0 1 1 0 1 1 1
387 22 17314 1 1 1 0 1 1 1 1 1 1 1 1 1 0 0 0 1 1 1 1 1 1
388 22 19185 1 0 1 1 1 1 1 1 0 0 1 1 0 1 0 1 0 1 1 1 1 1
389 22 18271 1 0 1 0 1 1 1 1 1 0 1 1 0 1 1 0 1 1 1 1 1 1
390 22 16592 1 1 0 1 1 0 1 1 1 0 1 0 1 1 1 1 1 1 1 1 0 1
391 22 18914 0 1 1 1 1 0 1 1 1 1 0 1 1 1 0 1 1 1 1 0 1 1
392 22 20761 1 0 1 1 1 1 0 0 1 0 1 1 1 1 1 1 0 1 0 1 1 1
393 22 17108 1 1 0 0 1 1 1 0 1 1 0 1 1 1 1 0 1 1 1 1 1 1
394 22 18193 0 1 1 1 1 0 1 1 1 1 1 1 1 0 0 1 0 1 1 1 1 1
395 22 19212 0 1 1 0 0 1 1 0 1 1 1 0 0 1 1 1 1 1 1 1 1 1
396 22 20675 1 1 1 1 1 1 1 1 0 1 1 1 1 1 0 0 0 1 0 1 1 1
397 22 21767 1 0 1 0 1 1 1 0 1 1 1 1 1 1 0 0 1 1 1 1 1 1
398 22 23122 1 1 1 0 1 1 0 1 1 1 1 1 0 0 0 1 1 1 1 1 1 1
399 22 20274 1 1 0 1 1 0 1 1 1 0 0 0 1 1 1 1 1 0 1 1 1 1
400 22 17770 1 1 1 0 1 1 1 1 0 1 1 1 0 1 0 1 1 1 0 1 1 1
401 22 17782 0 1 1 1 1 1 1 1 1 1 1 1 1 1 1 0 0 0 1 1 1 0
402 22 16339 0 0 1 0 1 1 0 1 1 1 1 1 1 1 0 1 1 1 1 1 1 1
403 22 18583 1 1 1 0 1 1 1 1 1 0 1 1 1 0 0 1 1 0 1 1 1 1
404 22 20468 1 1 0 1 1 1 1 1 1 0 1 1 1 0 1 0 1 1 1 1 0 1
405 22 13060 1 1 0 1 0 1 1 1 0 0 1 0 1 1 1 1 1 1 1 1 1 1
406 22 19217 1 0 0 0 1 1 1 1 1 0 1 1 1 1 1 1 1 1 1 0 1 1
407 22 18939 1 1 1 1 0 1 1 1 1 1 1 1 1 1 1 1 0 0 0 1 0 1
408 22 18947 1 1 1 1 1 0 1 1 1 0 1 1 1 1 0 0 1 1 1 0 1 1
409 22 19728 1 0 0 1 1 1 1 1 1 0 0 1 1 1 1 1 1 1 1 1 0 1
410 22 21637 1 1 1 1 0 1 0 1 0 1 1 0 1 1 1 0 1 1 1 1 1 1
411 22 17164 1 1 1 0 1 1 0 1 0 1 0 1 1 1 0 1 1 0 1 1 1 1
412 22 19707 1 0 1 1 1 0 1 1 1 1 1 1 0 1 1 0 1 1 1 1 1 0
413 22 22084 1 1 1 1 0 1 1 0 0 0 1 0 1 1 1 1 1 1 0 1 1 1
414 22 15163 1 1 1 1 1 1 1 0 1 0 1 0 0 1 1 1 1 1 1 1 1 1
415 22 18730 1 1 1 1 1 0 1 1 0 1 1 1 1 1 1 1 1 0 0 1 0 1
416 22 20759 1 1 0 1 0 0 1 1 1 1 1 0 1 1 1 0 1 1 1 1 1 0
417 22 19653 1 1 0 0 0 1 1 1 1 0 1 1 1 1 0 1 1 1 1 1 1 0
418 22 17929 1 1 0 0 1 1 1 1 1 1 1 0 1 1 0 1 1 1 1 0 1 1
419 22 20005 1 1 1 1 0 0 1 0 1 1 1 1 1 1 1 1 1 1 0 0 1 1
420 22 19980 0 1 1 1 0 1 1 1 1 1 0 1 1 1 1 1 1 1 0 1 0 1
421 22 19305 1 1 1 1 1 0 1 1 0 0 1 1 1 0 1 1 1 1 0 1 1 1
422 22 18438 1 1 1 0 1 0 1 1 1 1 1 1 1 0 1 1 1 1 1 1 0 1
423 22 19077 1 0 1 1 1 1 1 0 1 1 0 1 1 1 0 1 1 0 1 1 1 0
424 22 16772 1 1 0 1 0 1 0 1 1 1 1 1 1 0 1 1 1 1 1 1 1 0
425 22 18005 1 0 0 0 1 1 1 1 1 1 0 0 1 1 1 1 0 1 1 1 1 1
426 22 19109 1 1 1 0 1 1 1 1 0 0 1 1 1 0 1 1 1 0 0 1 1 1
427 22 19500 1 1 1 1 0 1 0 0 1 1 1 1 1 1 1 0 1 1 0 1 1 1
428 22 18564 1 1 0 1 1 1 1 1 1 1 1 1 1 0 0 0 1 1 0 1 1 1
429 22 19322 1 0 1 1 1 1 1 1 0 0 1 1 0 1 1 1 0 1 1 1 1 1
430 22 16775 1 1 1 0 1 0 1 1 1 1 1 0 0 1 0 1 1 1 1 1 1 1
431 22 17151 0 1 1 0 1 1 1 0 1 1 1 1 1 1 1 1 0 1 0 0 1 1
432 22 16494 1 0 1 1 1 1 1 0 1 0 1 1 1 0 1 1 1 1 0 1 1 1
433 22 16759 1 0 1 1 0 1 0 1 1 1 1 0 1 0 1 1 1 1 1 1 1 1
434 22 18729 1 1 1 1 1 0 1 0 1 1 1 1 1 1 1 0 0 1 1 0 1 1
435 22 16685 1 1 1 1 1 1 0 1 1 1 1 0 1 1 1 1 0 1 1 0 1 1
436 22 20177 1 1 0 1 0 1 1 1 1 0 1 1 1 1 1 1 0 1 1 0 1 1
437 22 18511 1 1 1 0 1 1 0 1 1 1 0 0 0 1 1 1 1 1 0 1 1 1
438 22 18116 1 0 1 0 1 0 1 1 0 1 1 0 1 1 1 1 1 1 0 1 1 1
439 22 18348 1 1 1 1 1 0 1 1 0 1 0 1 1 1 0 0 1 1 1 1 1 1
440 22 21123 1 1 1 1 1 0 1 0 1 1 0 1 1 1 1 0 0 1 1 1 1 1
441 22 21331 1 0 1 1 1 1 0 1 1 1 1 0 1 1 1 0 1 0 1 0 1 0
442 22 19778 1 1 1 1 1 1 1 1 1 1 0 1 0 1 1 0 1 1 0 1 1 0
443 22 19002 1 0 1 0 1 1 1 0 1 1 1 0 1 1 1 1 1 0 1 1 1 1
444 22 17024 1 1 0 1 1 1 1 1 1 1 1 1 1 1 0 1 0 0 1 1 1 1
445 22 20345 0 1 1 1 1 1 1 1 1 0 1 1 0 1 1 1 1 1 0 0 1 1
446 22 20286 1 1 1 1 1 0 1 1 1 1 1 1 1 1 1 0 0 1 1 1 0 0
447 22 17553 1 1 1 1 1 1 1 1 0 1 1 0 1 1 1 1 0 1 1 0 1 0
448 22 19494 1 1 0 1 1 0 1 1 1 1 1 0 1 1 1 1 0 1 0 1 1 1
449 22 17679 1 0 1 1 1 1 0 1 1 1 1 1 1 0 1 1 1 1 0 0 1 1
450 22 18769 1 0 0 0 1 1 0 1 1 1 1 1 1 1 1 1 1 1 1 1 0 0
451 22 20917 1 1 1 1 0 1 1 1 1 1 1 1 1 1 1 0 1 0 1 1 0 0
452 22 19797 1 1 1 1 1 1 1 1 1 0 1 0 0 1 1 1 0 0 1 1 1 0
453 22 19154 1 1 1 1 1 1 1 1 0 1 0 0 1 0 1 1 0 1 1 1 1 0
454 22 19560 1 1 1 1 1 0 0 1 1 1 0 1 1 1 1 1 1 0 0 1 1 1
455 22 21067 1 1 1 1 1 1 0 0 1 0 1 1 1 1 0 1 0 0 1 1 1 1
456 22 19764 0 1 1 1 1 1 1 1 1 1 1 1 0 1 1 1 0 1 0 1 0 1
457 22 19522 1 1 0 1 1 1 1 1 1 0 1 1 0 1 1 0 1 1 0 1 1 1
458 22 16215 1 1 0 1 1 0 1 1 1 1 1 1 1 0 1 1 1 1 0 1 1 0
459 22 16809 1 1 0 1 1 1 1 0 1 1 0 1 1 1 0 1 1 1 1 1 1 1
460 22 15258 0 1 1 0 1 0 1 1 0 0 1 1 1 1 1 1 1 1 0 1 1 1
461 22 16131 1 0 1 1 1 0 1 1 0 1 1 1 1 1 1 1 0 1 0 1 1 1
462 22 17293 1 1 1 1 1 0 0 1 0 0 1 1 1 1 0 1 0 1 1 1 1 1
463 22 20875 1 1 1 1 1 0 0 0 1 1 0 1 1 0 1 1 1 1 1 1 1 0
464 22 20336 1 1 1 0 1 1 0 1 1 0 1 1 1 0 1 1 0 1 1 1 1 1
465 22 18889 1 1 1 1 0 0 1 1 1 1 0 0 1 1 0 1 1 1 1 0 1 1
466 22 15090 1 1 1 1 1 1 1 1 0 1 1 1 1 0 1 1 1 1 0 0 1 1
467 22 20376 1 1 1 1 1 1 1 1 1 1 1 1 1 1 1 0 0 0 1 1 0 0
468 22 20530 1 1 0 1 1 1 1 1 1 1 1 1 0 0 1 1 1 1 0 0 1 1
469 22 17635 1 1 0 1 1 1 1 1 1 1 1 0 0 1 1 0 1 0 1 1 1 1
470 22 15689 0 1 1 0 1 1 1 1 1 1 1 1 0 1 0 1 1 1 0 1 1 1
471 22 20056 0 1 1 1 1 0 1 1 1 0 1 1 1 0 1 1 1 1 0 1 1 1
472 22 21380 0 1 1 0 1 1 0 1 1 1 1 1 0 1 1 1 0 1 1 1 1 1
473 22 18619 1 1 1 1 1 1 1 0 1 1 1 1 0 1 1 1 0 1 1 1 0 0
474 22 19988 0 1 1 1 1 1 1 0 0 1 1 1 0 1 1 1 1 0 1 1 1 1
475 22 20412 0 0 0 1 1 1 1 1 1 1 1 0 1 1 1 1 1 1 1 0 1 1
476 22 16216 1 0 1 1 1 1 0 1 1 0 1 1 1 1 0 1 1 1 1 1 1 0
477 22 23078 1 1 1 1 1 0 0 1 1 1 1 0 1 1 1 1 1 1 0 0 0 1
478 22 18543 1 1 1 1 1 0 1 1 1 1 0 0 0 0 0 1 1 1 1 1 1 1
479 22 18281 1 1 1 1 0 1 1 1 1 1 1 1 1 0 0 0 1 0 0 1 1 1
480 22 18693 1 1 1 1 0 1 1 1 1 0 1 0 1 1 1 1 1 0 0 1 1 1
481 22 21615 1 1 1 0 1 1 1 0 1 1 0 1 1 1 1 1 1 0 1 1 1 0
482 22 19903 1 1 1 1 0 0 1 1 0 1 0 1 1 1 1 0 0 0 1 1 1 1
483 22 20505 1 1 1 1 1 1 0 1 0 1 0 1 1 0 1 1 1 1 1 1 0 0
484 22 20525 1 1 1 1 1 1 1 1 1 1 1 1 1 0 1 0 0 0 1 1 0 1
485 22 20750 0 1 1 1 1 1 1 1 1 1 1 1 1 1 1 0 0 0 1 1 0 1
486 22 18534 1 1 1 0 0 1 1 1 0 1 1 1 1 1 0 1 1 1 1 1 1 0
487 22 19695 0 1 1 0 1 1 1 1 0 1 1 1 0 1 1 0 1 0 1 1 1 1
488 22 19469 1 1 1 1 1 1 0 0 1 1 1 0 0 1 1 1 1 1 1 0 1 0
489 22 19137 1 1 1 0 1 1 1 1 1 0 1 1 0 1 1 1 1 1 1 0 1 0
490 22 18921 1 1 0 1 1 0 1 1 1 0 1 0 1 1 1 1 0 0 1 1 1 1
491 22 18692 1 0 1 1 0 1 0 1 1 1 1 1 0 1 1 1 1 1 1 1 1 1
492 22 22089 0 1 1 1 1 1 1 1 1 0 1 1 0 1 1 1 0 1 1 1 0 0
493 22 22227 1 1 1 1 1 1 0 0 1 1 1 1 0 1 1 1 0 0 1 1 1 0
494 22 18076 0 1 1 1 1 1 1 1 1 1 0 0 1 1 0 1 1 0 1 1 1 1
495 22 18191 1 1 1 1 0 1 1 1 1 1 0 1 0 0 1 1 1 1 1 1 1 0
496 22 16232 0 1 1 1 1 1 1 0 1 0 1 1 0 1 1 1 1 1 0 1 1 1
497 22 20526 1 0 1 1 1 1 0 1 1 1 1 0 1 1 1 1 1 1 0 1 0 1
498 22 18900 1 0 1 1 0 1 1 0 1 1 1 0 1 1 1 1 1 0 1 1 1 1
499 22 21258 1 1 0 0 1 1 1 1 1 0 1 1 1 1 0 1 1 1 1 0 1 1
500 22 18527 1 1 0 1 1 1 1 1 1 1 1 1 0 1 1 0 1 1 1 0 0 1
