1 15 5069 1 1 1 0 1 1 0 1 1 1 1 1 1 1 1
2 15 6837 1 1 1 1 1 1 1 1 0 0 1 1 1 1 1
3 15 6534 0 1 1 1 1 1 1 1 1 1 0 1 1 1 1
4 15 6726 1 0 1 1 1 1 1 1 1 0 1 1 1 1 1
5 15 6699 0 1 1 1 1 1 1 1 1 1 0 1 1 1 1
6 15 8079 1 1 1 1 1 0 1 0 1 1 1 1 1 1 1
7 15 6480 1 1 1 1 1 1 1 1 1 1 1 1 1 0 0
8 15 6968 1 1 1 1 1 1 1 0 0 1 0 1 1 1 1
9 15 6218 0 1 1 1 1 1 1 1 0 1 1 1 1 1 1
10 15 6816 0 1 1 1 1 1 1 1 1 1 0 1 1 1 1
11 15 7588 1 1 1 1 1 0 0 1 1 1 1 1 1 1 1
12 15 7509 1 1 1 1 1 0 1 1 1 1 0 1 0 1 1
13 15 6053 1 1 1 1 1 1 1 1 1 0 1 0 1 1 1
14 15 7284 0 1 1 1 1 1 1 1 1 1 1 1 0 1 1
15 15 6627 0 0 1 1 1 1 1 1 1 1 1 1 1 1 1
16 15 7437 1 1 1 0 1 1 1 1 1 1 1 1 1 1 0
17 15 7578 1 1 1 1 1 1 0 1 1 1 1 1 1 0 1
18 15 7139 1 1 1 1 1 1 0 1 1 0 1 1 1 1 1
19 15 6619 1 1 1 1 1 0 1 1 1 1 1 1 1 1 0
20 15 6868 1 1 1 1 1 1 1 1 1 0 1 1 1 1 0
21 15 6708 1 0 1 1 1 1 1 1 1 1 1 1 1 1 0
22 15 6125 1 1 1 1 1 1 0 1 1 1 1 1 1 1 0
23 15 6717 1 0 1 1 0 1 1 1 1 1 1 1 1 1 1
24 15 6804 1 1 0 1 1 1 1 1 1 1 1 1 1 1 0
25 15 5617 1 1 1 1 1 1 1 1 1 1 0 1 1 1 0
26 15 6193 1 1 0 1 1 1 1 1 1 1 1 0 1 1 1
27 15 6678 1 0 1 1 1 1 1 1 1 1 0 1 1 1 1
28 15 6786 1 1 0 1 1 1 1 1 1 1 1 1 0 1 1
29 15 5645 1 1 1 1 1 1 1 1 1 1 1 0 0 1 1
30 15 6417 1 1 1 0 1 1 1 1 1 0 1 1 1 1 1
31 15 6444 1 1 1 0 1 1 1 1 1 1 1 0 1 1 1
32 15 6733 1 1 1 1 1 1 1 0 1 1 0 1 1 1 1
33 15 6839 1 1 1 1 1 1 0 1 1 1 1 1 0 1 1
34 15 7936 1 0 1 0 1 1 1 1 1 1 1 1 1 1 1
35 15 6307 1 0 1 1 1 1 0 1 1 1 1 1 1 1 1
36 15 5965 1 1 1 1 1 1 1 1 1 1 1 0 0 1 1
37 15 7823 0 1 1 1 0 1 1 1 0 1 1 1 1 1 1
38 15 7049 1 1 1 1 1 0 1 1 1 1 1 0 1 1 1
39 15 7222 1 1 1 1 1 1 1 1 1 1 1 0 1 1 0
40 15 5866 1 1 1 1 1 1 1 0 1 1 1 1 0 0 1
41 15 6497 1 1 1 1 0 1 1 0 1 1 1 1 1 1 1
42 15 6290 1 1 1 1 1 1 0 1 0 1 1 1 1 1 1
43 15 7697 1 1 1 0 1 0 1 1 1 1 1 1 1 1 1
44 15 7092 1 1 1 1 1 1 1 1 1 0 1 1 1 0 1
45 15 6050 0 1 1 1 1 0 1 1 1 1 1 1 1 1 1
46 15 6376 0 1 1 1 1 1 1 1 0 1 1 1 1 1 1
47 15 6414 1 1 1 1 1 0 1 1 0 1 1 1 1 1 1
48 15 7577 1 1 1 1 1 1 1 1 1 0 1 1 1 0 1
49 15 6813 1 0 1 1 1 1 1 1 1 0 1 1 1 1 1
50 15 6785 1 0 1 1 0 1 1 1 1 1 1 1 1 1 1
51 15 5798 1 1 1 1 0 0 1 1 1 1 1 1 1 1 1
52 15 7533 1 1 0 1 1 1 1 1 1 1 1 0 1 1 1
53 15 5585 1 1 1 1 1 0 1 1 1 0 1 1 1 1 1
54 15 7199 1 1 1 1 0 1 1 1 1 1 1 0 1 1 1
55 15 8027 1 1 1 1 0 1 1 1 1 1 1 0 1 1 1
56 15 5128 1 1 1 1 1 1 1 0 1 1 0 1 1 1 1
57 15 6733 1 1 1 1 0 1 1 0 1 1 1 1 1 1 1
58 15 6728 1 1 1 1 1 1 0 1 1 0 1 1 1 1 1
59 15 7352 1 1 1 0 1 1 1 1 1 1 1 1 1 1 0
60 15 7224 1 1 1 1 1 1 0 0 1 1 1 1 1 1 1
61 15 7322 1 1 1 1 1 1 1 1 1 0 0 1 1 1 1
62 15 6338 1 1 1 1 1 1 1 0 1 1 1 1 1 1 0
63 15 7437 1 1 1 1 1 0 1 1 1 1 1 1 0 1 1
64 15 6389 0 1 1 1 0 1 1 1 1 1 1 1 1 1 1
65 15 7119 1 0 1 1 1 1 1 1 1 1 0 1 1 1 1
66 15 8515 1 1 1 1 1 1 1 1 0 1 0 1 1 1 0
67 15 6183 1 1 1 0 1 1 1 1 1 0 1 1 1 1 1
68 15 6012 1 1 1 1 1 1 1 1 1 0 1 0 1 1 1
69 15 7903 0 1 1 0 1 1 1 1 1 1 1 1 1 1 1
70 15 6160 1 1 1 1 0 1 1 1 1 1 1 1 1 1 0
71 15 5953 1 1 1 0 0 1 1 1 1 1 1 1 1 1 1
72 15 7091 1 1 1 1 1 1 1 0 1 1 1 1 1 1 0
73 15 7699 0 1 1 1 1 1 1 1 1 1 0 1 1 1 1
74 15 6016 1 1 1 1 1 0 1 1 1 1 1 1 1 0 1
75 15 5852 1 1 0 1 1 1 1 1 1 0 1 1 1 1 1
76 15 7262 1 1 0 1 1 1 1 1 1 1 1 1 1 1 0
77 15 6954 1 1 1 0 1 1 1 1 1 1 1 1 0 1 1
78 15 7213 1 1 1 0 1 1 1 1 1 1 1 1 1 0 1
79 15 6883 1 1 1 1 0 1 1 1 1 1 1 1 1 1 0
80 15 7226 1 1 1 1 1 1 1 1 0 1 0 1 1 1 1
81 15 6996 1 1 0 1 1 1 1 1 1 1 1 1 1 0 1
82 15 6729 1 1 0 1 0 1 1 1 1 1 1 1 1 1 1
83 15 6513 1 0 1 1 1 1 1 1 1 1 1 1 0 1 1
84 15 5869 1 1 1 1 1 1 1 0 1 1 1 1 1 0 1
85 15 6711 1 1 1 0 1 1 1 0 1 1 1 1 1 1 1
86 15 6743 0 1 1 1 1 1 0 1 1 1 1 1 1 1 1
87 15 7133 1 1 0 1 1 1 1 0 1 1 1 1 1 1 1
88 15 6438 0 1 1 1 1 1 1 1 1 0 1 1 1 1 1
89 15 6712 1 1 1 1 1 1 1 1 1 0 1 1 0 1 1
90 15 5869 1 1 0 1 1 1 1 0 1 1 1 1 1 1 1
91 15 6460 1 1 0 1 1 1 1 0 1 1 1 1 1 1 1
92 15 6544 1 1 1 0 1 1 1 1 1 1 1 1 1 1 0
93 15 6418 1 1 1 1 1 1 1 1 1 0 1 0 1 1 1
94 15 6046 1 1 1 1 1 1 1 1 1 0 1 0 1 1 1
95 15 7845 1 1 1 1 1 1 1 1 1 0 1 1 0 1 1
96 15 6231 1 1 1 1 1 1 1 1 1 0 1 1 1 0 1
97 15 7231 0 1 1 1 0 1 1 1 1 1 1 1 1 1 1
98 15 6766 1 1 1 1 0 0 1 1 1 1 1 1 1 1 1
99 15 6821 1 0 1 1 0 1 1 1 1 1 1 1 1 1 1
100 15 5186 1 1 1 1 1 1 1 1 1 0 1 1 0 1 1
