1 10 522 36 574 1 253 43 636 113 1266 202 2068 10 334 149 1588 209 2126 28 495 65 831

[1, 0, 0, 0, 0, 0, 0, 0, 0, 0],         574
[1, 1, 0, 0, 0, 0, 0, 0, 0, 0],         827
[1, 1, 1, 0, 0, 0, 0, 0, 0, 0],         1463
[1, 1, 1, 1, 0, 0, 0, 0, 0, 0],         2729
[1, 1, 1, 1, 1, 0, 0, 0, 0, 0],         4797
[1, 1, 1, 1, 1, 1, 0, 0, 0, 0],         5131
[1, 1, 1, 1, 1, 1, 1, 0, 0, 0],         6719
[1, 1, 1, 1, 1, 1, 1, 1, 0, 0],         8845
[1, 1, 1, 1, 1, 1, 1, 1, 1, 0],         9340
[1, 1, 1, 1, 1, 1, 1, 1, 1, 1],         10171


[574, 827, 1463, 2729, 4797, 5131, -32, -241, -269, -334]



[1, 1, 1, 1, 1, 1, 0, 0, 1, 1] 6457
[1, 1, 1, 1, 1, 1, 0, 1, 0, 0]





[[1, 1, 1, 1, 1, 1, 0, 0, 0, 0],
[1, 1, 1, 1, 1, 1, 0, 0, 0, 0],
[1, 1, 1, 1, 1, 0, 0, 0, 0, 0],
[1, 1, 1, 1, 1, 1, 0, 0, 0, 0],
[1, 1, 1, 1, 0, 0, 0, 0, 0, 0],
[1, 1, 1, 1, 1, 0, 0, 0, 0, 0],
[1, 1, 1, 0, 0, 0, 0, 0, 0, 0],
[1, 1, 1, 1, 1, 1, 0, 1, 0, 0],
[1, 1, 0, 1, 1, 1, 0, 0, 0, 0],
[1, 1, 1, 1, 0, 0, 0, 0, 0, 0]]