(0.5,0.018380289185403798)(0.15,0.020653919145365292)(0.25,0.017073394335985374)(0.35,0.016904965854803684)(0.45,0.018835950043455615)(0.55,0.013578660421716625)(0.65,0.017103032048371575)(0.75,0.010497703895601621)(0.85,0.016842295433917506)(0.95,0.014082034152694819)(1,0.010817297458484192)


(0,0.01519465178888542)
		(0.1,0.017543234073699027)(0.15,0.020653919145365292)
		(0.2,0.019654109332085366)(0.25,0.017073394335985374)
		(0.3,0.02030983119503916)(0.35,0.016904965854803684)
		(0.4,0.018408494138927096)(0.45,0.018835950043455615)
		(0.5,0.011336264695168899)(0.55,0.013578660421716625)
		(0.6,0.012811191864908074)(0.65,0.017103032048371575)
		(0.7,0.01286220331444826)(0.75,0.010497703895601621)
		(0.8,0.01441329385384162)(0.85,0.016842295433917506)
		(0.9,0.011742575339359348)(0.95,0.014082034152694819)
		(1,0.012369954056459038)