1 30 23525 1 1 1 1 1 1 1 1 1 1 1 1 1 1 0 1 1 0 0 1 0 0 0 1 1 0 1 1 1 1
2 30 24992 0 0 0 1 1 0 1 1 1 1 1 0 1 1 1 1 1 0 1 1 1 1 1 0 0 1 1 1 1 1
3 30 29749 0 1 1 1 0 1 0 0 1 1 1 1 1 1 0 0 1 1 1 1 1 0 1 1 1 1 1 1 0 1
4 30 26696 0 1 1 1 1 1 1 1 1 1 1 0 1 0 1 1 0 1 1 0 1 0 1 1 1 0 1 1 1 0
5 30 27138 1 1 1 0 1 0 0 1 1 1 1 1 0 1 1 1 0 1 1 1 1 1 1 0 1 1 0 1 1 1
6 30 28424 1 0 1 1 1 1 1 0 1 1 0 0 1 1 0 1 1 1 1 1 1 0 1 0 1 1 0 1 1 1
7 30 27847 1 0 1 0 1 1 1 0 1 1 0 1 1 1 1 1 1 1 1 1 1 0 0 1 1 1 1 1 0 1
8 30 28568 0 1 1 0 1 1 1 1 1 0 1 1 0 1 1 1 0 1 1 1 1 1 1 0 0 1 1 1 1 0
9 30 28456 1 1 1 1 0 1 1 1 1 1 1 1 1 1 0 0 1 0 1 1 0 0 1 1 1 1 1 0 1 1
10 30 28414 1 1 1 1 1 1 1 0 0 1 1 1 0 0 1 1 1 1 1 1 1 1 1 0 1 1 1 1 0 1
11 30 24833 1 0 0 1 1 1 1 1 1 1 1 0 1 1 0 1 1 1 0 1 0 1 1 1 1 1 1 1 1 0
12 30 26820 1 0 1 1 1 1 0 1 1 1 1 1 0 1 1 1 1 1 1 1 0 1 1 1 1 1 0 1 0 0
13 30 26454 0 0 1 1 1 1 1 0 1 1 0 1 1 1 1 1 1 1 1 1 1 1 0 0 1 1 1 0 1 1
14 30 24920 1 0 1 1 1 0 0 1 1 1 1 1 1 1 1 1 1 1 0 0 1 1 1 1 1 0 1 0 1 1
15 30 24083 0 1 1 1 1 1 1 1 1 1 1 1 0 1 1 1 1 0 0 1 1 0 1 1 1 1 0 1 1 1
16 30 26943 1 1 1 1 1 0 1 1 0 1 1 1 1 1 1 1 0 1 1 1 1 1 0 1 1 0 1 1 0 0
17 30 26335 1 1 1 1 0 1 0 1 1 1 1 1 1 1 1 1 0 0 0 1 1 1 0 0 1 1 1 0 1 1
18 30 29625 1 0 0 1 0 1 0 1 1 1 1 1 1 1 0 1 1 0 1 1 1 1 1 1 0 1 0 1 1 1
19 30 27478 1 1 0 1 1 1 1 0 1 1 0 1 1 1 1 1 1 1 1 1 1 0 0 1 1 0 0 1 1 1
20 30 29240 0 1 1 1 1 0 1 1 0 0 1 1 1 1 0 1 1 1 1 0 1 1 1 1 0 1 1 0 1 1
21 30 26624 1 1 1 1 0 1 1 1 1 1 1 1 0 1 0 1 1 1 1 1 1 0 1 0 1 1 1 1 1 0
22 30 25199 1 1 1 1 1 1 1 1 0 1 1 0 1 0 1 1 1 1 0 1 1 1 1 1 0 0 1 1 1 0
23 30 27756 0 1 0 1 1 0 1 1 1 1 0 1 1 1 1 0 1 0 1 1 1 0 1 1 1 1 1 1 0 1
24 30 25789 1 1 1 0 1 1 1 1 1 1 1 1 1 1 1 1 1 0 1 1 0 1 0 0 0 1 0 1 1 1
25 30 26716 1 1 1 1 1 1 0 1 1 1 1 1 1 0 1 0 0 0 1 1 1 0 1 1 0 1 1 1 1 1
26 30 25455 1 1 0 1 1 1 0 1 1 1 1 0 0 1 1 1 1 1 1 0 1 1 1 0 1 1 1 1 1 0
27 30 26143 1 1 1 0 1 1 0 1 1 1 1 0 1 1 1 1 1 0 0 1 0 1 1 0 1 1 0 1 1 1
28 30 27510 1 1 1 1 1 0 1 1 1 0 1 1 1 0 1 0 1 0 0 1 1 1 1 1 1 1 1 1 0 1
29 30 26375 1 0 1 1 1 0 1 0 1 1 0 1 1 1 1 1 1 0 1 0 1 1 1 0 1 1 1 1 1 1
30 30 27541 1 0 0 1 1 0 1 1 1 1 1 1 1 0 1 1 1 1 1 1 1 1 0 1 0 1 0 1 0 1
31 30 27878 1 1 1 1 0 1 0 0 1 0 1 1 1 1 1 0 1 1 1 1 0 1 1 1 1 0 1 1 0 1
32 30 27015 1 1 0 0 1 0 1 1 0 0 1 1 1 1 1 1 1 1 1 1 1 0 1 1 1 0 1 1 1 0
33 30 26847 1 1 1 0 0 1 1 1 1 0 1 0 0 1 1 1 0 1 1 1 1 1 1 1 1 0 0 1 1 1
34 30 30702 1 1 0 1 0 1 1 1 1 1 1 0 1 1 1 1 1 0 1 1 1 1 1 0 0 1 0 0 1 1
35 30 24743 0 1 0 1 1 1 1 1 0 1 1 1 1 0 1 1 1 0 1 1 1 1 0 1 1 1 1 0 1 1
36 30 27955 1 1 1 1 1 0 1 1 1 0 1 1 1 1 0 0 1 1 0 1 0 0 1 1 1 0 1 1 1 1
37 30 25803 1 1 1 0 0 1 1 0 0 1 1 1 1 1 1 1 1 1 1 0 1 1 1 1 1 0 1 1 1 0
38 30 28030 1 1 1 1 1 0 1 1 0 0 1 1 1 1 0 1 1 1 1 1 1 0 0 1 1 1 0 1 1 0
39 30 24958 1 1 1 0 1 0 1 1 0 1 1 1 1 1 0 1 1 1 1 0 0 1 1 1 0 1 1 1 1 1
40 30 29461 1 1 1 0 0 1 0 1 0 1 1 1 0 1 1 1 1 1 1 0 1 0 1 1 1 1 1 1 1 0
41 30 26896 1 1 1 1 1 0 1 1 1 0 1 1 1 1 0 1 1 0 1 0 1 1 1 1 1 1 0 1 1 1
42 30 27871 1 0 1 0 1 1 0 1 1 1 1 1 1 1 0 0 1 1 1 1 1 1 0 1 1 0 0 1 1 1
43 30 25960 1 0 1 1 1 1 1 1 1 0 0 0 1 1 1 0 0 1 1 1 1 1 0 1 1 1 1 1 1 1
44 30 26882 1 1 1 1 0 1 1 1 0 1 1 1 1 1 1 0 1 1 1 1 1 1 1 0 1 0 1 0 0 1
45 30 26621 1 0 1 1 1 1 1 1 1 0 1 1 1 1 1 1 0 0 1 1 0 1 1 1 1 1 0 0 0 1
46 30 26065 1 1 0 1 1 1 1 1 0 1 1 1 1 1 0 1 1 1 1 1 0 1 1 1 1 0 0 1 1 1
47 30 25959 0 1 1 1 1 0 1 1 1 0 1 1 1 1 1 1 1 0 1 1 1 1 1 1 0 1 1 1 0 0
48 30 25035 1 0 0 1 1 1 1 1 1 1 0 1 1 1 1 0 1 1 1 0 1 1 1 1 1 0 1 1 0 1
49 30 27255 0 1 0 0 1 1 1 1 1 0 1 1 1 1 1 1 1 1 0 0 0 1 1 1 1 1 1 1 1 0
50 30 28081 1 0 0 1 1 1 1 0 0 1 1 1 1 1 0 1 1 0 1 1 1 0 1 1 1 1 1 1 1 1
51 30 27692 1 0 1 1 1 1 1 1 0 0 1 1 0 1 1 1 1 0 1 1 1 1 0 1 1 0 1 1 1 1
52 30 25172 0 1 1 1 1 1 1 1 1 0 1 1 1 1 1 1 0 0 0 1 1 1 1 1 0 1 1 0 1 1
53 30 25025 1 0 1 1 1 1 1 0 1 1 1 1 0 1 1 1 0 1 1 0 1 1 1 1 1 0 0 1 1 1
54 30 25878 1 1 1 1 1 1 1 1 1 1 1 0 0 0 0 1 1 1 1 1 1 0 1 0 1 1 0 1 1 1
55 30 27206 1 0 1 1 1 0 1 0 1 1 1 0 1 1 1 1 1 1 1 1 1 1 1 1 1 0 0 0 1 1
56 30 27780 1 1 1 0 0 1 1 1 0 1 1 1 1 1 1 1 1 1 1 0 1 0 0 0 1 1 1 1 1 1
57 30 26435 1 1 1 1 1 0 0 1 1 1 1 1 1 0 0 1 1 1 0 1 1 1 1 1 1 1 0 1 0 0
58 30 26352 0 1 1 1 1 1 0 1 1 1 0 0 0 1 1 0 1 1 1 1 1 1 1 1 1 1 0 1 0 1
59 30 26658 1 1 0 1 1 1 1 0 0 1 1 1 1 1 0 0 0 1 0 1 1 1 1 0 1 1 1 1 1 1
60 30 25206 0 1 0 1 1 1 1 1 0 0 1 0 1 1 1 0 1 1 1 1 1 1 1 0 1 1 1 1 1 1
61 30 25235 0 0 1 1 1 1 1 1 0 1 1 1 1 1 1 1 0 1 1 1 0 1 0 1 1 1 0 1 1 1
62 30 28050 1 1 0 1 1 1 0 1 1 1 1 0 1 0 1 1 1 1 0 1 1 0 1 1 1 1 1 0 1 1
63 30 25560 0 1 1 1 0 0 1 1 1 1 1 1 1 0 0 1 1 1 1 0 1 1 0 1 1 1 1 1 0 1
64 30 26294 0 1 0 1 1 1 1 1 1 0 0 1 1 1 1 1 1 1 1 1 1 1 1 1 0 1 1 1 0 0
65 30 24663 0 1 1 1 1 0 1 1 1 1 0 1 1 1 1 1 1 1 1 0 1 0 0 1 1 1 1 0 1 1
66 30 23138 1 0 1 1 1 1 0 1 0 0 1 1 1 1 1 0 0 0 1 1 1 1 1 1 1 1 1 1 1 0
67 30 28115 1 1 1 0 1 0 0 1 1 1 0 1 1 1 1 1 0 0 1 1 0 1 1 1 1 1 1 1 1 1
68 30 29796 0 1 1 0 0 1 1 1 1 1 0 1 1 1 0 0 0 1 1 1 1 1 0 1 1 0 1 1 1 1
69 30 25665 1 1 0 1 1 1 1 0 1 1 1 0 1 0 1 1 0 1 1 1 0 1 1 1 1 1 0 1 1 0
70 30 28368 1 1 1 1 0 1 1 1 1 0 0 1 1 0 1 0 1 1 0 1 1 1 1 1 1 0 1 1 1 0
71 30 26745 1 0 0 1 1 1 1 0 1 1 1 1 1 1 0 1 1 1 1 1 0 1 1 0 0 1 1 1 1 0
72 30 27505 1 0 0 1 0 1 0 1 1 1 1 1 1 1 1 1 1 1 1 1 1 0 1 0 0 0 1 1 1 1
73 30 25452 1 1 1 1 0 1 1 0 1 1 1 1 0 0 1 1 1 0 1 1 1 0 1 0 1 1 1 1 1 1
74 30 24814 1 1 1 1 0 1 1 1 1 1 1 0 1 0 0 1 0 1 1 1 1 1 1 1 1 1 1 0 0 1
75 30 23090 1 0 1 1 1 1 1 1 1 0 1 1 1 0 1 1 1 1 0 1 1 0 1 1 0 1 1 1 1 0
76 30 27415 1 1 1 1 1 1 1 1 1 1 1 1 1 0 1 0 0 1 1 1 0 1 1 0 1 0 1 0 1 1
77 30 27336 1 1 1 1 1 1 1 1 1 1 1 0 1 0 1 1 1 1 0 1 0 1 1 0 1 0 0 0 1 1
78 30 26688 1 1 1 1 1 1 1 0 1 0 1 1 1 1 0 1 0 1 1 1 1 1 1 0 1 0 0 1 1 1
79 30 28279 0 1 0 1 1 1 1 1 1 1 1 1 1 0 1 1 1 1 1 1 0 0 0 1 0 1 1 1 1 1
80 30 25067 1 1 1 1 1 0 0 1 0 1 0 1 1 1 1 1 1 0 1 1 1 1 1 1 1 1 0 1 1 0
81 30 27650 0 1 1 1 1 1 1 1 1 1 1 1 0 1 1 1 1 1 1 0 0 1 1 1 1 0 0 0 1 1
82 30 25764 1 1 1 0 1 1 1 0 0 1 1 1 1 1 1 0 1 1 1 0 1 0 1 1 1 1 1 1 1 1
83 30 28798 1 0 0 1 0 1 0 1 1 0 1 1 1 1 1 1 1 1 1 1 1 1 1 1 1 0 1 1 0 1
84 30 25041 1 0 1 0 1 1 1 1 1 1 1 0 1 1 0 1 1 1 1 1 1 1 0 1 0 1 1 0 1 1
85 30 26936 1 1 1 0 1 1 1 1 1 1 0 1 1 1 1 1 0 1 1 1 0 0 0 0 1 1 1 1 1 0
86 30 23467 1 1 1 1 1 0 1 1 1 1 0 1 0 0 1 1 1 1 1 0 0 0 0 1 1 1 1 1 1 1
87 30 24869 1 0 1 1 1 1 1 1 1 1 1 1 1 1 1 0 0 0 1 1 1 0 1 1 1 1 1 0 1 0
88 30 26392 1 1 1 1 1 0 0 1 1 1 1 1 1 0 1 1 0 1 1 1 1 0 1 1 1 1 0 1 1 1
89 30 30121 1 1 1 1 1 1 1 1 0 1 1 0 0 1 0 1 1 1 0 0 1 1 0 0 1 1 1 1 1 1
90 30 28488 1 0 0 1 1 0 1 1 1 0 1 1 1 1 1 0 1 1 1 1 1 1 1 0 1 0 1 1 0 1
91 30 24663 1 0 1 0 0 1 1 1 1 1 0 1 1 0 1 1 1 1 1 0 1 1 1 1 1 1 1 1 1 0
92 30 27854 1 1 1 1 0 1 0 1 0 1 1 1 1 1 1 1 1 1 1 0 1 0 1 1 1 0 1 1 1 1
93 30 25744 1 0 1 1 1 1 0 1 1 1 1 0 1 0 0 1 1 1 1 0 1 1 1 1 1 1 1 1 1 0
94 30 25488 1 1 1 1 0 1 1 1 1 0 1 0 1 0 1 1 0 1 1 1 1 1 0 0 1 1 1 1 1 1
95 30 28606 1 1 1 1 1 0 0 1 0 1 1 1 1 1 1 1 1 1 1 0 1 1 1 0 0 0 1 1 1 1
96 30 29259 0 1 0 1 1 1 0 0 0 1 1 1 1 1 1 1 1 1 1 1 1 1 0 1 1 0 0 1 1 1
97 30 24293 1 1 1 1 1 0 0 1 1 0 1 1 1 1 1 1 0 1 0 0 1 1 1 1 1 1 1 1 1 1
98 30 26257 1 1 1 1 0 0 1 1 1 1 1 1 1 1 0 0 1 0 1 1 0 1 0 1 1 1 1 1 1 1
99 30 28106 1 0 1 1 1 0 0 0 1 1 1 1 1 1 1 1 1 1 0 0 1 1 1 1 0 1 1 1 0 1
100 30 26699 0 1 0 1 1 1 1 0 1 0 1 1 1 1 1 1 1 1 1 1 0 1 1 1 1 0 1 1 0 1
101 30 31188 1 1 1 0 1 0 1 1 1 1 0 1 1 1 1 1 1 1 0 1 1 0 0 0 0 1 1 1 1 0
102 30 28686 1 1 1 1 1 1 1 1 1 0 0 0 1 1 0 1 1 0 1 1 0 0 1 1 0 1 1 1 1 1
103 30 24838 1 1 0 1 0 1 1 1 1 1 0 1 0 1 1 1 1 1 1 0 1 1 0 1 0 1 1 1 1 1
104 30 24564 1 1 1 1 1 1 0 1 1 1 0 0 0 1 0 1 1 1 1 1 1 1 0 1 1 1 1 1 1 0
105 30 25806 1 1 0 1 1 1 1 1 1 1 1 1 1 1 0 1 0 1 1 0 1 1 1 0 1 1 1 0 1 1
106 30 25479 1 1 1 0 1 1 1 1 1 0 1 1 1 1 1 1 0 0 1 1 1 0 1 1 0 1 1 1 0 1
107 30 25797 1 1 1 0 1 1 1 1 1 1 0 0 0 1 1 1 1 1 1 1 1 0 1 1 0 1 0 1 0 1
108 30 29797 1 0 1 0 1 1 1 1 0 1 0 0 1 1 1 0 1 1 1 1 0 0 1 1 1 1 1 1 1 1
109 30 25045 1 1 0 1 1 0 1 1 0 1 1 0 1 1 1 1 1 0 1 1 0 1 0 1 1 1 1 1 1 1
110 30 23229 1 0 1 1 1 0 1 1 1 1 1 0 1 1 1 1 1 1 1 1 1 1 1 1 1 1 1 0 0 0
111 30 29307 1 1 1 1 0 1 1 0 1 1 1 1 1 0 0 0 1 1 1 1 1 0 1 0 1 1 1 0 1 1
112 30 25376 1 1 1 1 1 1 1 0 1 1 1 1 0 0 1 1 1 1 1 1 1 0 1 1 0 1 0 1 1 0
113 30 26962 1 1 1 0 1 1 1 1 1 0 1 1 1 1 1 0 1 1 1 0 1 0 1 1 1 1 1 0 0 1
114 30 32292 1 1 1 1 1 1 0 1 1 0 1 1 1 0 1 0 1 1 0 1 1 1 0 1 1 1 1 0 0 1
115 30 28950 1 1 0 1 1 1 1 1 1 1 1 0 1 0 1 1 1 0 0 1 1 1 0 1 1 1 1 0 1 1
116 30 29477 1 1 1 1 1 1 1 1 1 0 1 0 1 1 0 0 0 0 1 1 1 0 1 0 1 0 1 1 1 1
117 30 25063 1 1 1 1 1 1 1 0 1 1 0 1 0 1 1 1 0 1 1 1 1 0 0 0 1 1 1 1 1 1
118 30 25067 1 0 0 1 0 1 1 0 1 1 1 1 1 1 0 1 1 1 1 0 1 1 1 1 1 1 1 1 1 0
119 30 22402 1 1 1 1 1 1 0 1 0 1 1 0 1 1 1 1 1 1 1 1 1 1 1 0 1 0 1 0 1 0
120 30 28954 1 1 1 1 0 1 1 1 1 0 1 0 1 0 1 0 1 1 1 1 1 1 0 0 1 1 0 1 1 1
121 30 30680 0 1 1 1 1 1 1 0 1 1 1 1 1 0 1 1 0 1 1 0 0 1 1 1 1 1 0 0 1 1
122 30 27865 1 1 0 0 0 1 1 1 1 1 1 1 1 1 0 1 1 0 1 1 1 1 0 1 1 0 1 1 0 1
123 30 28464 0 1 1 1 0 1 1 1 1 1 1 0 1 0 0 0 1 1 1 0 1 1 1 1 1 1 1 1 0 1
124 30 29412 1 0 1 1 1 0 1 1 1 1 1 0 0 1 1 0 0 1 1 1 1 0 1 1 1 1 1 1 1 1
125 30 25503 1 1 1 0 1 0 0 1 1 1 1 1 1 1 1 1 1 1 0 0 1 1 1 1 1 0 1 1 0 1
126 30 27130 1 0 1 0 1 0 0 1 1 1 1 0 1 1 1 1 1 1 1 0 0 1 1 1 1 0 1 1 1 1
127 30 29182 1 1 1 1 1 1 1 1 0 1 1 0 1 0 0 1 1 0 0 1 1 1 1 1 1 1 0 1 1 1
128 30 27481 0 1 1 1 1 1 1 0 1 1 1 1 0 1 1 0 1 1 1 0 1 1 1 1 1 0 0 1 0 1
129 30 26268 0 1 1 1 0 1 1 1 0 1 1 1 1 1 1 1 1 1 0 1 0 1 1 1 0 1 1 0 1 1
130 30 28792 1 0 1 1 1 1 1 1 1 1 1 1 1 1 1 0 0 1 1 1 0 1 0 1 1 0 0 1 0 1
131 30 26892 1 1 0 1 1 1 1 1 1 1 0 1 1 1 1 1 0 1 1 1 0 1 0 1 1 0 0 1 1 0
132 30 26192 1 1 1 1 1 0 1 0 1 1 1 0 1 0 1 1 1 1 1 0 1 0 0 1 0 1 1 1 1 1
133 30 27167 1 0 0 1 1 0 1 1 1 1 1 0 1 1 1 0 1 1 0 1 0 1 1 1 1 1 1 1 1 1
134 30 26356 0 1 1 1 1 1 1 1 0 0 1 1 1 0 1 1 1 1 0 1 1 0 1 0 1 1 0 1 0 1
135 30 24024 1 0 1 1 1 0 1 1 0 1 1 1 1 1 1 1 1 1 0 1 1 1 1 1 0 1 1 1 0 1
136 30 26266 0 1 1 1 0 1 1 1 1 0 0 1 1 1 1 1 1 1 0 1 1 1 1 0 1 1 0 1 1 1
137 30 22544 1 1 0 1 0 1 0 0 1 1 1 1 1 1 1 1 1 1 1 1 1 1 1 0 0 1 1 0 1 1
138 30 29283 1 0 0 1 1 1 1 0 1 1 1 1 1 1 1 0 1 1 1 1 1 0 1 0 0 1 0 1 1 1
139 30 25922 1 1 1 1 0 1 1 1 0 1 1 1 1 1 1 0 0 0 1 1 1 1 1 1 0 1 0 1 0 1
140 30 24845 0 1 1 1 1 0 1 1 1 1 0 1 1 1 1 1 1 0 0 0 1 0 1 1 1 1 0 1 1 1
141 30 24055 1 1 0 1 0 0 1 0 1 1 1 1 1 1 1 1 1 1 1 1 1 0 1 0 1 1 0 1 1 1
142 30 24697 1 1 1 1 0 1 1 0 1 1 1 1 1 1 0 1 1 0 0 1 0 1 1 1 1 1 1 1 0 1
143 30 25337 0 1 1 1 1 1 1 1 1 1 1 1 0 0 0 1 1 1 1 0 0 0 0 1 1 1 1 1 1 1
144 30 24896 1 1 1 0 0 1 1 1 0 1 1 1 1 0 1 1 0 1 1 1 1 1 0 1 1 1 1 1 1 0
145 30 28133 1 1 1 1 1 0 0 1 1 1 1 1 1 0 0 1 0 1 0 1 1 1 0 1 0 1 1 1 1 1
146 30 28471 1 1 1 1 0 1 1 1 0 0 1 0 1 1 1 1 0 0 1 1 1 1 1 1 1 0 1 1 1 0
147 30 26059 1 1 1 0 0 1 1 1 1 1 0 1 1 1 1 1 0 1 1 1 1 0 1 1 1 1 1 0 1 0
148 30 27807 1 1 1 0 1 1 0 0 1 1 1 1 1 0 1 1 1 1 1 1 1 1 0 1 1 0 1 1 1 1
149 30 23883 1 1 1 1 1 1 1 0 1 0 1 1 1 1 1 0 1 0 1 1 1 0 1 1 0 1 1 0 1 1
150 30 25099 1 1 1 1 1 1 1 1 1 0 1 1 1 1 0 1 1 1 1 1 1 1 1 1 0 0 1 0 0 1
151 30 26235 0 1 1 1 1 1 0 1 1 0 1 0 1 1 1 1 1 1 1 1 0 1 0 1 0 0 1 1 1 1
152 30 27094 1 1 1 1 0 1 1 1 1 1 1 0 0 1 1 1 1 1 1 1 1 1 0 1 1 0 1 1 0 0
153 30 29548 0 1 1 1 1 1 1 0 1 1 1 0 1 0 1 1 1 0 0 1 1 1 0 1 1 1 0 1 1 1
154 30 26444 1 0 1 1 1 1 1 1 1 0 1 1 1 1 1 0 1 1 0 0 1 1 0 1 1 0 1 1 1 1
155 30 25035 1 1 1 1 1 1 1 0 1 1 1 1 0 1 1 1 0 0 1 0 0 1 1 1 1 0 0 1 1 1
156 30 26145 0 1 0 1 1 1 1 1 1 1 1 0 0 1 1 1 1 0 1 0 1 1 1 0 1 1 1 1 1 1
157 30 27469 0 1 1 1 0 1 0 1 1 1 1 1 1 1 1 1 1 1 1 1 1 1 0 0 1 0 0 1 1 1
158 30 24934 0 1 1 1 1 1 1 1 1 1 1 1 1 0 1 0 0 1 1 1 0 1 1 1 0 1 1 1 1 0
159 30 27143 1 1 1 0 0 1 1 0 1 1 1 1 1 0 1 1 1 1 1 1 1 0 0 1 1 1 1 1 0 1
160 30 26893 1 0 1 1 1 1 1 1 0 1 0 1 1 0 1 0 1 0 1 1 1 1 1 1 1 1 1 1 0 0
161 30 26808 1 1 1 1 1 1 1 1 1 1 1 0 1 1 0 1 1 1 0 0 0 0 1 1 1 1 1 1 1 0
162 30 29249 1 1 0 1 1 0 1 1 0 1 1 1 1 1 0 1 1 0 1 1 0 1 0 1 1 0 1 1 1 1
163 30 27597 0 0 0 0 1 1 1 1 1 1 0 1 0 1 1 1 1 1 0 1 1 1 1 1 0 1 1 1 1 1
164 30 30524 1 1 0 1 1 1 0 1 0 1 0 0 1 1 0 1 1 1 0 1 1 1 1 1 1 0 1 0 1 1
165 30 23888 1 1 1 1 1 1 0 1 1 1 1 0 1 0 0 0 1 0 1 1 1 1 1 1 1 1 1 1 1 0
166 30 23340 1 0 1 1 1 1 1 1 1 1 0 1 1 1 1 1 1 1 1 0 0 1 1 1 1 0 1 0 1 1
167 30 31064 1 1 1 1 1 0 1 1 1 1 1 0 1 0 1 0 0 1 0 0 1 1 1 1 1 1 1 1 0 1
168 30 23872 0 1 1 1 0 1 0 0 1 1 1 1 0 1 1 1 1 0 1 0 1 1 1 1 1 1 1 1 1 1
169 30 29230 0 0 1 1 0 1 1 1 0 0 1 1 1 1 1 1 1 1 0 0 1 1 1 1 1 1 1 1 1 0
170 30 25594 1 1 0 1 0 1 0 1 1 0 1 1 1 1 1 1 1 1 1 1 1 1 0 0 1 1 1 0 1 1
171 30 26514 1 1 0 1 1 1 0 1 0 0 1 1 1 1 1 1 1 1 0 0 1 1 1 1 1 0 1 1 0 1
172 30 22955 1 1 1 1 1 1 1 1 1 0 1 1 1 1 0 1 1 0 1 0 1 0 1 1 0 1 1 1 1 1
173 30 27463 1 1 1 0 0 1 1 1 1 0 1 0 1 1 1 0 1 1 1 1 1 1 1 0 1 1 1 0 1 1
174 30 27065 1 1 1 1 0 1 1 1 1 1 1 0 1 1 1 0 1 0 1 1 1 1 1 0 1 1 1 1 0 0
175 30 27535 1 1 1 0 1 0 1 1 1 1 1 1 1 0 0 1 1 1 1 1 0 0 1 1 1 1 1 0 1 1
176 30 27347 1 1 1 1 1 1 0 1 0 0 1 1 1 1 1 1 1 1 1 1 0 1 1 1 0 0 0 1 1 1
177 30 25523 1 1 1 0 1 1 1 1 1 1 0 0 1 1 0 1 1 0 0 0 0 1 1 1 1 1 1 1 1 1
178 30 22595 0 1 1 1 1 1 0 1 1 1 1 1 1 1 1 1 0 1 1 1 0 1 1 1 1 0 1 1 0 0
179 30 28109 1 1 0 1 0 1 1 1 1 1 0 1 0 1 1 1 1 0 0 1 1 1 1 1 1 1 1 1 0 0
180 30 25740 1 1 1 1 1 1 0 1 1 1 1 0 0 1 0 0 1 1 0 1 1 1 1 1 1 1 1 1 1 1
181 30 29574 1 1 1 1 0 0 0 1 1 1 1 1 1 1 1 1 0 1 1 1 0 1 1 0 0 0 1 1 1 1
182 30 24737 1 1 0 1 1 1 1 1 1 1 0 1 1 1 1 0 1 0 1 0 1 1 1 1 1 0 1 1 1 0
183 30 27129 0 1 1 1 1 0 1 1 1 0 1 1 1 0 1 1 1 1 0 1 1 1 0 1 1 0 1 1 0 1
184 30 26000 1 1 1 1 1 1 1 1 0 1 0 1 1 1 0 1 1 1 0 0 1 1 0 1 1 1 1 1 1 1
185 30 23405 1 1 1 1 1 1 0 1 0 0 1 0 1 1 1 0 1 1 1 1 1 0 1 1 0 1 1 1 1 1
186 30 24090 1 1 1 1 1 0 1 1 0 1 1 0 1 0 1 1 1 1 1 1 1 0 0 1 1 1 1 0 1 1
187 30 26299 1 1 1 1 1 1 0 0 1 0 0 1 1 1 1 1 1 1 0 1 1 0 1 0 1 0 1 1 1 1
188 30 28484 0 1 1 1 1 1 0 1 1 1 1 0 0 1 0 1 1 1 1 1 0 0 1 1 1 1 1 1 1 0
189 30 29932 1 1 1 0 1 0 1 1 1 1 1 0 1 1 1 1 0 1 0 1 1 1 1 1 0 1 1 0 1 0
190 30 26997 1 0 1 1 0 1 0 1 1 1 1 0 1 1 1 1 0 1 1 1 1 1 0 1 0 1 1 1 1 1
191 30 25386 1 1 1 1 1 1 1 0 1 1 0 1 1 1 1 1 1 0 1 1 1 1 1 1 0 0 1 1 0 0
192 30 26064 0 1 0 1 0 1 1 0 1 1 1 1 1 0 1 1 1 0 1 1 1 0 1 1 1 1 1 1 1 1
193 30 26589 1 1 1 0 1 1 1 1 0 1 1 1 0 1 1 1 1 1 1 1 1 1 0 0 1 0 1 1 1 0
194 30 25148 1 1 1 1 1 1 0 0 1 1 1 1 1 1 0 1 1 0 1 1 1 1 1 1 1 1 1 0 0 1
195 30 22928 1 1 1 1 1 1 0 0 0 1 1 1 1 0 1 1 1 1 1 0 1 1 1 1 0 1 1 1 1 1
196 30 25234 1 1 1 1 0 1 1 1 0 1 1 1 1 1 1 0 1 1 1 1 1 1 0 0 1 0 1 1 0 0
197 30 24951 1 1 0 1 1 0 1 1 1 1 1 1 0 1 1 1 1 0 0 0 0 1 1 1 1 1 1 0 1 1
198 30 24954 1 1 1 0 1 0 1 0 1 1 1 1 1 1 1 1 1 1 1 1 1 0 0 1 1 1 0 1 0 1
199 30 27371 1 1 0 1 1 1 0 1 1 1 1 1 0 0 1 1 0 1 1 0 1 1 1 1 1 1 1 0 1 1
200 30 29100 1 1 1 1 1 1 0 1 1 1 0 1 1 1 1 1 1 0 1 1 1 0 0 0 1 1 1 1 0 0
201 30 26248 1 1 1 1 0 0 1 1 0 0 1 1 0 1 1 0 0 1 1 1 1 1 1 1 1 1 1 1 1 0
202 30 24786 1 1 1 1 0 1 1 1 0 1 1 0 1 1 1 1 1 0 0 1 1 1 1 0 1 1 1 1 0 1
203 30 25907 1 1 1 0 1 1 1 1 1 1 1 1 1 0 0 1 0 1 0 1 1 1 0 1 1 0 1 1 1 1
204 30 26505 0 1 1 1 1 1 1 0 1 1 1 1 0 1 1 0 1 1 1 1 0 1 1 1 0 1 0 1 1 1
205 30 24714 1 1 1 1 0 0 1 1 1 1 1 1 0 1 1 1 0 1 1 1 1 1 1 1 0 1 0 1 1 1
206 30 26766 1 1 1 1 1 0 1 1 0 1 0 1 1 1 0 1 0 1 1 1 1 0 1 1 1 1 1 0 1 1
207 30 21360 1 0 1 1 1 0 1 1 1 1 1 0 0 1 1 1 1 1 1 0 0 1 1 1 1 1 1 1 1 1
208 30 28144 1 0 1 1 1 0 1 1 0 1 1 1 1 1 1 1 1 0 0 1 0 1 1 1 1 0 1 1 1 1
209 30 23700 1 1 1 0 0 1 1 1 1 0 1 1 1 1 0 1 0 1 1 1 0 1 1 1 0 1 1 1 1 1
210 30 25303 1 1 1 1 0 1 0 1 1 1 1 0 1 0 1 1 1 1 0 1 1 1 1 1 0 1 0 1 1 1
211 30 30054 0 1 1 1 0 1 1 0 0 1 1 1 1 1 0 1 1 1 1 0 1 1 0 1 1 1 1 1 0 1
212 30 26300 1 1 1 0 1 1 1 0 0 1 1 1 0 1 0 1 1 1 1 1 1 1 1 1 1 0 1 1 1 0
213 30 27295 1 1 1 1 0 1 1 0 1 1 0 1 0 1 0 0 1 1 1 1 1 0 1 1 0 1 1 1 1 1
214 30 31315 0 1 1 1 1 1 1 0 0 1 1 1 1 1 1 1 1 0 1 0 0 1 1 0 1 1 1 0 1 1
215 30 28144 1 0 1 1 1 0 1 0 1 0 1 0 1 1 1 1 1 0 1 1 1 1 1 1 1 1 0 1 1 1
216 30 26055 1 0 1 1 0 1 1 1 1 1 0 1 0 0 1 0 1 1 1 1 1 1 1 1 1 1 1 1 1 0
217 30 24636 1 1 0 1 1 1 1 0 1 1 0 1 0 1 1 1 0 1 1 1 1 0 1 1 1 1 1 1 1 0
218 30 24233 1 1 1 1 1 1 1 0 0 1 1 1 1 1 0 1 1 1 1 1 0 1 0 1 0 1 1 0 1 1
219 30 25117 1 1 1 1 1 0 1 1 1 0 1 1 1 1 1 0 1 1 0 0 1 0 1 1 1 1 1 1 1 0
220 30 28131 1 1 1 0 1 0 0 1 1 1 0 1 1 1 1 1 1 0 1 1 1 0 1 1 1 1 1 1 1 0
221 30 28369 1 1 1 1 1 0 1 0 1 1 0 1 0 1 1 1 1 1 1 1 1 0 1 1 0 1 1 0 1 1
222 30 27996 0 1 0 1 0 1 1 0 1 1 1 1 1 1 1 0 1 1 1 0 1 1 0 1 1 1 1 1 1 1
223 30 26013 1 1 1 1 1 0 0 1 0 1 1 1 1 1 1 0 1 1 1 0 0 1 1 1 1 1 1 0 1 1
224 30 27857 1 1 0 1 1 0 0 1 1 1 1 1 1 1 0 1 1 1 1 0 1 1 0 1 0 1 0 1 1 1
225 30 28352 0 1 1 1 1 1 1 1 1 0 1 1 0 1 1 1 1 0 1 0 1 1 0 1 1 1 1 0 1 0
226 30 27601 1 1 1 1 1 1 0 1 1 0 0 1 1 1 0 1 0 1 1 1 1 0 1 1 1 1 1 1 0 1
227 30 25090 1 1 1 1 0 1 1 1 1 1 1 1 0 1 1 0 1 1 1 0 0 1 1 1 0 1 1 1 1 1
228 30 25042 1 1 1 1 0 1 1 1 1 0 1 1 0 1 0 1 1 1 0 1 1 0 0 1 1 1 1 1 1 1
229 30 28621 1 0 1 1 1 1 0 1 0 1 1 1 1 1 1 1 0 1 1 1 1 0 1 1 0 1 0 1 1 1
230 30 26787 1 1 1 1 0 1 1 1 0 1 1 1 0 1 1 1 0 1 0 1 0 1 0 1 1 1 1 1 0 1
231 30 22152 1 1 1 1 1 1 1 1 1 1 0 1 1 0 1 1 1 1 1 1 1 1 1 0 0 1 1 0 1 0
232 30 27966 0 1 1 1 0 0 1 1 1 1 1 1 1 0 1 0 0 1 1 1 1 1 1 1 1 1 0 1 0 1
233 30 26034 1 1 1 1 1 1 1 1 0 0 0 1 1 1 1 1 1 1 1 1 1 1 0 1 0 1 1 1 1 0
234 30 28149 1 1 0 1 1 0 1 1 1 1 1 1 1 1 1 0 0 1 1 0 1 0 1 1 1 1 1 1 0 1
235 30 26076 1 1 1 1 1 1 0 1 1 0 0 1 1 1 1 1 1 1 1 0 1 1 0 1 0 1 1 0 1 1
236 30 25563 1 1 1 1 0 0 1 1 1 1 1 1 1 1 1 1 1 1 0 1 1 1 1 1 0 0 1 0 1 1
237 30 21888 1 1 1 1 1 1 0 1 1 1 1 0 1 0 0 1 1 1 1 0 1 1 1 1 1 0 0 1 1 1
238 30 26416 1 1 1 1 1 0 0 1 1 1 1 1 1 0 0 1 0 1 1 1 1 1 0 1 0 1 1 1 1 1
239 30 24962 1 1 1 1 0 1 1 1 1 1 1 1 1 0 1 0 1 0 0 1 0 1 1 1 1 0 0 1 1 1
240 30 24896 1 1 1 0 1 1 1 0 1 1 1 1 0 1 1 0 1 1 1 1 0 1 1 1 0 1 1 1 0 1
241 30 26517 1 0 1 1 1 1 0 1 1 0 1 1 0 0 1 0 1 1 0 1 1 1 1 1 1 0 1 1 1 1
242 30 22929 1 1 1 1 1 1 1 1 1 0 0 0 1 1 0 1 0 1 1 1 1 1 1 1 1 0 0 1 1 0
243 30 27027 1 1 1 1 1 1 0 0 1 1 1 1 1 1 0 1 0 1 1 1 1 0 1 1 1 0 0 1 1 1
244 30 23747 0 1 0 1 1 1 1 1 1 1 1 0 1 0 1 1 0 1 1 1 1 1 0 1 1 1 1 0 1 1
245 30 24633 1 0 1 1 1 0 1 1 0 1 1 1 0 1 1 1 0 1 1 0 1 1 1 1 1 1 1 1 1 1
246 30 29450 1 1 0 0 1 1 0 1 1 1 1 1 1 1 1 0 1 0 1 1 1 1 1 0 1 1 0 1 1 1
247 30 27157 1 0 1 1 1 1 1 1 1 0 1 1 0 1 1 1 1 0 1 1 1 1 0 1 1 1 1 0 0 1
248 30 26432 1 1 1 1 0 1 0 1 1 1 1 0 1 0 1 0 1 1 1 1 1 1 1 0 1 0 1 1 1 1
249 30 25779 1 1 1 1 1 1 1 1 1 0 0 1 1 1 1 1 1 1 0 1 0 1 0 1 1 0 1 1 0 1
250 30 26396 1 1 1 1 0 1 1 0 0 0 1 0 1 1 0 1 1 1 1 1 1 1 1 1 1 0 1 1 1 1
251 30 25214 1 1 0 1 0 1 1 1 0 1 1 1 1 1 1 1 1 1 1 1 0 1 0 1 1 1 1 1 0 0
252 30 26906 1 1 1 0 0 1 1 0 1 1 0 1 0 1 1 0 0 0 1 1 1 1 1 1 1 1 1 1 1 1
253 30 23307 1 0 1 1 1 0 1 1 0 1 1 1 0 1 0 1 1 1 1 1 1 1 1 1 1 1 1 0 1 1
254 30 26745 0 1 1 1 1 1 1 0 1 1 1 1 1 1 1 1 0 1 1 1 1 0 0 1 1 0 1 0 0 1
255 30 30403 0 0 0 1 1 1 1 1 1 0 0 1 1 1 1 1 1 0 0 1 0 1 1 1 1 1 0 1 1 1
256 30 25766 1 1 1 0 1 0 1 1 0 0 1 1 1 1 1 1 1 0 1 1 1 1 1 1 1 1 1 1 0 0
257 30 22971 0 1 0 1 1 0 1 1 0 1 1 1 1 1 1 1 1 1 1 1 1 1 0 1 1 1 1 1 0 1
258 30 28108 1 1 1 1 1 1 0 1 1 1 1 1 1 1 1 1 0 1 1 1 0 1 1 1 1 0 0 1 0 0
259 30 23314 1 1 1 1 1 1 1 0 1 1 1 0 1 0 1 1 0 0 0 1 1 0 1 1 1 1 1 1 1 1
260 30 25996 1 1 1 1 1 1 0 0 1 1 1 1 1 1 1 0 0 1 0 1 1 0 1 1 1 1 1 1 0 0
261 30 29150 1 0 1 0 1 1 1 0 1 1 0 1 1 1 1 1 0 1 1 1 0 1 1 1 0 1 1 1 0 1
262 30 25863 1 1 1 1 0 0 1 0 0 1 1 0 1 1 1 0 1 1 1 1 1 0 0 1 1 1 1 1 1 1
263 30 29066 0 0 1 0 1 1 1 0 0 1 1 1 1 0 1 1 0 1 1 1 1 1 0 1 1 1 1 1 1 1
264 30 26174 1 1 1 0 0 1 1 1 1 1 1 1 1 1 1 0 1 1 1 1 1 1 1 1 1 1 0 0 0 0
265 30 24288 1 1 1 1 1 1 0 1 0 1 1 0 0 1 1 1 0 1 1 0 0 1 0 1 1 1 1 1 1 1
266 30 28236 1 1 1 1 1 1 1 0 1 0 1 0 1 0 1 1 1 0 1 1 1 0 1 1 0 1 1 1 1 0
267 30 30111 1 1 1 1 1 1 1 0 1 0 1 0 1 1 0 1 1 1 1 1 1 0 0 1 0 1 0 1 1 1
268 30 25788 1 1 0 0 1 1 1 1 1 1 0 1 0 1 1 1 0 0 0 0 1 1 1 1 1 1 1 1 1 1
269 30 27741 1 0 0 1 1 0 1 1 1 1 1 0 1 1 1 1 1 0 1 1 1 1 0 1 1 0 1 1 1 0
270 30 27742 1 1 0 1 1 1 1 1 1 1 1 1 1 0 1 1 1 0 1 1 1 1 1 1 1 0 0 1 0 1
271 30 27570 1 1 0 1 1 0 1 1 0 1 1 1 1 1 1 0 0 1 0 1 1 1 0 1 1 1 1 1 1 1
272 30 28088 1 0 0 1 1 1 1 0 1 1 0 1 1 1 1 0 0 1 1 1 1 1 1 1 1 0 1 1 1 1
273 30 28988 1 1 1 1 1 1 1 1 1 1 1 1 1 0 0 0 1 1 0 1 0 1 0 0 1 1 1 1 1 1
274 30 26223 1 1 1 1 0 1 1 0 1 1 1 0 1 1 0 1 1 0 1 1 0 1 1 1 1 0 1 0 1 1
275 30 24428 1 0 1 1 1 1 1 1 1 1 1 0 1 0 0 1 1 1 1 1 1 0 1 1 1 1 1 1 0 0
276 30 27615 1 1 1 1 1 0 1 1 0 0 1 0 1 1 1 1 1 1 0 0 0 1 1 1 1 1 1 1 1 1
277 30 25321 0 1 1 1 1 1 1 0 1 1 1 1 1 1 1 1 0 0 1 1 1 1 1 1 1 1 0 1 0 1
278 30 27915 1 1 0 1 1 0 1 1 1 0 1 0 1 1 1 1 1 1 1 1 1 1 0 1 1 0 1 1 1 0
279 30 26611 1 1 1 1 1 1 1 1 0 1 1 1 1 0 1 1 1 0 0 0 1 1 1 0 1 1 0 1 1 1
280 30 29625 1 1 1 1 1 0 1 1 1 0 1 1 1 1 1 1 1 1 0 1 0 1 0 1 0 1 0 1 1 1
281 30 23134 1 1 1 1 1 1 1 1 1 1 1 1 1 0 1 1 1 1 1 0 0 0 1 1 1 1 0 1 1 1
282 30 30078 0 1 1 0 0 0 1 1 0 1 1 0 1 1 1 1 1 1 1 1 1 1 1 0 1 1 1 0 1 1
283 30 25200 1 0 1 1 0 1 1 1 1 1 1 0 1 1 1 1 1 0 1 1 1 0 1 0 1 1 0 1 1 0
284 30 22169 0 1 1 1 0 1 1 1 1 1 1 1 1 0 1 1 1 1 1 1 0 1 1 1 1 1 0 1 0 1
285 30 26442 1 1 0 0 1 1 1 1 1 1 1 1 1 1 0 1 0 1 0 1 1 1 1 1 1 0 1 1 0 1
286 30 26267 1 1 1 1 1 1 1 1 0 1 1 0 0 1 1 1 1 0 1 0 1 1 1 1 0 1 1 0 1 1
287 30 24790 1 1 1 1 0 1 1 0 1 1 1 0 1 1 1 1 1 1 1 0 1 1 1 0 1 1 0 1 1 0
288 30 27767 1 1 1 1 1 1 1 1 1 0 1 0 0 0 1 1 0 1 1 1 0 0 1 1 1 1 0 1 1 1
289 30 24850 1 0 0 1 1 1 0 1 0 1 1 1 1 0 1 1 1 1 1 1 1 0 1 1 1 1 1 1 0 0
290 30 24205 1 1 1 1 0 1 1 1 0 1 1 0 1 1 1 1 1 1 1 1 1 0 1 0 1 0 1 0 1 1
291 30 28999 0 1 1 1 1 0 1 1 0 0 0 1 1 1 1 1 0 1 1 0 1 1 1 1 0 1 1 1 0 1
292 30 25274 1 1 0 1 1 0 1 1 1 1 0 1 0 1 1 1 1 1 0 1 1 1 1 1 1 1 1 1 0 1
293 30 28253 0 0 1 0 1 1 1 1 1 1 1 1 0 1 0 1 1 1 1 1 1 0 1 1 1 0 1 1 1 1
294 30 28928 0 1 1 1 1 1 1 1 1 1 0 1 1 1 1 1 0 0 0 1 1 0 1 1 1 1 0 1 1 1
295 30 30674 0 1 1 1 1 0 1 1 0 1 1 1 1 1 1 0 1 0 1 1 0 1 1 1 1 0 1 0 1 1
296 30 28754 1 1 0 1 0 1 1 1 0 0 0 0 1 0 0 0 1 1 1 1 1 1 1 1 1 1 1 1 1 1
297 30 24862 1 1 1 1 0 1 1 1 1 1 0 1 1 0 0 1 1 0 1 0 1 1 1 1 1 1 1 0 1 0
298 30 25202 1 1 1 0 1 0 1 0 1 1 1 1 1 0 1 1 0 1 1 0 1 1 0 1 1 1 1 1 1 1
299 30 25605 0 1 1 1 1 1 1 1 1 1 1 0 1 1 1 0 1 1 1 1 1 0 0 1 1 1 1 1 1 0
300 30 25430 1 1 0 1 1 0 0 1 1 0 0 1 0 1 1 1 1 1 1 1 0 1 0 1 1 1 1 1 1 1
301 30 23093 1 1 1 1 1 1 1 1 0 1 1 1 1 1 0 1 0 0 1 1 1 1 1 0 0 1 1 1 1 1
302 30 26691 1 1 1 0 0 1 1 1 1 1 1 1 1 1 1 1 0 1 1 1 1 1 1 0 0 1 1 0 1 0
303 30 27279 1 1 0 1 0 1 1 1 0 1 0 1 1 1 0 1 1 1 1 1 1 1 1 0 0 1 1 0 1 0
304 30 28003 0 0 0 1 1 1 1 0 1 1 1 0 1 1 0 1 1 1 0 1 1 1 0 1 1 1 1 1 1 1
305 30 26282 1 0 1 1 1 0 1 0 1 1 1 1 0 1 1 1 0 1 1 1 0 1 0 0 1 1 1 1 1 1
306 30 29748 0 0 1 0 1 1 1 1 1 1 0 1 0 1 1 1 1 1 1 0 1 0 1 1 1 1 1 0 1 1
307 30 24040 1 0 1 1 1 1 1 0 1 0 1 1 1 1 1 0 1 1 1 1 0 1 0 1 1 0 1 1 1 1
308 30 27011 1 1 1 1 1 1 1 1 1 1 0 0 1 1 1 0 1 1 1 1 1 1 1 0 1 0 1 1 1 0
309 30 28103 1 0 1 1 1 1 1 0 0 1 1 1 0 0 1 1 1 1 1 1 1 1 1 0 0 1 1 1 0 1
310 30 25093 0 1 1 0 1 1 1 1 0 1 1 1 1 1 1 0 1 1 1 1 1 1 0 0 1 0 0 1 1 1
311 30 28178 1 0 1 1 1 1 1 1 0 0 1 1 1 0 1 1 1 0 1 0 1 1 0 0 1 1 1 1 1 1
312 30 26483 0 1 1 1 1 1 0 1 1 1 1 1 0 1 1 1 1 1 0 1 0 1 1 1 0 1 1 1 0 1
313 30 25177 1 1 1 0 1 1 0 1 0 1 1 1 1 0 0 1 1 0 0 1 1 1 1 1 1 1 1 1 0 1
314 30 28483 0 0 1 1 1 1 1 1 0 1 1 0 1 1 1 0 1 0 0 1 1 1 1 1 1 1 1 1 0 1
315 30 26222 0 0 1 1 1 1 1 0 0 1 1 0 0 1 1 1 1 1 1 0 0 1 1 0 1 1 1 1 1 1
316 30 26255 1 1 1 0 0 1 1 1 1 1 0 1 1 0 1 0 1 1 0 0 1 1 0 1 1 1 1 1 1 1
317 30 25543 1 1 1 1 1 1 0 1 1 0 1 0 1 0 1 1 1 0 1 1 0 1 1 1 1 1 1 0 1 1
318 30 28196 1 1 1 1 1 1 1 0 0 1 1 1 0 1 1 1 1 1 0 0 1 1 1 1 1 1 0 1 0 1
319 30 24991 1 1 0 1 1 1 1 1 0 0 1 1 0 1 0 1 1 1 1 1 1 0 1 0 1 1 1 1 1 1
320 30 25736 1 0 1 1 0 1 1 0 0 0 1 1 1 1 1 1 0 0 1 0 1 1 1 1 1 1 1 1 0 1
321 30 24708 0 1 1 1 1 1 0 1 1 1 1 1 1 1 1 1 1 0 1 1 0 1 1 0 0 1 1 1 1 0
322 30 25310 1 1 1 0 1 1 1 0 1 1 0 1 1 1 1 0 1 1 1 0 1 1 1 1 0 1 1 1 1 0
323 30 23743 1 1 1 1 1 1 0 1 1 1 1 1 1 1 1 0 0 0 1 0 1 1 0 1 1 0 1 1 1 1
324 30 27492 1 0 0 1 1 0 1 1 0 1 0 1 1 1 1 1 1 1 0 1 1 0 1 1 1 1 1 0 1 1
325 30 27707 1 1 0 1 1 1 1 0 1 1 0 1 1 1 1 0 1 1 0 1 1 0 1 1 0 1 1 1 1 1
326 30 28716 1 1 1 1 0 1 1 0 1 0 1 1 1 0 0 1 1 1 1 1 1 1 1 1 0 1 1 1 1 0
327 30 29664 0 1 1 1 1 0 1 0 1 1 1 1 1 0 1 0 1 1 1 1 0 1 1 1 1 1 0 0 1 1
328 30 28704 0 0 0 1 0 1 1 1 0 1 1 1 1 1 1 1 1 1 1 1 1 0 1 1 1 1 1 1 0 1
329 30 24980 1 0 1 1 1 1 1 1 1 0 1 1 1 1 0 0 1 1 1 1 0 1 0 1 1 1 1 1 1 1
330 30 25849 1 1 0 0 0 1 1 0 1 1 1 1 1 0 1 1 1 1 0 1 1 0 0 1 1 1 1 1 1 1
331 30 27888 0 1 1 1 1 1 1 1 1 0 1 0 1 0 1 0 1 1 1 1 0 1 1 1 1 0 1 1 1 1
332 30 25749 1 1 1 1 1 0 1 1 0 1 1 1 1 0 1 1 1 0 1 1 1 1 0 0 1 0 1 1 1 1
333 30 27460 0 1 1 1 1 0 1 0 1 1 1 1 1 0 1 1 1 1 0 1 1 1 1 1 1 1 1 1 1 0
334 30 27258 0 1 1 0 1 0 0 0 1 1 0 1 1 1 1 1 1 1 1 1 1 1 1 1 0 1 1 1 1 1
335 30 28564 0 1 1 0 1 1 1 1 1 0 1 1 1 1 1 0 1 0 0 1 1 1 1 0 1 1 1 0 1 1
336 30 28581 0 1 1 1 1 0 1 0 0 0 1 1 1 1 1 1 1 1 1 1 1 1 1 0 0 1 1 1 1 0
337 30 27054 1 0 1 0 1 1 1 1 0 0 1 1 1 0 1 1 1 1 1 1 0 0 1 1 1 1 1 1 1 1
338 30 29139 0 1 0 1 1 1 1 1 0 1 1 0 0 1 1 0 1 1 0 1 1 1 1 1 0 1 1 1 1 1
339 30 27649 1 1 0 0 1 0 1 1 1 0 1 1 1 1 1 0 1 1 1 1 1 1 1 1 1 0 0 1 0 1
340 30 24122 1 1 1 1 0 1 1 1 1 1 1 0 0 1 1 0 1 1 1 1 0 1 0 1 1 1 1 0 1 1
341 30 22836 1 0 1 0 0 1 1 1 1 1 0 1 1 1 1 1 0 1 1 0 1 1 0 1 1 0 1 1 1 1
342 30 23664 1 1 0 1 1 1 1 1 1 1 0 1 1 1 0 1 1 1 1 1 1 1 0 1 1 0 1 0 1 1
343 30 26185 1 1 1 1 1 0 1 0 1 1 1 1 0 1 1 0 0 0 1 1 1 1 0 1 1 1 1 1 1 1
344 30 30481 0 1 1 1 0 1 0 1 0 1 1 1 1 1 0 1 1 1 1 1 1 1 0 1 0 1 1 1 1 0
345 30 26057 0 1 1 1 1 1 1 0 1 1 0 1 0 1 1 1 1 1 1 0 1 1 0 1 0 1 1 0 1 1
346 30 23623 1 1 1 0 1 1 0 1 1 1 1 1 0 0 1 1 1 1 1 1 1 1 1 0 1 1 1 1 0 1
347 30 27175 1 1 1 1 1 1 1 1 0 0 1 1 0 1 1 1 0 1 0 1 1 1 1 0 1 1 1 0 1 1
348 30 25938 1 1 1 0 1 1 1 1 1 0 1 1 1 1 1 0 1 1 0 0 1 1 0 1 1 0 1 1 1 1
349 30 23317 1 1 0 1 0 1 1 1 1 1 1 1 1 0 1 1 1 1 1 1 1 1 0 1 1 1 0 0 1 1
350 30 30336 0 1 1 1 1 1 1 0 1 1 0 1 1 0 1 1 1 0 1 1 1 1 1 1 0 1 0 1 1 0
351 30 27485 1 1 1 1 1 0 1 1 1 1 1 0 1 0 1 1 0 1 1 1 1 1 0 1 1 1 0 1 1 0
352 30 27625 0 1 1 1 1 0 0 1 1 1 1 1 0 1 1 1 1 0 1 1 1 0 0 1 1 1 1 0 1 1
353 30 25966 1 0 1 1 1 1 1 1 1 0 1 1 1 1 0 1 1 1 1 0 1 1 0 1 1 0 1 0 1 1
354 30 29737 1 1 1 0 1 1 1 1 1 1 0 0 0 1 1 0 0 1 0 1 1 1 1 1 1 1 1 0 1 1
355 30 26279 1 1 1 0 1 1 0 0 0 1 0 0 1 1 1 1 1 1 1 1 1 1 1 1 1 1 1 0 1 1
356 30 27670 1 1 1 0 1 0 0 0 1 0 1 1 1 1 1 1 0 0 1 1 1 1 1 1 1 1 1 1 1 0
357 30 27839 1 1 1 0 1 1 0 0 1 1 1 0 1 1 1 1 1 1 1 1 1 0 1 1 1 0 0 1 1 0
358 30 30170 1 0 1 1 1 1 0 1 1 1 1 0 1 0 0 1 1 0 1 1 1 1 1 1 1 0 1 1 0 0
359 30 28005 1 1 1 1 1 1 1 0 0 0 0 0 1 0 1 1 1 1 1 1 1 1 0 1 0 1 1 1 1 1
360 30 29690 1 1 1 0 1 0 1 1 1 1 1 1 1 1 0 1 1 1 0 0 1 1 1 0 1 0 1 1 0 1
361 30 27785 1 1 1 0 1 1 0 1 1 0 1 0 1 1 1 1 0 1 1 1 1 0 1 1 0 1 1 1 1 1
362 30 28260 1 1 1 1 1 0 1 1 1 1 1 1 0 1 1 1 1 0 1 1 1 0 0 1 1 1 0 1 0 0
363 30 28069 1 1 1 1 1 0 1 1 1 1 1 1 0 1 0 0 1 1 1 1 1 1 1 1 0 0 1 0 1 0
364 30 25376 1 1 1 0 0 1 1 1 0 1 0 1 1 1 1 1 1 1 0 1 0 1 1 0 1 1 1 1 1 1
365 30 29839 0 0 1 1 1 1 0 1 1 0 1 1 1 1 1 1 1 1 1 1 1 0 0 1 1 0 1 1 1 0
366 30 28883 1 1 1 1 1 1 1 1 1 1 1 1 1 0 0 1 1 0 0 1 1 0 0 1 0 1 0 1 1 1
367 30 26869 1 1 0 0 0 1 1 0 1 1 1 0 1 1 1 1 0 0 1 1 1 1 1 1 1 1 1 0 1 1
368 30 22045 1 1 1 1 1 0 1 1 1 0 1 0 1 1 1 0 0 0 1 1 0 1 1 1 1 1 1 1 1 1
369 30 30357 1 0 1 1 1 1 1 1 1 1 1 1 1 0 1 1 1 1 0 1 0 0 1 1 1 0 1 0 1 1
370 30 25372 1 0 1 0 1 1 1 1 1 0 1 1 1 1 1 1 0 1 0 1 1 0 1 1 1 1 1 1 1 0
371 30 26447 1 1 0 1 1 0 1 1 1 1 1 1 1 0 1 1 1 1 0 0 1 0 0 1 1 1 1 0 1 1
372 30 25268 1 1 1 1 0 1 1 1 1 1 0 0 1 1 1 1 1 0 1 0 1 0 0 1 1 1 1 1 1 1
373 30 24960 0 1 1 1 1 1 0 1 1 0 1 1 1 1 1 0 0 0 1 1 1 1 1 1 0 1 1 1 1 1
374 30 28683 1 1 1 0 1 1 1 1 1 1 1 0 1 0 1 1 1 1 1 1 1 0 1 0 0 1 1 1 1 0
375 30 25325 1 1 1 1 1 1 1 1 1 1 1 1 1 0 1 0 0 0 0 1 1 1 1 1 1 1 1 0 0 1
376 30 29038 1 0 1 1 1 0 1 1 1 1 1 1 1 1 0 1 0 1 1 0 0 1 1 1 1 1 1 1 0 1
377 30 24341 1 1 1 1 1 1 1 0 1 1 1 0 1 0 1 1 0 1 0 0 1 1 1 1 1 1 1 1 0 1
378 30 22203 1 0 1 0 1 1 1 1 1 1 1 1 1 1 1 1 1 1 1 0 1 1 1 0 1 1 0 0 1 1
379 30 31531 1 0 0 1 1 1 1 1 0 0 1 1 0 0 1 1 1 1 1 1 1 1 1 1 1 1 1 1 0 1
380 30 26036 1 1 1 0 0 1 0 1 1 1 1 1 1 1 1 0 0 1 1 1 1 1 1 1 0 1 1 1 1 0
381 30 25585 1 0 1 0 1 0 0 0 1 1 0 1 1 1 1 1 1 1 1 1 1 1 1 1 1 1 1 1 1 1
382 30 24744 1 1 1 1 1 1 1 1 1 0 0 1 0 1 1 0 1 1 1 1 1 1 0 1 1 1 1 1 0 1
383 30 28897 1 1 1 0 1 1 1 1 1 0 1 1 0 0 1 1 1 1 1 0 1 0 1 1 1 0 1 1 1 0
384 30 27800 0 1 1 1 1 1 1 1 0 1 1 1 1 1 1 0 0 1 1 1 1 0 1 1 0 0 1 1 1 1
385 30 24355 1 1 1 0 1 1 1 1 1 1 1 1 0 1 1 1 0 0 1 1 1 0 1 1 1 1 0 0 1 1
386 30 23390 1 0 0 1 1 1 1 1 1 1 1 1 0 1 1 0 1 0 1 0 1 1 1 1 0 1 1 1 1 1
387 30 28006 1 1 1 1 0 1 1 1 1 0 0 1 1 0 1 1 1 1 0 1 1 1 1 1 0 1 1 0 1 1
388 30 24344 1 1 1 1 1 0 0 0 1 1 1 1 1 1 0 0 0 1 1 1 1 1 0 1 1 1 1 1 1 1
389 30 28916 0 1 1 1 1 1 1 1 1 1 1 0 0 1 0 1 1 1 0 1 1 1 0 1 1 1 1 0 1 0
390 30 27940 0 1 1 1 1 1 1 1 1 0 1 0 0 1 1 0 1 0 1 1 1 1 1 1 0 0 1 1 1 1
391 30 29114 1 1 0 0 1 0 0 1 1 1 1 1 1 1 1 1 1 1 1 0 1 0 1 0 1 1 1 1 0 1
392 30 28046 1 1 1 1 1 1 1 0 0 1 1 1 0 0 1 1 1 1 1 1 1 1 1 0 1 1 0 0 1 1
393 30 27982 0 1 1 1 0 1 0 1 1 1 1 1 1 1 1 0 1 1 1 1 1 1 1 0 0 0 1 1 1 1
394 30 25671 1 1 0 0 1 0 1 1 1 1 1 0 1 1 1 1 1 1 1 0 1 1 1 1 1 1 1 0 0 1
395 30 26928 0 1 1 0 0 0 1 1 0 1 1 1 1 0 0 1 1 1 1 1 1 1 1 1 1 1 1 1 0 0
396 30 23407 1 1 0 0 1 1 1 0 0 1 0 1 1 0 1 1 1 1 1 1 1 1 1 1 1 1 1 1 1 1
397 30 27740 1 0 1 1 1 1 0 1 1 0 1 1 1 0 1 1 1 0 0 0 1 1 1 1 0 1 1 1 1 1
398 30 23466 0 1 1 1 0 1 0 1 0 1 1 1 1 1 1 1 1 1 0 0 1 1 1 1 1 1 1 1 0 1
399 30 25476 1 0 1 0 0 1 1 1 0 1 0 1 1 1 1 1 1 1 1 1 0 1 1 0 1 1 1 1 1 1
400 30 25918 1 0 1 1 0 1 1 1 1 0 1 0 1 1 1 1 1 1 1 1 1 0 1 1 1 1 1 0 0 1
401 30 28973 0 0 1 0 1 1 1 1 0 1 1 1 1 1 1 1 1 0 1 1 1 1 1 1 0 1 0 1 0 1
402 30 27608 1 1 0 0 0 1 1 1 1 1 0 1 1 0 1 1 1 1 0 1 1 0 1 1 1 1 0 1 1 1
403 30 24202 1 1 0 1 0 0 1 1 0 1 1 1 1 1 0 1 1 0 1 1 1 1 1 1 1 1 0 1 1 1
404 30 29957 0 1 1 1 1 0 1 1 1 0 0 0 1 1 0 1 1 1 0 1 0 1 1 1 1 1 1 0 1 1
405 30 28597 1 0 1 1 0 1 1 0 0 1 1 1 1 1 1 1 1 1 1 0 0 1 1 1 0 1 1 1 1 1
406 30 26177 1 1 1 1 0 1 1 1 1 0 0 1 0 1 1 1 1 1 1 0 1 0 1 1 1 0 1 1 1 1
407 30 25819 1 1 1 1 1 1 0 0 1 1 1 1 0 1 1 0 1 0 0 1 1 1 1 1 1 1 1 1 1 1
408 30 26348 1 1 0 1 1 1 0 1 0 1 0 0 0 0 1 0 1 1 1 1 1 1 1 1 1 1 1 1 1 1
409 30 24045 1 1 1 1 0 1 0 1 1 1 1 1 1 1 1 1 1 0 0 0 0 1 1 0 1 1 1 1 1 1
410 30 27470 1 0 1 0 1 1 1 1 1 0 1 0 1 0 1 1 1 1 1 1 1 1 0 1 1 1 1 1 1 1
411 30 26312 0 1 0 1 1 1 1 0 1 0 0 1 1 1 1 1 1 1 0 0 1 1 1 1 0 1 1 1 1 1
412 30 27080 1 1 1 1 1 0 1 1 0 1 0 1 0 1 0 1 0 1 1 1 1 1 0 0 1 1 1 1 1 1
413 30 28154 1 1 1 1 0 0 1 1 0 1 1 0 1 1 1 1 0 1 0 1 1 1 1 1 1 0 1 1 1 0
414 30 24851 0 0 1 1 0 1 1 1 1 0 0 1 1 0 1 1 1 1 1 1 1 1 1 0 1 1 1 0 1 1
415 30 25899 0 0 1 1 0 1 1 1 1 1 1 1 1 1 1 1 1 1 1 1 1 0 0 0 1 0 0 1 1 1
416 30 26912 0 1 1 0 1 1 1 1 1 1 1 1 1 1 1 0 1 1 0 1 1 1 0 1 1 0 1 1 0 1
417 30 27491 1 1 1 0 0 1 1 0 1 0 1 1 1 1 1 0 1 0 0 1 0 1 1 1 1 1 1 1 1 1
418 30 24826 1 1 1 1 1 0 1 1 1 1 0 1 1 0 0 1 1 1 1 1 1 1 0 1 0 1 1 0 1 1
419 30 26525 1 1 1 1 0 1 1 0 1 1 1 1 0 1 0 1 0 1 1 1 1 1 1 1 0 1 0 0 1 1
420 30 26285 1 1 1 1 1 1 1 1 0 1 1 1 0 1 0 1 1 1 1 1 0 1 0 1 0 1 1 0 1 1
421 30 26592 0 0 0 0 1 1 1 1 0 1 1 1 1 1 1 1 1 1 1 1 1 1 1 1 1 1 0 1 0 1
422 30 26416 1 1 1 1 1 0 1 1 1 0 1 1 0 1 1 1 1 1 1 1 1 1 0 1 0 1 1 1 0 0
423 30 24030 1 1 1 1 1 1 1 1 1 1 0 0 1 0 1 1 1 1 1 0 1 0 1 1 1 1 0 1 1 0
424 30 27409 1 1 1 1 0 0 1 1 1 1 1 1 1 1 1 1 0 0 1 1 1 1 0 1 0 1 0 1 1 1
425 30 25662 1 0 1 1 1 1 1 1 0 1 0 1 1 1 1 1 1 1 1 0 1 0 1 0 1 1 1 0 1 1
426 30 25650 0 1 1 1 1 1 1 1 1 1 1 1 0 1 1 1 1 1 1 0 1 1 1 0 1 0 1 1 0 0
427 30 28827 0 1 1 1 0 0 1 0 1 1 1 1 1 1 1 0 1 1 1 1 0 1 1 1 1 1 1 0 0 1
428 30 24558 1 1 1 1 1 1 1 0 1 1 1 1 0 0 1 1 0 1 1 1 0 0 1 1 1 1 0 1 1 1
429 30 28611 0 0 1 1 0 1 1 0 1 1 1 1 0 1 1 1 1 1 1 1 1 1 0 1 0 0 1 1 1 1
430 30 25965 1 0 1 1 1 0 1 0 1 0 1 1 1 1 1 0 1 1 1 0 1 1 1 1 1 0 1 1 1 0
431 30 27166 1 1 1 1 1 1 1 1 0 0 1 1 1 0 1 0 1 1 1 1 0 0 1 1 1 1 0 1 1 1
432 30 26632 0 1 1 1 0 1 0 0 1 1 1 1 1 1 0 1 1 1 0 1 1 1 1 0 0 1 1 1 1 1
433 30 26249 1 1 1 1 1 0 1 1 1 1 0 1 1 0 0 0 1 1 1 0 1 1 0 1 1 1 1 1 0 1
434 30 27490 1 1 1 1 1 1 0 1 1 1 1 1 1 1 1 1 1 1 1 1 0 0 1 0 0 0 1 1 1 0
435 30 25209 0 1 1 1 1 1 1 1 0 0 1 1 0 1 0 1 1 1 1 0 1 1 1 1 0 1 1 1 0 1
436 30 26649 1 1 1 0 1 1 1 1 1 1 1 1 0 1 0 1 0 1 1 1 0 1 1 1 0 0 1 1 1 1
437 30 30127 1 1 0 0 1 1 1 1 0 1 1 1 1 1 0 1 0 1 1 1 1 1 1 0 1 1 1 1 1 0
438 30 25061 1 1 1 1 1 1 0 1 0 1 1 1 1 1 0 1 1 0 1 1 1 1 1 0 1 1 1 1 0 1
439 30 23431 0 1 1 1 1 0 1 1 1 1 1 0 1 1 0 0 1 1 1 1 1 1 1 0 1 1 1 1 1 1
440 30 25905 1 1 0 1 1 1 1 1 1 1 1 1 1 1 0 1 0 1 0 1 1 1 1 1 0 1 1 1 0 1
441 30 28545 0 1 1 1 1 1 1 1 0 1 1 1 1 1 1 1 1 0 1 1 1 0 1 0 1 1 0 1 1 0
442 30 25780 0 0 1 0 1 1 1 1 1 1 1 1 1 0 1 0 0 1 1 1 1 1 1 1 0 1 1 1 1 1
443 30 27661 1 1 1 1 1 1 0 0 1 1 1 0 1 1 0 1 1 0 1 0 1 1 1 1 1 1 1 0 1 1
444 30 28033 1 1 1 1 0 0 1 0 1 1 0 1 1 0 1 1 1 0 0 1 1 1 1 1 1 0 1 1 1 1
445 30 24643 1 1 1 0 0 0 1 1 1 0 1 1 1 1 1 1 0 1 1 1 0 1 1 1 1 1 1 1 1 1
446 30 28072 0 1 0 1 1 1 0 1 0 1 1 1 0 1 0 0 1 1 1 1 1 1 0 1 1 0 1 1 1 1
447 30 24318 0 0 1 1 1 0 1 1 1 1 0 1 0 1 0 0 1 1 1 1 1 1 1 1 1 1 1 1 1 1
448 30 25628 1 1 1 1 0 1 0 1 1 1 1 1 1 1 0 1 1 1 1 1 0 1 0 1 0 1 1 1 1 0
449 30 29589 1 1 0 1 0 1 1 1 0 1 1 1 1 0 1 0 0 1 1 1 0 1 1 1 1 1 0 1 1 0
450 30 28717 1 1 0 0 1 1 1 1 1 1 1 1 1 1 1 1 0 0 1 1 1 0 1 1 0 0 1 0 1 1
451 30 30823 1 1 1 0 0 1 1 1 1 1 1 1 1 1 0 1 0 0 1 1 1 0 1 1 0 1 1 1 1 1
452 30 25846 1 0 1 1 1 0 1 0 1 1 1 1 1 1 0 1 1 1 1 1 1 1 0 1 1 1 1 1 0 1
453 30 29109 1 1 1 1 1 1 1 0 1 1 1 1 1 1 0 1 0 1 0 0 1 0 1 1 1 0 1 1 1 0
454 30 27787 1 1 1 1 0 1 1 0 1 1 0 1 1 0 1 1 1 1 1 1 1 0 0 1 1 1 1 0 0 1
455 30 22572 1 1 1 1 1 1 1 0 1 1 1 1 1 0 1 0 1 1 0 0 1 1 1 1 1 0 1 1 1 1
456 30 25428 1 0 1 1 0 0 0 0 1 1 1 1 1 1 1 1 1 1 1 0 1 0 1 1 1 1 1 1 1 1
457 30 31340 1 1 0 1 1 1 1 0 1 1 1 1 1 0 1 1 1 0 1 1 0 1 1 1 1 1 1 0 0 0
458 30 25932 1 0 1 1 0 0 0 1 1 1 1 1 1 1 1 1 1 1 1 0 1 0 1 0 1 1 1 1 1 1
459 30 26221 1 0 1 1 1 0 1 1 1 1 1 1 1 1 1 0 0 1 1 1 1 1 0 1 0 1 1 1 1 0
460 30 28274 1 1 0 1 1 1 1 1 0 1 1 1 1 1 1 1 0 0 1 0 1 1 1 0 1 0 1 0 1 1
461 30 24713 1 1 1 0 0 1 1 0 1 1 1 1 1 1 1 1 1 1 1 0 1 0 1 0 1 1 1 1 0 0
462 30 28900 0 1 1 1 0 1 1 0 1 1 1 1 1 1 1 0 1 1 1 0 1 1 1 1 1 0 1 1 0 1
463 30 24902 0 1 1 1 1 1 1 1 1 1 0 1 1 0 1 1 1 1 0 0 1 1 1 0 1 0 1 1 1 1
464 30 27852 0 1 1 1 1 0 1 1 1 1 0 1 1 0 1 0 1 1 1 1 0 1 0 1 1 1 1 1 1 1
465 30 25562 1 1 0 1 1 1 1 1 1 1 1 1 1 1 0 0 1 1 1 1 0 0 1 0 1 1 1 0 1 1
466 30 23817 1 0 0 1 1 1 1 0 1 1 1 1 1 1 0 1 1 1 1 1 0 1 1 0 1 1 0 1 1 1
467 30 25844 1 1 1 1 1 0 0 1 0 1 1 1 0 1 1 1 1 1 0 1 1 1 1 1 1 0 1 0 1 1
468 30 27149 0 1 1 0 1 1 0 1 0 1 1 1 1 1 0 0 1 0 1 1 1 1 1 1 1 0 1 1 1 1
469 30 25938 1 1 1 1 1 0 1 0 1 1 1 1 0 1 1 1 1 1 1 1 0 0 1 1 0 1 1 0 1 1
470 30 27003 0 0 1 1 1 1 1 0 1 1 0 1 0 1 1 1 1 1 1 1 1 1 0 1 0 1 1 1 1 1
471 30 25546 0 1 1 1 0 1 1 1 1 0 0 1 1 1 1 0 1 1 1 1 0 1 1 1 1 1 1 1 1 1
472 30 28062 1 1 1 1 1 1 1 1 1 1 1 1 0 1 1 1 1 0 1 0 1 1 0 1 0 1 0 0 1 1
473 30 28373 1 1 1 1 1 0 0 1 1 1 1 1 0 1 0 1 1 1 1 1 1 1 1 1 1 1 0 0 0 0
474 30 27059 1 1 0 1 1 1 0 0 1 1 0 1 1 0 1 1 0 1 0 1 1 1 1 1 1 1 1 1 1 1
475 30 25692 1 1 1 1 1 0 1 1 1 1 1 1 1 0 1 0 1 0 1 1 1 1 1 1 0 0 1 0 1 1
476 30 26656 0 1 0 1 1 1 1 1 1 1 1 1 1 0 1 1 1 1 1 1 1 0 1 0 1 1 1 1 0 1
477 30 25213 1 1 1 0 0 1 1 1 0 1 1 1 1 0 1 1 0 1 0 1 1 1 1 1 1 1 1 0 1 0
478 30 25892 1 1 1 1 1 1 1 1 0 0 1 1 1 1 0 0 1 1 1 1 1 1 1 0 1 1 0 1 1 0
479 30 29114 1 1 1 0 1 1 1 1 0 1 0 1 1 1 1 0 0 1 0 1 1 1 1 0 1 1 1 0 0 1
480 30 27411 1 1 1 1 1 1 1 0 1 1 0 1 1 1 0 1 1 1 0 1 1 1 0 1 1 0 1 1 1 1
481 30 25851 0 0 0 1 1 1 1 1 1 0 1 1 1 1 0 1 0 1 1 0 1 1 1 0 1 1 1 1 1 1
482 30 26408 0 0 1 1 1 1 1 1 1 1 1 1 1 1 1 1 1 0 0 0 1 1 0 0 1 1 1 1 0 1
483 30 29502 1 1 0 1 0 1 1 1 1 1 1 0 1 1 1 1 1 1 0 0 1 1 1 1 0 1 0 0 1 1
484 30 26478 1 1 0 1 1 1 1 1 1 1 0 1 0 1 1 0 1 1 0 1 0 0 1 1 1 1 1 1 1 0
485 30 25859 1 0 1 0 0 1 1 0 1 1 1 1 1 1 1 1 1 1 1 1 1 1 0 1 1 0 1 1 1 0
486 30 24635 1 1 1 1 1 1 1 1 1 1 0 1 1 1 1 0 0 1 0 1 0 0 0 1 1 1 1 1 0 0
487 30 27677 1 0 1 0 1 0 1 1 1 0 1 0 1 1 1 1 1 1 1 0 1 0 1 1 1 1 0 1 1 1
488 30 25296 1 1 1 1 1 1 1 1 1 1 0 1 1 1 1 0 0 1 1 1 0 1 1 1 0 0 1 0 1 1
489 30 22875 0 1 1 1 1 1 0 1 1 1 1 1 1 0 1 1 1 1 0 0 1 1 0 1 1 1 1 0 1 1
490 30 24764 0 1 0 1 1 1 1 1 1 1 1 0 0 1 0 0 1 1 1 1 1 0 1 1 1 1 1 1 1 1
491 30 25692 0 1 1 0 1 1 1 1 1 1 0 1 0 1 1 1 0 1 1 0 1 1 0 1 1 0 1 1 1 1
492 30 26023 1 1 1 1 1 0 1 1 1 0 1 1 0 1 1 0 1 1 0 1 1 0 0 1 1 0 1 1 1 1
493 30 28560 1 1 0 1 0 1 1 1 1 0 0 0 1 1 1 1 1 1 1 1 1 1 0 1 0 1 1 0 1 1
494 30 22624 1 1 0 1 1 1 1 1 1 1 1 1 0 1 1 0 0 1 1 1 1 1 1 1 1 1 1 1 0 0
495 30 29091 0 1 1 1 0 1 1 1 1 0 1 1 1 1 0 1 1 1 1 1 1 1 1 0 0 1 1 0 1 1
496 30 25325 1 1 0 1 1 1 1 1 1 1 0 1 1 0 0 1 1 1 1 1 1 1 0 1 0 1 1 0 1 1
497 30 28048 1 1 1 1 1 1 1 1 1 1 1 1 1 0 1 1 0 1 0 0 1 0 1 1 1 1 1 1 0 0
498 30 26676 1 0 0 1 0 0 1 1 1 0 1 1 1 1 1 1 0 1 1 1 1 0 1 1 1 1 1 1 0 1
499 30 28392 0 1 0 1 0 1 1 1 1 0 0 0 1 1 1 1 1 1 0 1 1 1 1 1 1 1 1 1 1 0
500 30 29786 1 0 1 1 1 1 1 1 1 1 1 1 1 1 1 1 1 1 0 1 1 0 0 0 1 0 1 1 1 0
