1 15 6185 0 0 0 1 1 1 1 1 1 1 1 1 1 0 1
2 15 7420 1 1 1 1 1 0 1 1 1 0 0 1 1 1 1
3 15 7591 1 0 1 0 1 1 1 0 0 1 1 1 1 1 1
4 15 8115 0 0 1 1 1 1 1 1 1 1 1 1 0 1 1
5 15 6380 1 1 1 0 1 1 1 1 1 1 0 0 1 0 1
6 15 7265 0 0 1 1 1 1 0 1 1 1 1 1 0 1 1
7 15 6082 1 1 1 1 0 1 1 0 1 1 1 1 1 0 1
8 15 7307 0 0 0 1 1 1 1 0 1 1 1 1 0 1 1
9 15 4702 0 0 1 1 1 1 1 1 0 1 1 0 0 1 1
10 15 4500 0 1 1 1 1 0 0 1 1 1 1 1 0 1 1
11 15 6234 1 1 0 1 1 1 1 1 1 0 1 1 0 1 1
12 15 7119 1 1 0 1 0 1 0 1 0 1 1 1 1 1 1
13 15 8048 1 0 1 0 1 1 1 1 1 1 1 1 0 0 1
14 15 7108 1 1 1 1 1 0 0 1 1 0 0 1 1 1 1
15 15 6065 0 0 1 1 1 1 0 1 1 1 1 1 1 0 1
16 15 5271 1 1 1 1 0 0 0 1 1 1 1 1 0 0 1
17 15 5697 1 1 1 0 1 0 1 1 0 0 0 1 1 1 1
18 15 6321 0 0 1 0 1 1 1 1 1 0 1 1 1 1 1
19 15 6332 1 0 0 1 1 1 1 0 1 1 1 0 0 1 1
20 15 6636 1 0 1 1 1 1 1 1 1 1 1 1 0 0 1
21 15 6581 1 0 1 1 1 1 1 1 1 1 0 1 0 0 1
22 15 7717 1 0 1 1 1 1 1 0 0 0 1 1 0 1 1
23 15 5251 1 1 0 1 1 0 1 1 1 0 0 1 1 1 1
24 15 7815 0 1 0 0 1 1 1 1 1 1 1 1 0 1 1
25 15 6434 1 1 1 0 0 1 1 1 1 1 1 0 0 1 1
26 15 6243 1 1 1 1 0 1 1 0 0 1 1 1 1 1 0
27 15 7613 1 0 1 1 1 1 1 1 1 1 1 0 0 1 1
28 15 6639 1 0 0 1 1 1 0 1 1 1 0 1 1 1 1
29 15 7156 1 0 1 1 1 1 1 0 1 0 1 1 1 1 0
30 15 5207 1 0 1 0 1 0 1 1 1 1 1 1 1 0 1
31 15 5855 0 1 1 0 1 1 0 1 1 0 1 1 1 1 1
32 15 8277 0 1 0 1 1 1 1 1 0 1 1 1 1 1 0
33 15 5773 1 0 0 0 1 1 1 1 1 1 1 0 0 1 1
34 15 5898 1 0 1 0 1 0 1 1 1 1 1 0 1 1 1
35 15 5562 1 1 1 1 1 0 0 1 1 1 1 1 0 1 1
36 15 6526 1 1 1 1 1 0 0 1 1 0 1 0 1 1 1
37 15 7481 0 1 0 1 1 1 1 1 1 1 0 1 1 1 1
38 15 5486 1 1 1 1 1 0 0 1 1 0 1 1 0 1 1
39 15 6862 1 1 1 1 0 1 1 1 1 1 1 0 1 1 0
40 15 6183 1 1 1 1 1 0 0 1 1 0 1 1 1 0 1
41 15 6120 1 0 1 1 1 1 0 0 1 1 1 0 1 1 1
42 15 7183 1 1 0 0 0 1 1 0 1 1 1 1 1 0 1
43 15 6409 1 0 1 1 1 1 0 1 1 1 1 1 0 0 1
44 15 7784 1 1 0 0 1 1 1 1 1 0 1 1 1 1 0
45 15 5542 1 1 1 1 1 1 1 1 0 1 0 0 1 1 0
46 15 6490 1 0 1 1 1 1 1 0 1 1 0 1 1 1 1
47 15 4755 1 1 1 1 1 0 0 1 1 0 1 0 1 1 0
48 15 6620 0 1 1 0 1 0 1 1 1 1 1 1 1 1 0
49 15 7227 0 0 1 1 0 1 1 1 0 1 0 1 1 1 1
50 15 6510 1 1 0 1 1 0 0 0 1 1 1 1 1 1 1
51 15 6265 1 1 0 1 0 1 1 0 1 1 0 1 1 1 0
52 15 7966 1 1 1 0 1 1 1 1 0 0 1 1 1 1 0
53 15 6250 1 1 1 1 1 0 0 0 0 1 1 0 1 1 1
54 15 6125 1 1 1 0 0 1 1 0 1 1 0 1 1 1 1
55 15 4400 1 1 0 1 1 1 0 0 1 1 1 0 1 1 0
56 15 8185 1 0 1 1 0 1 1 0 1 1 1 1 1 1 0
57 15 6034 1 0 1 1 0 1 1 1 0 1 0 1 1 1 0
58 15 5625 0 0 1 1 0 1 1 0 1 1 0 1 1 1 1
59 15 6300 1 1 0 1 0 1 1 1 1 1 1 0 1 1 0
60 15 6289 1 0 1 1 0 1 1 1 1 0 0 0 1 1 1
61 15 6997 1 1 0 0 1 1 1 1 1 0 1 1 1 1 0
62 15 7020 1 0 0 1 1 1 0 0 1 1 1 0 1 0 1
63 15 5892 1 1 1 0 0 0 1 1 1 0 1 1 0 1 0
64 15 7194 1 1 1 1 0 1 1 1 1 0 1 1 0 1 1
65 15 7465 1 1 0 1 1 1 0 1 1 1 1 1 1 0 1
66 15 5867 1 0 1 1 1 1 1 1 1 0 1 1 0 0 1
67 15 5875 1 1 0 1 1 0 0 1 1 1 0 1 0 1 1
68 15 6071 0 1 1 0 1 1 1 0 0 1 1 1 1 1 1
69 15 7002 1 1 1 1 0 1 1 0 1 0 0 1 1 1 0
70 15 5915 1 0 0 1 1 1 1 1 1 1 1 0 1 0 1
71 15 5339 1 1 0 1 0 0 1 1 1 1 1 1 1 0 0
72 15 7072 1 1 1 0 0 1 0 1 1 1 1 1 1 1 1
73 15 7108 0 1 1 0 1 1 1 1 1 1 0 1 1 1 1
74 15 5871 1 1 1 0 0 1 1 1 1 1 1 1 0 0 1
75 15 5250 0 1 1 1 1 1 1 1 0 1 0 1 0 1 1
76 15 7629 1 1 1 0 1 1 1 1 1 0 1 1 1 1 0
77 15 7231 1 0 1 1 1 1 1 0 1 1 1 1 0 1 1
78 15 7116 1 0 1 1 1 0 1 1 1 0 1 1 1 1 1
79 15 5691 0 1 0 0 1 1 0 0 1 1 0 1 1 1 1
80 15 5839 0 1 1 1 1 1 1 1 1 0 0 1 0 1 1
81 15 6001 1 0 1 0 1 1 0 1 1 1 1 1 1 1 1
82 15 6253 1 0 1 1 0 1 1 1 1 0 0 0 1 1 1
83 15 7033 1 1 1 1 1 1 0 1 0 1 0 1 1 1 1
84 15 6287 1 1 1 0 0 1 1 1 1 1 1 0 1 0 1
85 15 7287 1 0 1 1 1 0 0 1 1 1 1 1 0 1 0
86 15 5149 1 1 0 1 1 0 1 1 0 0 0 1 1 0 1
87 15 5263 1 0 0 1 0 1 1 0 1 1 1 0 1 1 1
88 15 6235 1 1 0 1 0 1 1 1 1 1 1 1 1 0 1
89 15 5710 1 0 1 1 1 0 0 1 1 1 1 0 1 0 1
90 15 5835 0 1 0 1 0 1 1 1 1 1 0 1 1 0 1
91 15 6164 1 1 1 1 0 1 1 1 1 1 1 0 0 1 1
92 15 7434 0 1 1 1 0 1 1 1 0 1 0 1 1 1 0
93 15 5602 1 1 0 1 1 0 1 1 0 0 1 1 1 1 1
94 15 6037 0 1 0 1 1 1 1 1 0 0 1 0 1 1 1
95 15 5725 0 1 0 1 1 1 0 1 1 1 0 1 1 1 1
96 15 6321 1 1 1 1 0 1 1 1 1 0 1 1 1 1 1
97 15 6740 1 1 0 0 1 1 1 0 1 0 1 1 1 1 1
98 15 6125 1 0 1 0 1 1 1 1 1 1 1 1 0 1 0
99 15 6667 1 0 1 1 1 1 0 1 1 0 0 1 1 1 1
100 15 5401 1 1 1 0 1 1 1 1 1 1 1 0 1 0 1
