1 15 5116 1 0 1 1 0 1 0 1 1 1 1 0 1 1 0
2 15 3333 1 0 1 1 1 1 1 1 1 1 0 0 1 1 0
3 15 4297 1 0 1 0 0 1 1 1 1 0 1 1 1 1 1
4 15 4837 1 1 1 0 0 1 1 0 1 1 1 1 1 1 1
5 15 3889 1 1 0 1 1 1 1 1 1 1 0 0 1 1 1
6 15 4227 1 1 0 1 0 1 1 1 1 1 1 1 0 1 1
7 15 3844 1 1 1 1 1 1 1 1 1 0 0 1 1 1 0
8 15 4403 1 0 1 1 1 1 0 1 0 0 1 1 1 1 1
9 15 3742 1 1 0 1 1 1 1 0 1 1 1 0 1 1 1
10 15 4333 1 0 1 1 0 0 0 1 1 1 1 1 1 1 1
11 15 4072 0 0 1 1 0 0 1 1 1 1 1 1 1 0 1
12 15 4089 0 1 1 1 0 1 1 0 1 1 0 0 1 1 1
13 15 3590 0 1 0 1 1 1 1 0 1 1 1 1 1 1 1
14 15 3747 1 0 0 1 0 1 1 1 1 1 0 0 1 1 1
15 15 4560 1 0 1 1 1 1 1 0 1 1 0 1 1 1 1
16 15 4948 1 1 1 0 0 0 1 1 1 1 0 1 1 1 1
17 15 5602 1 1 1 1 1 1 0 0 1 1 0 1 0 1 1
18 15 4566 1 1 1 1 1 1 0 1 1 0 1 1 0 0 1
19 15 3661 1 0 1 1 1 1 0 0 0 1 1 1 1 1 1
20 15 4059 1 1 1 1 0 0 1 1 0 1 0 1 1 1 1
21 15 4076 0 1 1 1 1 0 1 0 1 1 1 1 0 0 1
22 15 3713 1 1 0 1 1 1 1 1 0 1 1 0 0 0 1
23 15 4761 1 0 1 1 1 1 1 1 0 1 1 0 0 0 1
24 15 4807 1 0 1 1 1 1 1 0 1 1 1 0 0 1 0
25 15 3518 1 1 0 0 1 1 1 0 1 0 1 1 1 1 1
26 15 4462 1 1 1 0 1 0 0 1 1 0 0 1 0 1 1
27 15 3290 1 1 0 1 0 1 1 1 1 0 1 0 0 1 1
28 15 5013 0 1 0 1 1 0 1 1 1 1 0 1 1 1 1
29 15 4966 0 1 1 1 1 0 1 1 1 1 0 1 0 0 1
30 15 3590 1 1 1 1 1 1 0 0 0 1 0 1 1 1 1
31 15 3692 1 1 1 0 0 1 0 1 1 1 0 1 1 1 0
32 15 4771 1 1 1 1 1 1 1 1 1 1 0 0 0 1 0
33 15 6247 1 1 1 0 1 0 0 1 1 1 1 1 1 1 1
34 15 4824 1 0 1 1 1 1 0 1 1 1 1 1 1 1 0
35 15 4602 1 0 1 0 1 1 1 1 1 1 0 1 1 1 1
36 15 3288 1 1 1 1 0 0 1 1 1 1 0 0 1 1 0
37 15 5572 0 1 0 1 1 1 1 1 1 0 0 1 1 1 1
38 15 5258 1 0 1 1 1 1 1 0 0 1 1 0 1 1 0
39 15 3999 1 1 0 1 0 1 0 1 0 1 1 1 1 1 1
40 15 5466 1 1 1 1 0 1 1 0 1 1 0 1 1 0 1
41 15 4534 1 1 0 1 1 0 1 1 0 1 1 1 1 1 1
42 15 4380 1 1 1 1 1 1 0 1 1 0 0 1 1 0 1
43 15 5545 1 1 1 0 0 0 1 1 0 1 1 1 1 1 1
44 15 4606 1 0 1 1 0 1 1 1 1 0 1 1 1 0 1
45 15 5684 1 0 0 1 0 1 1 1 1 1 1 1 0 1 1
46 15 4626 1 1 1 1 1 0 0 0 1 1 1 1 1 1 1
47 15 5445 0 1 1 1 0 1 1 0 1 1 0 1 1 1 0
48 15 3436 0 1 1 1 1 1 1 1 1 0 1 1 0 0 1
49 15 2823 0 1 1 1 1 0 1 0 1 1 1 1 1 1 1
50 15 4731 1 1 0 1 1 0 0 0 0 0 1 1 1 1 1
51 15 5009 0 1 0 1 1 0 1 1 1 0 0 0 1 1 1
52 15 3790 1 1 1 0 1 1 0 1 0 1 1 1 1 1 1
53 15 3261 1 1 1 1 1 0 1 1 1 0 0 1 1 1 1
54 15 5464 1 0 1 1 1 1 1 0 0 0 1 1 1 1 1
55 15 2992 1 1 1 1 1 1 1 0 0 1 1 1 1 0 0
56 15 4343 1 1 1 1 1 1 0 1 1 1 0 1 1 0 1
57 15 6175 1 0 1 1 1 0 1 1 1 0 1 1 1 1 1
58 15 5668 0 1 1 1 1 0 1 1 1 1 0 1 0 1 1
59 15 4435 1 1 1 1 1 1 0 0 0 1 0 1 1 1 1
60 15 5533 0 1 1 1 1 0 1 1 1 0 0 1 1 1 1
61 15 5456 0 1 1 1 1 0 1 1 1 0 1 0 1 0 1
62 15 4228 1 0 1 1 0 1 1 0 1 1 1 0 1 0 1
63 15 3798 1 1 1 0 0 0 1 1 0 1 1 1 1 1 1
64 15 4814 1 0 1 1 1 0 0 1 0 1 1 1 1 1 1
65 15 5316 0 1 1 1 1 1 1 0 0 1 1 0 1 1 1
66 15 5013 1 1 0 1 1 1 1 1 1 1 0 1 1 1 1
67 15 4218 1 0 1 1 0 1 0 1 1 1 1 1 1 0 1
68 15 3734 1 1 1 1 0 1 0 1 1 0 0 1 0 0 1
69 15 5315 1 0 1 1 1 1 0 1 1 0 1 1 1 0 1
70 15 2722 1 1 1 1 1 0 1 0 1 1 1 1 1 1 0
71 15 4858 1 1 1 0 1 1 1 1 1 1 0 1 1 1 1
72 15 4566 1 1 1 1 1 0 1 1 1 1 1 0 1 0 1
73 15 4336 0 0 1 0 1 1 1 1 1 1 0 1 1 0 1
74 15 5402 1 0 1 1 0 1 1 1 1 1 1 1 1 1 0
75 15 4084 1 1 1 1 1 1 0 1 1 0 1 0 1 0 1
76 15 4087 1 1 0 1 0 1 1 0 1 1 1 1 1 1 1
77 15 5351 1 1 1 1 1 1 0 1 0 0 1 1 0 1 1
78 15 4609 1 0 1 1 0 1 1 0 0 1 1 1 1 1 1
79 15 5693 1 1 0 1 0 1 1 1 1 1 1 1 0 1 0
80 15 4848 1 0 1 0 1 1 0 1 1 1 1 1 1 0 1
81 15 4294 0 1 1 1 1 1 0 1 1 0 1 1 1 1 1
82 15 4777 1 1 1 1 1 0 1 1 0 1 1 1 1 0 0
83 15 3637 1 0 1 0 1 1 1 1 1 0 1 1 0 0 1
84 15 4259 1 0 1 0 1 0 1 0 1 1 1 1 1 0 1
85 15 4571 1 1 1 1 0 0 1 0 1 1 1 1 1 1 1
86 15 3402 1 0 0 1 1 1 1 1 1 1 0 1 1 0 1
87 15 5457 1 1 1 1 1 1 0 0 1 1 0 1 1 1 0
88 15 5164 1 1 0 1 1 1 1 1 1 0 1 0 1 1 1
89 15 5498 0 0 1 1 1 0 1 0 1 1 0 1 1 1 1
90 15 4364 0 1 1 1 0 1 1 1 1 1 0 1 1 0 1
91 15 3636 1 1 0 1 1 1 0 1 1 1 0 0 1 0 0
92 15 4519 1 0 1 1 1 0 1 0 0 1 1 1 1 1 0
93 15 4251 1 1 1 1 1 1 0 1 0 1 1 0 1 1 0
94 15 4069 0 0 1 1 0 1 1 1 0 0 0 1 0 1 1
95 15 4041 1 1 0 0 1 1 1 1 0 1 1 1 1 1 1
96 15 4057 1 1 0 1 0 1 0 0 1 1 1 1 1 1 1
97 15 3648 1 0 0 1 0 1 1 1 0 0 1 1 1 1 1
98 15 4321 1 1 1 1 1 0 1 0 1 1 0 1 0 1 0
99 15 4344 1 1 0 1 1 1 1 1 1 0 1 0 0 1 1
100 15 4513 1 1 1 1 0 1 1 1 0 1 1 1 0 0 0
