1 15 5129 1 0 1 1 1 1 1 1 1 0 0 1 1 1 1
2 15 4169 1 1 0 1 1 1 1 1 1 1 0 1 1 0 1
3 15 5894 0 0 1 1 1 1 1 0 1 1 1 1 1 1 1
4 15 5494 1 1 1 1 1 1 0 1 1 1 1 1 1 0 0
5 15 4923 1 1 1 0 1 1 1 1 1 1 1 1 0 1 0
6 15 6008 1 1 0 1 0 0 1 0 1 1 1 1 1 1 0
7 15 6269 0 1 1 1 1 1 1 0 1 1 0 1 1 1 0
8 15 4917 0 1 1 1 0 1 0 0 1 1 0 1 1 1 1
9 15 4870 0 1 1 1 0 0 1 1 1 1 1 0 1 0 0
10 15 5340 1 1 0 1 0 0 1 0 1 1 1 1 1 0 1
11 15 3890 1 0 1 1 1 1 1 1 1 0 1 1 0 1 1
12 15 5748 1 1 1 1 0 1 1 1 1 0 1 0 1 1 1
13 15 5436 1 1 1 1 1 1 1 0 1 1 0 1 1 0 1
14 15 4877 1 1 0 0 1 1 1 1 1 0 0 1 0 1 0
15 15 6367 1 1 0 1 1 1 0 1 1 1 0 1 1 1 1
16 15 3641 1 1 1 1 1 0 1 1 1 0 0 1 1 1 1
17 15 5750 0 0 0 1 1 1 1 1 1 1 1 1 1 1 0
18 15 4779 1 1 1 0 1 1 1 1 1 1 0 1 1 1 0
19 15 4172 1 1 0 1 1 1 1 1 0 0 1 1 1 1 1
20 15 5522 1 1 1 1 1 1 1 1 1 0 1 1 0 1 0
21 15 4590 1 1 0 1 1 1 1 1 1 0 1 1 0 0 1
22 15 3427 0 0 1 1 1 1 1 0 1 1 1 0 1 1 1
23 15 5733 0 1 1 0 0 1 1 1 1 1 1 1 1 0 1
24 15 5624 1 1 1 1 1 0 0 1 1 1 0 1 1 1 0
25 15 4981 1 1 1 1 0 1 1 0 1 0 1 1 0 1 1
26 15 4990 1 1 0 1 1 1 1 1 1 1 1 1 0 1 0
27 15 5391 0 1 1 1 0 1 1 0 1 0 0 1 1 1 1
28 15 5316 1 0 1 0 1 1 1 0 0 1 1 1 1 1 1
29 15 4267 1 1 1 1 0 0 1 1 1 0 1 1 1 1 0
30 15 5193 1 0 0 1 1 1 1 1 1 1 0 1 1 1 0
31 15 5695 1 1 0 1 1 0 1 1 1 0 0 1 0 1 1
32 15 5665 1 1 1 0 1 0 0 1 1 0 0 1 1 1 1
33 15 3824 1 1 0 0 0 1 0 1 1 1 1 0 1 1 1
34 15 5111 1 1 0 1 1 1 1 0 1 0 0 1 1 1 1
35 15 5513 1 0 1 1 1 1 1 0 0 1 1 0 1 1 1
36 15 4848 1 1 1 1 1 1 0 0 1 1 1 0 1 1 1
37 15 3652 1 0 1 1 0 1 1 1 1 0 1 1 1 0 1
38 15 5827 1 0 1 1 1 1 1 1 0 1 1 0 1 1 1
39 15 7927 1 1 1 0 1 1 0 0 1 1 1 1 1 1 1
40 15 5158 1 1 1 1 1 1 1 1 0 0 1 0 1 1 1
41 15 5932 1 0 1 1 1 1 1 0 1 1 1 1 1 0 0
42 15 6038 1 1 1 1 1 0 1 1 1 1 0 0 1 1 1
43 15 6146 1 0 0 1 1 1 1 0 1 1 1 1 1 1 1
44 15 5210 1 1 0 0 1 1 1 1 1 1 1 0 1 1 0
45 15 6024 1 1 1 1 0 1 0 0 0 1 1 1 0 1 1
46 15 5366 1 0 1 1 1 0 0 1 0 1 1 1 1 1 0
47 15 4169 1 1 0 1 0 1 0 1 1 1 1 1 0 1 0
48 15 6291 1 1 1 0 1 1 0 1 1 1 1 1 1 0 1
49 15 5009 1 1 1 1 1 1 1 0 0 1 1 1 1 0 1
50 15 4897 1 1 0 1 1 1 1 0 1 1 1 1 1 1 1
51 15 5314 1 1 1 1 0 1 1 1 1 0 1 1 1 1 1
52 15 5649 1 1 0 1 0 0 1 1 1 1 1 1 1 1 0
53 15 4403 1 0 1 1 1 1 0 1 0 0 1 1 1 1 0
54 15 5861 1 1 0 0 0 1 1 0 1 1 1 1 1 1 1
55 15 5136 1 1 0 0 0 1 1 1 0 1 1 1 1 1 1
56 15 4470 1 1 0 0 1 0 1 1 1 1 1 1 1 1 0
57 15 6740 0 1 1 1 1 1 0 0 1 1 1 1 0 1 0
58 15 4091 1 1 0 0 1 1 1 1 1 0 1 1 1 0 1
59 15 4852 1 1 0 0 0 1 0 1 1 0 1 1 1 1 1
60 15 4446 1 1 1 0 1 1 1 1 1 1 0 1 0 0 1
61 15 5587 0 1 1 1 1 1 0 1 1 1 0 1 1 0 0
62 15 5154 1 0 1 0 1 0 0 1 1 1 1 0 1 0 1
63 15 3689 0 1 0 1 0 1 0 1 1 1 0 1 1 0 1
64 15 4153 0 1 1 1 1 1 1 0 1 1 0 1 1 1 1
65 15 5677 1 1 0 1 1 1 0 1 0 1 1 1 1 1 1
66 15 4116 1 1 0 0 0 1 1 1 1 1 1 1 0 1 1
67 15 4521 1 0 1 0 0 1 1 1 1 1 1 1 0 1 1
68 15 3145 1 1 1 1 1 1 1 1 1 1 1 0 1 0 1
69 15 5741 1 1 1 0 1 1 1 1 0 0 0 1 1 1 0
70 15 5488 1 1 1 1 1 1 1 0 1 0 1 0 1 0 1
71 15 5841 1 0 1 1 1 1 1 1 0 0 0 1 1 0 1
72 15 5097 0 1 1 1 1 0 1 1 1 1 0 1 1 0 1
73 15 7551 0 1 1 1 1 1 1 0 0 1 1 1 1 1 1
74 15 5271 0 1 1 1 1 0 1 1 0 1 1 1 0 1 0
75 15 5273 1 1 0 0 1 1 0 1 1 1 1 0 1 1 1
76 15 4887 1 1 1 1 0 1 1 1 1 1 0 0 0 1 1
77 15 5165 1 0 0 1 1 1 1 1 1 1 0 0 1 1 0
78 15 6508 1 1 1 0 1 1 0 1 0 1 1 0 1 1 1
79 15 5201 1 1 1 0 1 1 1 1 0 1 1 0 1 1 1
80 15 6056 1 1 1 1 1 1 1 1 1 1 0 1 1 0 0
81 15 5496 1 1 1 1 1 0 0 1 0 1 1 1 1 1 1
82 15 4867 1 0 1 1 0 1 0 0 1 1 1 0 1 1 1
83 15 4440 1 0 1 1 1 1 1 0 0 1 0 1 1 0 1
84 15 5060 0 1 1 1 1 0 0 1 1 1 0 0 1 1 1
85 15 5119 0 1 1 1 1 1 1 1 1 1 1 1 1 1 0
86 15 5462 1 1 0 1 0 0 1 1 1 1 1 0 1 1 1
87 15 6049 0 1 1 1 1 1 1 1 1 1 1 0 0 1 0
88 15 4861 1 1 1 1 1 1 1 1 0 1 1 1 1 0 0
89 15 5045 1 1 0 1 1 1 1 0 1 1 0 1 1 1 1
90 15 6213 1 0 1 1 0 0 1 1 1 1 1 1 1 1 0
91 15 6356 1 1 1 1 1 0 1 1 0 1 0 1 1 1 0
92 15 4845 1 1 1 1 1 1 1 0 0 1 0 1 1 0 1
93 15 5482 1 1 1 0 1 1 0 1 0 1 1 1 1 0 1
94 15 5083 1 1 1 1 1 1 0 0 1 1 0 1 1 1 0
95 15 6351 1 1 1 1 1 1 1 1 1 1 0 1 1 0 0
96 15 5084 1 1 1 1 1 1 1 0 1 1 1 1 0 1 1
97 15 5293 0 1 1 1 1 0 1 1 1 1 1 0 0 1 0
98 15 4234 0 0 1 1 1 1 1 1 1 1 1 1 1 1 1
99 15 5361 1 1 1 1 1 0 1 1 0 0 1 0 1 1 1
100 15 6646 1 1 0 1 1 1 1 0 0 0 1 1 1 1 1
