1 15 2071 1 1 1 1 1 0 1 1 1 1 1 0 1 1 0
2 15 2051 0 0 1 1 1 1 1 0 1 1 1 1 1 1 1
3 15 1950 1 1 0 0 1 1 1 1 1 0 0 1 1 1 1
4 15 2438 1 0 0 1 1 1 1 0 1 1 1 1 1 1 0
5 15 1638 1 0 1 1 1 1 0 0 1 1 1 0 1 1 1
6 15 1692 1 1 1 1 1 1 1 1 1 0 0 1 1 1 0
7 15 1584 0 1 1 1 1 1 1 1 1 1 1 1 1 0 1
8 15 1972 0 0 1 1 1 0 1 1 1 0 0 1 1 1 1
9 15 1511 1 1 1 0 0 1 1 0 1 1 1 1 1 1 1
10 15 1912 1 1 0 0 1 1 1 1 1 1 1 0 1 1 1
11 15 2316 0 1 1 1 1 1 1 1 1 0 0 1 1 1 0
12 15 1646 1 1 1 1 1 1 0 1 1 0 1 0 0 1 1
13 15 1937 0 0 1 1 0 1 1 1 1 1 0 1 1 1 0
14 15 1683 1 1 0 0 1 0 0 1 1 1 1 1 1 0 1
15 15 1828 1 1 1 1 1 0 0 1 1 1 1 1 1 1 1
16 15 1822 1 1 1 1 0 0 1 1 1 0 1 0 1 1 1
17 15 1996 0 1 1 1 0 0 1 1 0 1 0 1 1 1 1
18 15 1617 0 1 1 1 1 1 0 0 1 0 1 1 1 1 0
19 15 2059 1 0 1 1 1 1 0 1 1 1 0 0 1 1 1
20 15 1586 1 1 1 0 1 1 1 1 1 1 1 1 1 0 0
21 15 1719 0 1 1 1 1 0 1 1 1 0 1 0 1 1 0
22 15 1671 1 1 0 1 1 1 1 1 0 1 1 1 0 1 0
23 15 2235 0 1 1 1 1 1 1 1 1 0 1 1 1 1 1
24 15 1811 1 1 1 0 1 1 1 0 1 0 0 1 1 1 0
25 15 1938 1 1 1 0 1 0 1 1 1 1 0 1 1 1 1
26 15 1595 1 1 1 1 0 1 0 1 1 1 1 0 0 1 0
27 15 1582 0 0 1 1 1 0 1 1 1 1 1 1 1 1 1
28 15 2008 0 0 1 1 1 1 1 0 1 1 1 1 1 1 0
29 15 2521 1 1 1 1 1 1 0 0 1 1 1 0 1 1 1
30 15 1257 0 1 1 1 1 1 0 0 1 1 1 1 1 1 1
31 15 1730 1 1 1 0 1 1 0 1 1 0 0 1 1 1 1
32 15 1715 0 0 1 1 1 1 1 1 1 0 1 1 1 1 1
33 15 1742 1 0 0 1 0 0 1 1 1 1 0 1 1 1 1
34 15 1977 1 1 0 1 1 1 1 1 1 1 1 0 1 0 1
35 15 1237 1 1 1 0 0 1 1 1 0 1 1 1 1 1 1
36 15 2350 1 1 0 1 1 1 1 1 1 1 1 0 1 0 1
37 15 2110 1 0 1 0 1 1 0 0 1 1 1 1 1 1 1
38 15 1557 0 0 1 1 1 1 1 1 1 1 1 0 1 0 1
39 15 1638 1 1 1 1 0 1 1 0 1 0 1 0 1 1 1
40 15 1821 1 1 1 1 0 1 1 1 0 0 1 1 0 1 1
41 15 1536 0 1 1 0 1 1 1 1 1 1 1 1 1 1 1
42 15 2137 0 1 1 0 1 1 1 1 1 1 1 1 0 1 0
43 15 1225 0 1 1 1 1 0 1 1 1 1 0 1 1 1 1
44 15 1923 0 1 0 1 1 1 1 1 1 1 1 0 0 1 1
45 15 2806 1 1 0 1 1 1 0 0 1 1 1 1 0 1 1
46 15 2076 1 1 0 1 0 0 1 1 0 0 1 1 1 1 1
47 15 1716 1 1 0 1 1 1 1 1 1 0 0 1 1 1 1
48 15 1803 0 1 1 0 1 1 1 0 1 1 1 1 1 1 1
49 15 1788 1 1 1 0 1 1 1 1 1 0 1 0 1 1 1
50 15 1258 1 1 0 1 1 1 1 1 0 0 1 1 1 1 0
51 15 1422 1 1 0 1 0 1 0 1 1 1 1 1 1 1 0
52 15 2203 1 1 1 1 1 1 1 1 1 0 1 0 1 0 0
53 15 1544 1 0 1 1 1 1 1 1 1 1 0 0 1 1 0
54 15 1355 1 1 1 1 1 1 1 0 1 1 0 1 1 1 0
55 15 1973 1 1 1 0 1 0 1 1 1 0 1 1 1 1 0
56 15 1270 1 1 0 1 1 1 0 1 1 1 1 1 1 0 1
57 15 1449 0 1 1 1 1 1 1 1 1 0 1 1 0 1 1
58 15 1595 1 0 1 1 1 1 1 1 1 1 1 1 1 1 0
59 15 2027 1 1 1 1 1 1 0 1 1 1 0 1 0 1 1
60 15 2001 1 1 1 0 0 1 1 1 1 1 1 1 1 1 1
61 15 2013 1 1 1 1 1 0 1 0 0 1 1 1 1 1 0
62 15 2455 1 0 1 0 1 0 0 0 1 1 1 1 1 1 1
63 15 1677 0 1 1 1 1 0 1 0 1 1 1 1 1 1 1
64 15 1292 1 1 1 1 1 0 0 1 1 1 1 1 1 1 1
65 15 1493 1 1 1 1 1 1 0 1 0 1 1 1 0 1 1
66 15 1636 0 0 0 1 0 1 0 1 1 0 1 1 1 1 1
67 15 1767 0 1 1 0 1 1 0 1 1 0 1 1 1 1 1
68 15 1739 1 1 1 1 1 1 1 0 1 1 1 0 1 0 1
69 15 1650 0 1 0 1 0 1 1 1 1 1 1 1 1 1 1
70 15 1690 1 1 1 0 1 0 1 1 1 1 1 1 1 1 1
71 15 1784 0 1 1 1 1 0 1 1 0 0 1 1 1 1 1
72 15 1637 1 1 1 1 0 0 1 1 1 1 1 0 1 1 0
73 15 2262 0 0 1 1 1 1 1 1 1 1 1 1 0 1 1
74 15 1554 1 0 1 0 1 1 1 1 1 0 0 1 0 1 1
75 15 1689 1 1 0 1 1 1 1 1 1 1 0 0 1 1 1
76 15 1814 1 1 1 1 1 1 1 0 1 0 0 0 1 1 1
77 15 1600 1 0 1 1 1 1 1 1 1 1 0 0 1 0 1
78 15 2422 1 1 1 0 1 1 1 1 0 1 1 1 1 1 1
79 15 1641 1 0 1 1 0 1 0 1 1 1 1 1 1 1 0
80 15 2364 1 1 1 0 1 1 0 1 1 1 1 1 0 1 1
81 15 2329 1 0 0 1 1 0 1 1 1 1 0 1 1 1 0
82 15 1896 1 1 1 1 0 1 1 0 1 1 1 0 0 1 1
83 15 1752 1 1 0 1 0 1 0 1 1 1 1 1 1 1 1
84 15 1905 1 1 1 1 1 1 0 0 1 1 1 1 0 1 1
85 15 1799 1 1 1 1 0 0 1 0 0 1 1 1 1 0 1
86 15 1217 1 1 0 1 1 1 1 0 0 0 0 1 1 1 1
87 15 1934 1 1 1 1 1 1 1 0 0 1 0 1 0 1 0
88 15 1577 0 1 0 1 1 0 1 0 1 1 0 1 1 1 1
89 15 1737 1 1 1 1 1 1 1 1 1 0 1 1 0 0 1
90 15 2104 1 1 1 1 1 1 1 1 0 1 0 1 1 0 1
91 15 1400 0 1 1 1 1 0 1 1 1 1 1 1 0 0 1
92 15 1668 0 0 1 1 1 1 1 0 0 1 1 1 1 1 1
93 15 1884 1 1 1 0 1 0 1 1 1 1 0 1 1 1 0
94 15 2234 0 1 1 1 0 1 1 0 1 1 0 1 0 1 1
95 15 1814 1 1 1 1 0 0 0 1 1 1 1 1 1 0 1
96 15 1597 1 0 1 1 1 1 1 1 0 1 1 0 1 1 1
97 15 2080 0 0 1 1 0 1 1 1 1 1 1 1 1 1 1
98 15 1938 1 1 0 0 1 1 1 0 1 1 1 0 1 1 0
99 15 1351 0 1 1 1 1 1 1 1 0 1 1 1 1 1 1
100 15 1627 1 1 0 0 1 1 1 0 1 1 1 1 0 1 1
