1 15 1491 1 0 1 1 1 1 1 1 0 1 1 1 1 1 1
2 15 1641 1 1 1 1 1 1 0 0 1 1 0 0 1 1 1
3 15 1243 1 1 1 0 1 0 1 1 1 1 1 1 1 1 1
4 15 1343 1 1 0 1 1 1 1 0 1 1 1 1 1 1 0
5 15 1474 1 1 1 1 0 0 1 1 1 1 1 1 1 1 0
6 15 1619 1 1 1 1 1 0 0 0 1 1 1 1 1 1 1
7 15 1551 1 1 1 1 0 1 1 1 1 0 1 1 1 0 1
8 15 1263 1 0 1 1 1 1 1 1 1 0 1 1 1 1 1
9 15 1448 1 0 1 1 1 1 1 1 1 0 1 1 0 0 1
10 15 1769 1 1 1 1 1 1 0 1 1 0 1 0 1 1 1
11 15 1444 0 1 0 1 1 1 1 1 1 1 0 1 1 1 1
12 15 1449 0 1 1 1 0 1 1 0 1 1 1 1 1 1 0
13 15 1560 1 1 0 1 1 0 1 0 1 1 1 1 1 0 1
14 15 1324 0 1 1 1 0 1 1 1 1 1 0 1 1 0 0
15 15 1660 0 1 0 1 1 1 1 1 0 1 1 0 0 1 1
16 15 1329 0 0 1 1 1 0 1 1 0 1 1 1 1 1 1
17 15 1288 1 1 1 1 0 1 1 1 1 1 0 1 1 0 1
18 15 1466 1 1 0 0 1 1 1 1 1 1 0 1 1 1 1
19 15 1574 1 1 1 1 0 1 1 1 1 1 0 1 0 1 1
20 15 1278 1 1 1 1 1 0 1 1 1 1 1 1 1 1 0
21 15 1333 1 1 0 1 0 1 1 1 1 1 1 1 1 1 1
22 15 1750 1 0 1 1 0 1 1 0 1 0 1 1 1 1 1
23 15 1268 1 1 1 1 1 0 1 0 1 0 1 1 1 1 0
24 15 1411 0 1 1 1 1 0 1 1 1 1 1 1 1 1 1
25 15 1819 1 1 0 1 1 0 1 1 1 1 1 1 1 1 1
26 15 1335 1 1 1 0 1 0 1 0 1 0 0 1 1 1 1
27 15 1386 1 1 1 1 1 1 1 1 1 0 1 0 1 0 1
28 15 1563 1 1 0 0 1 1 0 1 1 0 1 1 1 1 0
29 15 1495 1 1 1 1 0 1 0 1 1 1 1 0 1 1 1
30 15 1880 1 1 1 0 1 0 1 1 1 1 1 0 0 1 1
31 15 1656 1 1 1 1 1 1 1 0 1 1 0 1 0 1 0
32 15 2275 0 0 1 1 1 1 1 1 1 1 0 1 1 1 1
33 15 1752 1 1 1 1 1 0 1 1 1 1 0 0 1 1 1
34 15 1133 1 1 1 1 1 1 1 0 1 1 1 1 1 1 0
35 15 1653 1 1 0 1 1 1 1 1 1 1 1 1 0 1 1
36 15 756 1 0 1 1 1 1 0 1 1 1 1 1 1 1 1
37 15 1277 1 1 1 1 1 1 1 0 1 1 0 1 1 1 0
38 15 1174 1 1 0 1 1 1 1 0 1 1 0 1 0 1 1
39 15 1821 1 1 1 0 1 1 0 1 1 1 1 0 0 1 1
40 15 953 1 1 0 1 1 1 0 1 1 1 1 1 1 1 1
41 15 1336 1 1 1 1 1 1 0 1 1 1 0 1 0 1 1
42 15 1598 1 0 1 1 1 1 1 1 1 1 1 1 0 1 1
43 15 1587 1 0 1 1 1 0 1 0 1 1 1 1 1 1 1
44 15 1629 1 1 0 0 1 1 1 1 1 0 1 1 1 1 0
45 15 1566 0 1 1 1 1 0 1 0 1 1 1 1 0 1 1
46 15 1192 1 1 1 1 1 1 1 1 1 0 1 0 1 1 1
47 15 1524 1 1 1 1 1 0 1 1 0 1 1 1 1 1 0
48 15 1330 1 1 1 1 1 1 0 1 1 1 1 1 1 0 1
49 15 1075 1 1 1 1 1 1 1 1 1 1 1 0 1 1 1
50 15 1479 1 1 1 1 1 1 1 1 0 1 1 1 1 1 1
51 15 1600 1 1 1 1 1 0 0 0 1 1 1 0 1 1 1
52 15 1563 1 1 0 1 1 0 1 1 0 1 0 0 1 1 1
53 15 1252 1 1 1 1 1 0 0 1 0 1 1 1 0 0 1
54 15 1365 1 1 0 1 0 0 1 1 1 1 1 1 1 1 1
55 15 1432 1 1 1 0 1 1 0 1 0 1 0 1 1 1 1
56 15 1374 1 1 1 1 1 1 1 1 0 0 1 1 1 1 1
57 15 1479 0 1 1 1 1 0 1 1 0 1 1 1 0 0 1
58 15 1538 1 0 0 1 1 1 1 0 1 1 1 1 1 1 1
59 15 999 1 0 1 1 1 0 1 1 1 1 1 1 0 1 0
60 15 1815 1 1 1 1 1 1 1 1 1 1 1 0 1 1 0
61 15 1398 1 0 0 1 1 1 0 1 1 0 1 1 1 0 0
62 15 1128 1 1 0 1 1 1 1 0 1 1 1 0 1 1 1
63 15 1255 1 0 1 0 1 1 0 1 0 1 1 1 1 0 1
64 15 1743 1 1 1 0 1 0 0 1 1 1 1 1 1 1 1
65 15 1385 1 1 1 1 1 0 0 1 1 0 0 1 1 1 1
66 15 1519 1 1 1 1 0 1 1 1 1 1 0 1 1 1 1
67 15 1754 1 1 1 1 0 1 1 1 0 1 0 1 1 1 0
68 15 1278 1 1 0 1 1 1 0 1 1 1 1 1 0 1 1
69 15 1376 0 0 1 1 1 1 1 1 1 1 1 1 1 1 1
70 15 1232 1 1 1 1 0 1 1 1 0 1 1 1 1 1 1
71 15 1754 1 0 0 1 1 1 0 1 1 1 1 0 1 1 1
72 15 1362 1 1 0 1 1 1 0 1 1 1 1 1 0 1 1
73 15 1199 1 1 1 1 1 1 1 0 0 0 1 1 1 1 0
74 15 1256 1 0 1 1 1 1 1 1 0 1 1 1 1 1 0
75 15 1744 1 1 1 1 1 1 1 1 1 1 1 0 0 1 1
76 15 1589 1 1 1 1 1 1 1 1 0 0 1 1 0 1 1
77 15 1072 1 1 1 0 1 1 1 1 1 1 0 0 1 0 1
78 15 1425 1 0 0 0 1 1 0 1 1 0 1 1 1 1 1
79 15 1841 1 1 0 0 0 1 1 1 1 1 0 1 0 1 1
80 15 1569 0 1 1 1 1 0 0 1 0 1 1 1 1 1 0
81 15 1631 1 1 1 1 1 1 1 1 0 1 0 1 1 1 1
82 15 1906 0 1 1 0 1 1 1 1 1 1 0 1 1 1 1
83 15 1543 0 0 1 0 1 1 1 1 1 1 1 0 1 1 1
84 15 1558 1 1 1 1 1 1 1 0 1 1 1 0 1 1 1
85 15 1513 0 0 1 1 1 1 1 1 1 0 1 1 1 1 1
86 15 1501 1 1 0 1 1 1 1 1 1 1 1 0 1 1 1
87 15 1520 1 0 1 1 1 1 1 0 1 1 1 1 1 1 1
88 15 1736 1 1 0 1 0 1 0 1 1 1 1 1 1 1 1
89 15 1625 0 1 1 1 0 1 1 1 1 1 1 1 1 0 1
90 15 1805 1 1 0 0 1 1 1 1 1 0 0 1 1 1 1
91 15 1347 1 0 1 1 1 1 1 1 1 0 0 1 0 1 1
92 15 1721 1 0 1 0 1 1 1 0 1 1 1 1 0 1 1
93 15 2661 1 1 1 0 0 1 1 1 0 1 1 1 0 1 1
94 15 1779 1 1 1 0 1 1 1 1 0 1 0 1 1 1 1
95 15 1345 1 1 0 1 0 1 1 1 1 1 1 1 1 0 1
96 15 1393 1 1 1 1 1 1 1 1 1 0 1 1 1 0 1
97 15 1230 1 0 1 1 1 1 1 0 1 1 1 1 1 0 1
98 15 1247 0 1 1 1 1 1 1 1 1 1 1 1 1 1 1
99 15 1879 1 1 1 1 1 1 0 0 1 1 0 1 0 1 0
100 15 1153 0 1 1 1 1 1 1 1 1 0 1 1 1 1 1
