1 15 5116 1 0 1 1 0 1 0 1 1 1 1 0 1 1 0
2 15 3333 1 0 1 1 1 1 1 1 1 1 0 0 1 1 0
3 15 4297 1 0 1 0 0 1 1 1 1 0 1 1 1 1 1
4 15 4899 1 0 1 0 1 0 1 1 1 1 1 1 1 1 1
5 15 4012 1 0 1 1 1 1 0 1 1 1 1 1 0 1 0
6 15 4064 0 1 1 0 0 1 1 1 1 1 1 1 1 1 0
7 15 4180 1 1 0 0 0 1 1 1 1 1 0 0 0 1 1
8 15 3250 0 1 0 1 1 1 0 1 0 1 1 1 0 1 1
9 15 4193 0 1 1 1 1 1 0 1 1 0 1 0 1 1 1
10 15 3429 1 1 1 1 0 1 0 1 1 0 0 1 1 1 1
11 15 4673 1 1 1 1 0 1 1 0 1 0 0 1 1 1 0
12 15 4044 0 1 0 1 0 1 1 1 1 1 1 1 1 1 0
13 15 3841 1 1 1 0 1 0 0 1 1 1 1 1 1 0 1
14 15 4678 0 1 1 1 1 1 1 1 1 0 1 0 1 1 0
15 15 4744 1 1 1 1 1 1 1 0 1 0 1 1 1 1 0
16 15 4072 0 0 1 1 1 1 1 1 1 1 1 1 1 1 0
17 15 4832 1 1 0 1 1 1 1 0 1 1 0 0 1 1 1
18 15 4475 1 1 1 1 0 0 0 0 1 1 1 1 1 1 1
19 15 3821 1 0 1 0 1 1 0 1 1 0 1 1 1 1 1
20 15 4185 1 1 0 1 0 1 0 1 1 0 0 1 0 1 1
21 15 3407 1 0 1 1 1 1 1 0 1 1 0 0 1 1 0
22 15 4964 1 1 0 1 1 1 1 0 1 1 1 0 0 1 0
23 15 4070 1 1 1 1 0 1 1 1 1 0 1 0 1 1 0
24 15 3930 1 0 1 0 0 1 0 1 1 1 1 1 1 1 1
25 15 5046 0 0 1 0 1 1 0 1 1 1 1 1 1 1 1
26 15 2985 1 0 1 1 1 1 1 1 0 0 1 0 0 1 1
27 15 6297 1 0 1 0 1 1 0 1 1 1 1 1 1 1 1
28 15 3899 1 1 1 1 1 1 0 1 1 0 1 1 1 0 0
29 15 3823 1 1 1 1 1 1 1 0 1 1 1 0 0 1 0
30 15 5026 1 0 1 1 0 1 1 1 0 1 1 0 1 1 1
31 15 5069 0 1 1 1 0 0 0 1 0 1 1 1 1 1 1
32 15 4540 1 0 1 1 1 1 0 1 0 1 1 1 1 1 0
33 15 4721 1 0 1 1 0 1 1 1 1 0 1 1 1 1 1
34 15 4135 0 1 1 1 0 1 1 1 1 1 1 1 0 0 1
35 15 3341 1 1 1 1 1 1 1 1 0 0 1 0 1 1 1
36 15 5724 1 1 1 0 1 1 0 1 1 1 0 1 0 1 1
37 15 2740 1 1 1 1 1 1 1 1 0 1 1 0 1 0 1
38 15 4978 1 0 0 1 1 0 0 1 1 1 1 1 0 0 1
39 15 5422 1 0 1 0 0 1 0 1 1 1 1 1 0 1 1
40 15 3734 1 1 1 1 1 0 1 1 1 1 1 1 1 0 1
41 15 3616 0 0 1 1 0 0 1 1 1 0 1 1 1 1 1
42 15 4757 1 1 1 1 0 1 1 0 1 1 1 1 0 0 1
43 15 4243 1 1 0 1 1 1 0 0 1 1 1 1 1 1 0
44 15 4607 1 1 1 1 1 0 0 0 1 1 1 1 1 1 1
45 15 4558 0 1 1 1 1 0 1 0 1 1 1 1 1 1 0
46 15 3436 0 1 1 1 1 1 1 1 1 0 1 1 0 0 1
47 15 2823 0 1 1 1 1 0 1 0 1 1 1 1 1 1 1
48 15 4731 1 1 0 1 1 0 0 0 0 0 1 1 1 1 1
49 15 5009 0 1 0 1 1 0 1 1 1 0 0 0 1 1 1
50 15 3598 1 1 1 0 1 1 1 0 0 1 0 1 1 1 1
51 15 3155 1 1 1 1 1 0 1 1 0 1 1 1 1 1 1
52 15 5129 1 1 1 1 0 0 0 1 1 1 1 1 0 1 1
53 15 3554 0 1 1 1 0 1 1 1 0 1 0 1 1 1 1
54 15 3704 1 0 1 0 1 1 0 0 1 1 1 1 0 1 1
55 15 5607 0 0 1 1 1 0 1 1 1 1 1 1 1 0 1
56 15 4801 1 0 1 1 0 0 0 1 0 1 1 1 1 1 0
57 15 2729 1 1 0 0 1 1 1 1 1 0 0 0 0 1 1
58 15 4881 0 0 1 1 1 1 1 1 1 1 1 1 0 0 0
59 15 4217 1 0 1 1 1 1 1 0 1 1 1 0 1 1 0
60 15 4812 1 1 1 1 1 1 1 0 1 0 1 0 1 1 1
61 15 4369 1 1 0 0 1 1 0 1 1 1 0 1 1 1 1
62 15 4299 1 0 1 1 0 0 1 1 1 0 1 1 1 1 1
63 15 3600 1 0 0 1 0 1 1 1 1 1 1 1 0 1 0
64 15 4960 1 0 0 1 1 1 1 1 1 1 1 0 1 1 0
65 15 3857 0 1 1 1 1 1 1 0 1 0 1 1 0 1 0
66 15 4005 0 0 1 0 0 1 0 0 1 0 1 1 1 1 1
67 15 3852 0 0 1 1 1 1 1 1 1 1 1 1 1 0 1
68 15 3995 1 1 1 0 0 1 1 1 1 1 1 1 1 1 1
69 15 4368 0 1 1 1 0 0 1 1 1 0 1 1 1 1 1
70 15 4794 1 1 1 0 1 1 1 1 1 0 1 1 1 1 0
71 15 4813 0 1 1 1 1 1 1 0 1 1 1 0 0 1 0
72 15 3966 1 0 1 0 0 1 1 1 1 1 1 1 1 1 1
73 15 4082 0 1 1 0 1 1 1 1 0 1 1 1 0 1 0
74 15 3940 1 0 1 0 1 1 0 1 1 1 1 1 1 1 1
75 15 4550 1 1 1 1 1 1 1 1 1 0 0 0 1 0 1
76 15 3776 1 1 0 1 1 1 0 1 0 1 1 1 1 0 0
77 15 4947 0 0 1 1 0 0 1 1 1 1 1 1 1 0 1
78 15 4812 0 1 0 1 1 0 1 1 1 1 1 1 0 1 1
79 15 4209 1 0 1 1 1 0 1 1 0 1 1 1 1 1 0
80 15 3570 0 1 1 0 1 1 1 1 0 1 0 1 1 1 1
81 15 3974 1 0 0 1 1 1 0 1 1 1 1 0 1 1 0
82 15 3581 0 1 1 1 0 1 1 1 1 1 1 0 0 1 0
83 15 4339 0 1 1 1 1 1 1 1 0 0 0 1 1 1 1
84 15 4943 1 0 1 1 0 1 1 0 1 1 1 0 1 0 1
85 15 4202 1 1 1 0 1 0 0 1 1 1 1 1 1 1 1
86 15 4751 0 0 0 0 0 1 1 1 1 1 1 1 1 1 1
87 15 4189 1 1 1 1 1 0 1 1 1 0 1 1 1 0 1
88 15 3866 0 1 0 1 1 1 1 1 1 1 1 0 0 1 0
89 15 3802 0 1 1 1 1 0 1 0 0 1 0 0 1 1 1
90 15 4431 1 1 1 0 0 1 1 1 1 1 0 0 1 1 0
91 15 4179 0 1 1 0 1 1 1 1 1 1 0 0 0 1 0
92 15 3747 0 1 1 1 0 1 0 1 1 0 0 1 1 1 1
93 15 4157 1 1 1 1 0 1 1 0 0 0 1 1 1 1 1
94 15 3778 1 0 1 1 0 1 1 1 0 0 1 1 1 1 0
95 15 3832 1 1 1 1 1 1 1 1 0 1 0 1 0 0 0
96 15 4344 1 1 0 1 1 1 1 1 1 0 1 0 0 1 1
97 15 4513 1 1 1 1 0 1 1 1 0 1 1 1 0 0 0
98 15 5883 0 0 1 1 1 1 1 1 0 1 1 1 0 1 1
99 15 5449 1 1 1 1 1 0 0 1 1 1 1 0 1 1 1
100 15 4038 1 0 1 0 1 1 1 1 0 0 1 1 1 1 0
