1 15 6207 0 1 1 0 1 1 1 1 1 1 0 0 1 0 1
2 15 7447 1 0 1 1 1 1 1 0 1 1 1 1 1 0 0
3 15 7004 1 1 0 1 1 1 1 1 1 1 0 0 1 0 1
4 15 8046 1 1 1 1 1 1 0 1 1 1 0 1 1 0 1
5 15 6739 1 0 1 1 1 0 1 1 1 1 1 1 1 0 0
6 15 6942 1 0 1 0 1 1 1 1 1 0 0 1 1 1 1
7 15 6099 1 1 1 0 0 0 1 1 1 1 1 1 1 1 1
8 15 5651 0 1 1 0 0 1 1 1 1 0 1 1 1 1 1
9 15 5824 1 0 1 1 0 1 1 1 1 0 1 1 1 1 1
10 15 7638 1 0 1 1 1 0 0 1 0 1 1 1 1 1 1
11 15 7016 1 1 1 0 1 1 1 1 0 0 0 1 1 1 1
12 15 7401 1 1 0 1 1 1 1 1 1 1 1 0 0 1 0
13 15 7981 1 1 1 1 0 0 1 1 1 0 1 1 0 0 1
14 15 7400 0 1 1 0 1 1 1 1 1 1 1 1 0 0 1
15 15 7024 1 1 1 1 1 1 0 1 1 0 1 1 0 0 0
16 15 7260 1 1 0 1 1 1 1 0 1 1 1 1 0 1 1
17 15 6757 1 1 1 1 1 1 1 0 1 1 1 0 0 1 1
18 15 7579 1 1 1 1 1 1 1 1 1 1 1 0 1 0 1
19 15 6635 1 1 1 1 0 1 1 1 1 0 0 0 1 1 1
20 15 6999 0 1 1 1 1 1 1 1 1 1 0 1 1 1 1
21 15 7996 1 1 0 0 1 1 0 1 0 1 1 1 1 1 1
22 15 6239 1 0 1 1 1 1 1 1 1 0 0 1 0 1 1
23 15 7142 1 1 1 0 1 1 1 1 1 0 1 0 1 1 0
24 15 8304 1 1 1 0 1 0 1 1 1 0 1 1 1 1 1
25 15 6509 0 0 1 0 1 0 1 1 0 1 1 1 0 1 1
26 15 7119 1 0 1 1 0 1 1 0 1 1 1 1 1 1 1
27 15 6831 1 0 1 1 1 1 1 1 1 0 1 0 1 0 1
28 15 7680 1 1 1 0 1 1 0 0 1 1 1 1 0 1 1
29 15 6577 1 1 1 1 0 1 1 1 0 0 1 1 0 1 1
30 15 5580 1 1 1 1 1 0 1 1 0 1 0 1 0 0 1
31 15 7290 1 0 1 1 1 1 1 0 1 1 0 1 1 1 1
32 15 6640 1 1 1 1 1 1 0 1 0 1 1 1 0 1 0
33 15 7542 1 0 1 1 1 0 1 0 1 1 1 1 1 1 1
34 15 6077 0 1 1 1 1 1 0 0 1 1 0 0 1 1 1
35 15 6996 0 1 0 1 1 1 1 1 1 1 0 0 1 1 1
36 15 5896 1 1 1 1 0 1 1 1 1 0 1 0 1 0 0
37 15 6305 1 1 0 0 1 0 1 1 1 1 1 1 1 0 1
38 15 7433 1 1 1 1 0 1 0 1 1 1 1 1 1 1 1
39 15 7301 1 1 1 1 1 0 1 1 1 1 1 1 1 0 0
40 15 7388 0 1 1 1 1 0 1 0 1 1 0 1 0 1 1
41 15 7056 1 0 1 1 1 0 1 1 1 0 1 1 1 1 1
42 15 4164 0 1 1 1 1 0 1 1 0 1 1 1 1 0 1
43 15 7390 0 1 1 0 1 1 1 1 1 1 1 0 0 1 1
44 15 6535 1 1 1 0 0 0 1 0 1 1 1 0 1 1 1
45 15 5850 1 1 1 0 1 1 1 0 1 1 1 1 1 1 0
46 15 7779 1 0 1 0 1 0 1 1 1 0 1 1 1 0 1
47 15 6390 0 1 1 1 0 0 0 1 1 1 1 1 1 1 1
48 15 6276 1 1 1 1 1 1 1 1 1 1 0 0 1 0 0
49 15 6666 1 1 1 0 0 1 0 1 1 0 1 1 1 1 0
50 15 7518 1 1 1 1 1 1 1 0 1 0 1 1 0 1 1
51 15 7836 0 0 1 1 0 1 1 1 1 1 0 1 1 0 1
52 15 5162 1 0 1 1 1 1 1 1 1 0 1 0 1 1 1
53 15 6456 1 1 0 1 1 1 0 0 0 1 1 1 0 1 0
54 15 6934 1 1 1 1 1 1 1 1 1 0 0 0 0 1 0
55 15 6421 1 0 1 1 1 1 1 1 1 1 1 1 1 0 0
56 15 6544 0 1 1 1 1 1 1 1 1 1 1 0 0 1 1
57 15 7204 1 1 1 1 0 1 1 1 1 1 1 1 0 1 0
58 15 6282 0 1 1 0 1 0 1 0 1 1 0 1 1 1 1
59 15 7088 1 1 1 1 0 1 0 1 0 1 1 0 1 1 1
60 15 8906 0 0 1 1 1 1 1 0 1 1 0 1 1 1 1
61 15 6198 1 1 1 0 1 1 0 1 1 1 1 0 1 0 0
62 15 5999 1 1 1 1 1 0 1 1 0 1 1 1 1 0 0
63 15 7077 0 0 1 1 1 1 1 1 1 1 1 0 1 0 1
64 15 7139 1 1 0 1 1 1 1 1 1 1 1 0 1 1 1
65 15 7571 0 1 1 1 1 1 0 1 1 1 1 1 1 1 1
66 15 6037 1 1 1 1 1 1 0 0 0 1 0 1 1 1 1
67 15 6217 0 1 0 0 1 0 1 1 0 1 1 1 1 1 1
68 15 7556 0 1 1 1 1 0 0 1 1 1 1 1 1 1 1
69 15 8266 1 1 1 1 1 0 0 1 0 0 1 1 1 1 1
70 15 6266 0 0 1 1 0 1 1 0 1 1 1 1 1 1 1
71 15 7972 1 1 0 1 1 1 1 1 1 1 0 0 1 1 0
72 15 7551 1 1 1 1 0 0 1 1 0 1 1 0 1 1 1
73 15 8095 1 1 1 0 1 1 1 1 0 1 1 0 1 1 0
74 15 7648 1 1 0 1 0 1 0 1 1 0 1 1 1 1 1
75 15 6875 1 1 0 1 0 1 1 0 1 1 1 1 0 0 1
76 15 5918 1 1 0 1 0 1 0 1 0 1 1 0 1 1 1
77 15 6324 1 1 1 0 0 1 1 0 0 1 1 1 1 1 0
78 15 8150 1 0 1 1 1 1 1 1 1 1 1 0 0 1 1
79 15 5201 1 1 1 0 1 1 0 0 0 1 1 1 1 0 0
80 15 6391 1 1 0 1 0 1 0 1 1 1 1 0 1 1 1
81 15 6246 1 1 1 1 1 0 1 1 1 0 0 1 1 1 0
82 15 6762 0 1 1 0 1 1 1 1 0 1 0 1 1 1 1
83 15 6723 1 0 1 1 1 1 0 1 1 0 1 1 1 1 0
84 15 5111 0 1 0 1 0 1 0 0 1 1 0 0 1 1 1
85 15 7143 1 1 1 1 1 1 0 1 1 1 0 1 0 0 1
86 15 7219 1 0 0 1 1 1 1 1 1 1 1 0 1 1 1
87 15 5801 1 1 0 1 1 1 1 1 0 1 0 1 1 0 1
88 15 6639 0 1 1 1 1 1 1 1 0 1 1 0 1 1 0
89 15 6859 1 1 1 0 1 1 1 1 1 0 0 1 1 1 1
90 15 7344 1 1 1 1 1 1 1 1 1 0 0 0 1 1 1
91 15 7371 1 1 1 0 1 0 1 1 1 0 1 1 1 1 1
92 15 6444 1 1 0 1 0 1 1 1 1 1 1 1 1 0 0
93 15 6829 0 1 1 0 1 1 1 1 1 1 1 1 0 1 0
94 15 8060 1 1 0 0 1 0 1 0 0 1 1 1 1 1 1
95 15 7232 1 1 0 0 1 1 1 1 0 1 1 1 1 1 1
96 15 6263 1 1 0 0 0 1 1 1 0 1 1 1 1 1 1
97 15 7695 0 1 1 1 1 1 0 0 1 1 0 1 1 1 1
98 15 5789 1 0 0 1 0 1 1 0 1 1 1 1 1 0 1
99 15 7544 1 1 1 1 1 1 1 1 1 0 1 0 0 1 0
100 15 5516 1 1 1 1 0 0 1 0 1 1 0 1 1 1 1
