1 30 22391 1 1 1 1 0 1 1 0 1 1 1 1 1 1 1 1 1 1 0 1 1 0 0 1 0 1 1 1 1 1
2 30 24660 1 1 1 0 1 1 1 1 1 1 1 0 0 1 1 0 1 0 0 1 1 1 1 0 1 1 1 1 1 1
3 30 29816 0 1 1 1 0 1 1 1 1 1 1 1 1 1 0 1 1 1 1 1 1 1 1 0 1 0 0 1 1 0
4 30 25634 0 1 1 0 1 1 1 1 1 1 1 1 1 1 1 1 0 1 1 0 1 0 0 1 1 1 0 1 1 0
5 30 25612 1 1 1 0 1 0 1 1 1 1 1 1 0 1 1 0 1 1 1 1 1 1 1 0 0 1 0 1 1 1
6 30 27382 1 0 1 1 1 1 1 0 1 1 0 0 1 1 1 1 0 0 1 1 1 0 1 1 1 1 0 1 1 1
7 30 26891 1 0 1 0 0 0 1 0 1 1 1 1 1 1 1 1 1 1 1 1 0 1 1 1 1 1 1 1 0 1
8 30 28167 1 1 1 0 1 0 1 1 0 1 1 1 0 1 1 1 1 1 0 1 1 1 1 0 1 1 0 1 1 1
9 30 27560 1 1 1 1 1 1 0 1 1 1 1 1 1 0 0 0 1 0 1 1 1 0 1 1 1 1 1 0 1 1
10 30 27973 1 0 1 1 1 1 1 0 0 1 0 1 1 1 1 1 1 1 1 1 1 1 1 0 1 1 1 1 0 1
11 30 23799 1 1 0 0 1 1 1 1 0 1 1 1 1 1 0 1 1 1 0 1 0 1 1 1 0 1 1 1 1 1
12 30 25996 1 1 1 1 1 1 0 1 1 1 1 1 1 1 1 0 0 1 1 1 1 0 1 1 1 0 0 1 0 1
13 30 26557 0 1 1 1 1 1 1 1 1 0 0 0 1 1 1 1 1 1 1 1 1 1 0 0 1 1 1 1 1 1
14 30 24077 1 0 1 1 1 1 0 1 1 1 1 1 1 1 0 1 0 1 0 1 1 1 1 1 1 0 1 1 1 1
15 30 23475 0 1 1 0 1 1 1 1 0 1 1 1 0 1 1 1 1 0 1 1 1 1 1 1 1 1 0 1 1 1
16 30 27138 1 1 1 1 0 0 1 1 1 1 0 1 1 1 1 1 0 1 1 1 1 1 1 1 1 0 1 1 1 0
17 30 24743 1 1 1 1 1 0 0 1 1 1 0 1 1 0 1 1 1 0 0 1 1 1 0 1 1 1 1 0 1 1
18 30 29550 1 1 0 1 0 1 1 1 1 0 1 0 1 1 0 1 0 1 1 1 1 1 1 1 1 1 0 1 1 1
19 30 27703 1 1 0 1 1 1 1 1 1 1 1 1 1 1 0 1 1 1 1 0 1 1 0 1 1 0 1 1 0 1
20 30 28825 1 1 1 1 1 1 1 0 1 1 1 1 1 1 0 1 0 1 0 1 1 1 1 1 0 0 1 0 1 1
21 30 25919 1 1 0 0 0 1 1 1 1 1 1 1 0 1 0 1 1 1 1 1 1 1 1 0 1 1 1 1 1 1
22 30 23810 1 1 1 1 1 1 1 1 0 1 1 0 1 1 1 0 0 1 1 1 1 1 1 1 0 0 0 1 1 1
23 30 27375 1 1 1 0 1 1 1 1 0 1 0 1 1 1 1 0 1 0 0 1 1 0 1 1 1 1 1 1 1 1
24 30 24293 1 1 1 1 1 1 1 0 1 1 0 1 1 0 1 1 1 0 1 1 0 1 1 0 0 1 1 1 1 1
25 30 25657 0 1 1 1 1 1 1 1 1 1 1 1 1 0 1 0 1 0 0 1 1 0 0 1 1 1 1 1 1 1
26 30 25665 1 1 0 0 1 1 0 1 1 1 1 1 0 1 1 1 1 1 1 1 1 0 1 1 1 1 1 1 1 0
27 30 25431 1 1 1 1 1 1 1 1 1 1 1 1 0 0 1 1 1 0 0 1 1 0 1 0 1 0 1 1 1 1
28 30 26231 1 1 1 1 1 1 1 1 1 0 1 1 1 0 0 0 1 0 1 1 1 1 1 1 1 1 0 1 0 1
29 30 26089 0 0 0 1 1 0 1 0 1 0 1 1 1 1 1 1 1 1 1 1 1 1 1 1 1 1 1 1 1 1
30 30 27707 1 1 1 1 1 1 0 1 1 0 1 1 1 1 1 1 0 1 1 1 0 1 0 1 1 1 1 1 0 1
31 30 27369 1 0 1 1 1 1 0 1 1 0 1 1 1 1 1 1 1 1 1 1 0 0 1 1 1 1 0 1 0 1
32 30 27136 1 1 1 0 1 1 1 1 0 0 1 1 1 1 1 1 0 0 1 1 1 1 1 1 1 1 1 0 1 0
33 30 26800 1 1 1 0 0 1 1 1 1 0 1 1 0 1 1 1 0 1 1 0 1 1 1 1 1 0 1 1 1 1
34 30 29371 1 1 1 1 0 1 1 1 0 0 1 1 1 1 1 1 1 1 1 0 1 0 1 0 1 1 1 0 0 1
35 30 24923 1 1 0 1 1 1 1 1 0 1 1 0 0 0 1 1 1 0 1 1 1 1 1 1 1 1 1 1 1 1
36 30 26082 1 1 1 0 1 1 0 1 1 0 0 1 1 1 1 1 0 1 0 1 1 0 1 1 1 0 1 1 1 1
37 30 24515 1 1 1 0 1 1 1 1 1 1 0 1 1 1 1 1 1 1 1 0 1 1 0 1 1 0 1 0 1 0
38 30 26385 1 0 1 0 1 0 1 1 0 0 1 1 1 1 1 0 1 1 1 1 1 0 0 1 1 1 1 1 1 1
39 30 23821 1 0 1 0 1 0 1 1 0 0 1 1 1 1 1 1 1 1 1 1 0 1 1 1 0 1 1 1 1 1
40 30 27827 1 1 1 1 1 0 0 1 0 1 0 1 1 1 1 1 1 1 1 0 1 0 1 1 1 1 0 0 1 1
41 30 26476 1 1 1 1 1 0 1 1 1 1 1 1 1 1 0 1 1 0 1 0 1 1 0 1 1 1 1 1 0 1
42 30 26771 1 0 1 1 1 1 0 1 1 1 1 1 1 1 0 0 1 1 1 1 1 1 0 0 1 1 0 1 1 0
43 30 25514 1 1 1 1 1 1 0 1 0 1 0 1 1 1 1 0 1 1 1 1 1 1 0 1 1 0 1 1 1 1
44 30 25777 1 1 1 1 0 1 1 1 0 1 0 1 1 1 1 1 1 0 1 1 1 1 1 1 1 0 1 0 0 1
45 30 26662 0 1 1 1 1 1 1 1 1 0 1 1 1 1 0 1 1 1 1 1 0 1 1 1 1 1 0 1 0 0
46 30 25551 1 0 0 1 1 1 1 1 0 1 1 1 1 1 1 1 0 1 1 1 0 1 1 1 1 0 1 1 1 1
47 30 24474 1 1 1 1 1 1 1 1 1 0 1 1 1 1 1 1 1 1 1 1 1 0 1 0 0 1 1 0 0 0
48 30 23530 1 0 0 1 1 1 1 1 1 0 0 1 1 1 1 0 1 1 1 1 1 1 1 1 1 0 0 1 1 1
49 30 26914 1 1 1 0 1 1 1 1 1 1 1 1 1 1 1 1 1 1 0 1 1 1 1 0 1 0 1 0 0 0
50 30 26300 1 1 1 1 1 1 0 0 1 1 1 1 1 1 0 1 0 0 1 1 0 1 1 1 1 1 0 1 1 1
51 30 25929 1 1 0 1 1 0 1 0 1 1 1 1 0 1 1 1 1 0 1 1 1 1 0 1 1 0 1 1 1 1
52 30 25166 1 1 1 1 1 1 1 1 1 0 1 1 1 1 1 1 0 1 0 0 1 1 1 1 0 1 1 0 1 1
53 30 23471 0 0 1 1 1 1 1 0 1 1 1 1 0 1 1 0 0 1 1 1 1 1 1 1 1 1 0 1 1 1
54 30 24754 1 1 1 1 1 1 1 1 1 1 1 0 0 0 1 1 1 1 1 0 1 0 1 0 1 1 1 1 1 0
55 30 26273 1 1 1 1 1 1 0 0 1 0 1 0 1 1 1 1 1 1 1 1 1 1 1 1 1 1 0 0 0 1
56 30 26327 1 1 1 0 0 1 1 1 1 1 1 1 1 1 0 1 1 1 1 0 1 0 1 0 1 1 1 0 1 1
57 30 25841 0 1 1 0 1 1 1 1 1 1 1 1 1 1 0 1 1 1 0 1 1 1 0 1 1 1 1 1 0 0
58 30 26578 0 1 0 1 1 1 1 1 0 1 1 1 0 1 1 1 1 1 1 1 1 1 0 1 1 1 0 1 0 1
59 30 26745 1 1 1 0 1 1 1 0 0 1 1 1 1 1 0 1 1 0 0 1 1 1 1 0 1 1 1 1 1 1
60 30 24143 0 0 0 1 1 1 1 1 0 0 1 0 1 1 1 1 1 1 1 1 1 1 1 0 1 1 1 1 1 1
61 30 23922 0 0 1 1 1 1 0 1 1 1 1 1 1 1 1 1 0 1 1 1 0 1 1 0 1 1 0 1 1 1
62 30 26719 1 1 0 0 1 1 1 1 1 1 1 0 1 0 1 1 1 1 1 1 1 0 1 1 0 1 1 0 1 1
63 30 24312 0 1 1 1 0 1 1 1 0 1 1 1 1 0 1 1 1 1 0 1 1 1 1 1 1 1 0 1 0 1
64 30 24677 0 1 1 1 1 1 1 1 1 0 1 1 1 1 0 1 1 1 1 1 0 1 0 1 0 1 1 1 1 0
65 30 23465 0 1 1 1 1 0 1 1 1 1 1 1 1 1 1 1 1 0 0 1 1 1 0 1 1 1 1 0 1 0
66 30 22558 1 1 1 1 0 1 0 1 1 1 1 1 1 1 1 1 1 0 1 1 1 1 0 1 0 0 1 1 1 0
67 30 27699 1 1 1 1 1 0 0 0 1 1 0 1 1 1 1 1 0 0 1 1 0 1 1 1 1 1 1 1 1 1
68 30 28920 1 0 1 0 1 0 1 1 1 1 0 1 1 1 1 1 1 1 1 1 1 0 1 1 1 0 1 1 0 0
69 30 25365 1 1 0 1 1 1 0 1 1 1 0 0 1 0 1 1 1 1 1 1 1 1 1 1 1 1 1 1 0 0
70 30 28297 1 1 1 1 1 1 1 1 0 0 0 1 0 0 1 1 1 1 0 1 1 1 0 1 1 1 1 1 1 1
71 30 26478 1 1 0 0 1 0 1 0 0 1 1 1 1 1 1 1 1 1 1 1 0 1 0 1 1 1 1 1 1 1
72 30 27658 0 0 1 1 1 1 1 1 1 1 1 0 1 1 0 1 1 0 1 1 0 1 1 1 1 0 1 1 1 1
73 30 24498 0 0 1 1 0 1 1 1 1 1 0 1 0 1 1 1 1 1 1 1 1 0 1 0 1 1 1 1 1 1
74 30 23033 1 1 0 1 1 1 1 1 0 1 1 1 1 1 0 1 0 1 0 1 1 1 1 1 1 1 1 0 0 1
75 30 23193 1 0 1 1 1 1 1 1 1 0 1 1 1 1 0 1 1 1 0 1 1 1 1 1 1 0 1 1 1 0
76 30 26416 1 1 1 1 1 1 1 1 1 1 0 1 1 0 1 0 1 1 1 1 0 1 1 0 1 0 0 1 1 1
77 30 25569 1 1 1 1 1 1 1 1 0 1 1 0 1 0 1 1 0 1 1 1 0 1 1 1 1 0 0 0 1 1
78 30 25246 1 1 1 1 1 1 1 0 1 0 1 1 1 1 1 1 0 1 0 1 0 1 1 1 0 0 1 1 1 1
79 30 26535 0 0 0 1 1 1 1 1 1 1 1 1 1 1 1 0 1 1 1 1 0 0 1 1 1 1 1 1 0 1
80 30 24469 1 1 1 1 1 0 1 1 0 0 0 1 1 1 1 1 1 0 1 1 1 1 1 1 1 1 0 1 1 0
81 30 25931 0 1 1 1 0 0 1 1 1 1 1 1 1 1 1 1 1 0 0 1 1 1 1 1 1 0 1 1 0 1
82 30 24648 1 1 0 0 1 1 1 1 1 1 1 1 0 1 1 0 1 1 1 1 1 0 1 0 1 1 1 1 1 1
83 30 28777 1 0 1 1 1 0 0 1 1 1 1 1 1 1 1 1 1 0 1 1 1 1 1 1 1 1 1 0 0 1
84 30 23971 0 0 1 0 1 1 1 1 1 1 1 1 1 1 1 1 1 1 1 0 1 1 1 1 0 1 1 0 0 1
85 30 26000 1 1 1 0 1 1 0 1 0 1 0 1 1 1 1 1 0 1 1 1 1 1 0 0 1 1 1 1 1 0
86 30 23407 1 0 1 1 1 0 0 1 1 1 0 1 0 0 0 1 1 1 1 1 1 1 1 1 1 1 1 1 1 1
87 30 23924 1 1 1 0 1 1 1 1 1 1 1 1 1 1 0 0 1 0 1 0 1 0 1 1 1 1 1 0 1 1
88 30 25543 1 1 1 1 1 0 0 1 1 1 1 0 0 1 1 1 0 1 1 1 1 0 1 1 1 1 1 1 1 1
89 30 30243 0 1 0 0 1 1 1 1 1 1 1 0 1 1 1 1 1 1 0 1 1 1 0 1 1 1 1 0 1 1
90 30 26829 1 0 0 1 1 1 1 1 1 0 1 1 1 0 0 0 1 1 1 1 1 1 1 1 1 0 1 0 1 1
91 30 24848 1 1 1 1 0 1 1 1 1 1 0 1 1 0 1 1 1 1 1 0 1 1 1 1 0 1 1 1 1 0
92 30 27247 1 1 1 1 1 1 1 1 0 1 0 1 1 0 1 1 1 1 1 0 0 0 1 1 1 1 1 1 1 1
93 30 24752 0 0 1 1 0 1 0 1 1 1 1 1 1 0 0 1 1 1 1 0 1 1 1 1 1 1 1 1 1 1
94 30 24496 1 1 0 1 0 1 1 1 1 0 1 0 1 1 1 1 0 1 1 1 1 1 1 0 1 1 1 0 1 1
95 30 27302 0 0 1 1 1 0 0 0 1 1 1 1 1 1 1 1 1 1 1 1 1 0 1 1 0 1 1 1 1 1
96 30 29493 0 1 1 0 1 1 1 0 1 1 1 1 1 1 0 1 1 1 1 1 1 1 0 0 1 1 0 1 1 1
97 30 23808 1 1 1 1 1 0 0 1 0 0 1 1 1 1 1 1 1 1 0 0 1 1 1 1 1 1 1 1 1 1
98 30 25470 1 1 1 1 1 0 0 1 1 1 1 1 1 1 0 1 1 0 1 1 1 0 0 1 1 1 0 1 1 1
99 30 27241 1 0 1 0 1 0 1 1 0 1 1 0 1 0 1 1 1 1 1 0 1 1 1 1 1 1 1 1 1 1
100 30 25560 0 1 1 1 1 1 1 1 1 0 1 0 1 1 1 1 1 0 1 1 0 1 1 1 1 0 1 1 0 1
101 30 31188 0 1 1 1 1 0 1 1 1 1 0 1 0 1 1 0 1 1 1 1 1 1 0 1 1 1 0 1 0 1
102 30 27626 1 0 1 1 0 0 1 0 1 0 1 1 1 1 1 1 1 1 1 1 0 1 1 1 0 1 1 1 1 1
103 30 23232 1 1 1 1 1 1 1 1 1 1 0 1 0 1 0 0 0 1 1 1 1 1 1 1 0 1 0 1 1 1
104 30 23574 1 1 1 0 1 0 0 1 1 1 0 1 1 1 0 1 1 1 1 1 1 0 0 1 1 1 1 1 1 1
105 30 25528 1 1 1 1 1 1 1 1 1 1 1 1 0 1 0 1 0 1 1 0 1 1 1 0 1 1 1 0 1 1
106 30 24387 0 1 1 0 1 1 1 1 1 0 1 1 1 1 1 1 0 0 1 1 1 1 1 1 0 1 1 1 0 1
107 30 25274 1 1 1 1 1 1 0 0 1 1 0 0 0 1 1 1 1 1 1 1 1 0 1 1 0 1 1 1 0 1
108 30 28943 1 0 1 1 1 1 1 1 1 1 1 1 1 1 1 0 1 1 1 1 1 1 1 0 0 0 1 0 1 0
109 30 23943 1 1 0 0 0 0 1 1 1 1 1 1 1 1 1 0 1 1 1 1 1 1 0 1 1 1 1 1 1 0
110 30 21700 1 1 1 1 0 0 1 1 1 1 0 0 1 1 1 1 1 1 1 1 1 1 1 1 1 1 1 0 1 0
111 30 29095 1 0 1 1 0 1 1 1 1 1 1 1 1 1 0 1 1 1 1 1 1 0 0 1 1 1 0 1 1 0
112 30 24712 1 1 1 1 1 1 1 1 1 1 1 1 1 1 1 1 1 1 1 0 1 0 1 0 0 1 0 1 1 0
113 30 25900 1 1 0 0 0 1 1 1 1 0 1 1 0 1 1 0 1 1 1 1 1 0 1 1 1 1 1 1 1 1
114 30 30695 1 1 1 1 1 1 0 0 1 0 1 1 1 1 1 1 0 1 0 1 1 0 1 1 0 1 1 0 1 1
115 30 27142 1 1 1 1 1 1 1 0 1 1 1 0 1 1 1 0 0 1 0 1 1 1 1 1 0 1 1 0 1 1
116 30 28229 0 1 0 1 1 1 1 1 1 1 1 1 1 1 0 1 1 0 1 1 1 0 1 0 0 1 1 1 1 0
117 30 23520 1 1 1 1 1 0 1 1 1 1 0 0 1 1 1 1 1 1 1 1 1 0 0 0 1 1 1 1 0 1
118 30 23827 1 1 0 1 0 1 0 0 1 1 1 1 1 1 1 1 1 1 1 0 0 1 1 1 1 1 1 1 1 0
119 30 21747 1 1 1 1 1 0 1 1 1 1 1 0 1 1 0 1 1 1 1 0 1 1 1 1 1 0 1 1 1 0
120 30 28841 0 1 1 1 0 1 1 0 1 0 1 1 1 0 1 1 1 1 0 1 1 1 1 1 1 0 1 1 1 1
121 30 29071 0 1 1 1 1 1 0 0 1 1 1 1 1 0 1 1 1 1 1 1 0 1 0 1 1 1 1 0 1 0
122 30 26220 1 1 1 1 0 1 1 1 1 1 1 1 0 1 1 1 1 0 1 1 1 1 0 0 1 0 1 0 0 1
123 30 27016 0 1 1 1 0 0 0 1 1 1 1 1 1 0 1 0 1 1 1 0 1 1 1 1 0 1 1 1 1 1
124 30 28484 1 0 1 1 0 0 1 1 1 1 1 1 0 1 1 0 1 1 1 0 1 1 1 0 1 1 1 1 1 1
125 30 24762 1 0 1 0 0 1 1 1 1 1 1 1 1 1 0 0 1 1 1 1 1 1 1 1 1 0 1 1 1 1
126 30 26854 1 0 1 0 1 1 1 1 1 1 1 0 1 1 1 1 1 0 1 0 0 1 1 1 1 1 1 1 0 1
127 30 27799 0 1 1 1 1 1 1 1 1 1 1 1 1 1 0 1 1 1 0 0 1 1 1 1 0 1 0 0 1 1
128 30 27274 1 1 1 1 1 1 0 1 1 0 1 1 0 1 0 1 0 1 1 0 1 1 1 1 1 1 1 1 0 1
129 30 25040 0 1 1 1 1 1 1 1 0 1 0 1 1 1 1 1 1 1 0 1 0 1 1 1 1 1 1 0 0 1
130 30 28707 1 0 1 1 1 1 1 1 0 1 1 1 1 1 1 0 1 1 1 1 1 0 0 1 0 1 1 1 0 1
131 30 27124 1 0 0 1 1 1 1 1 1 0 1 1 1 1 1 1 0 1 1 1 0 1 1 1 1 0 0 1 1 1
132 30 25496 1 1 1 1 1 1 1 0 1 0 1 1 0 0 1 1 0 1 1 0 1 1 1 1 0 1 1 1 1 1
133 30 26374 1 0 0 0 1 0 1 1 1 1 1 0 1 1 1 1 1 1 0 1 0 1 1 1 1 1 1 1 1 1
134 30 26419 1 1 1 1 0 1 1 1 0 1 1 1 1 0 1 0 1 1 1 1 1 0 1 1 1 1 1 1 0 0
135 30 23090 1 0 1 0 1 1 1 1 0 1 1 1 1 1 0 1 1 1 0 1 1 1 1 1 0 1 1 1 1 1
136 30 26452 0 0 1 1 0 1 1 1 1 1 0 1 1 1 1 0 1 1 1 1 1 1 1 1 1 1 0 1 1 1
137 30 21170 1 1 1 0 0 1 0 0 1 1 1 1 1 1 1 1 1 1 0 1 1 1 1 1 0 1 1 0 1 1
138 30 28564 1 0 0 0 1 1 1 1 1 1 1 1 1 1 1 1 0 1 1 1 1 1 1 1 0 1 0 0 1 1
139 30 24910 1 1 1 1 0 1 1 1 1 0 1 1 0 1 1 0 0 1 1 1 1 1 1 1 0 1 1 0 1 1
140 30 24842 1 1 0 1 1 1 1 1 1 1 0 0 0 1 1 1 1 1 0 0 1 0 1 1 1 1 1 1 1 1
141 30 24256 1 1 1 1 1 1 0 1 1 1 1 0 1 1 1 1 1 1 1 0 1 0 1 0 1 1 0 1 1 1
142 30 23106 1 0 1 1 1 1 1 0 1 1 1 1 1 1 0 1 1 0 1 1 0 1 1 0 1 1 1 0 1 1
143 30 25323 1 0 0 1 1 1 1 1 1 1 1 1 0 0 0 1 1 1 0 1 0 1 1 1 1 1 1 1 1 1
144 30 23387 1 1 1 0 1 1 0 1 0 1 1 1 1 1 1 0 1 0 1 1 1 1 0 1 1 1 1 1 1 0
145 30 28042 1 1 1 0 1 1 1 1 1 0 1 1 1 0 0 1 0 1 1 1 1 1 0 1 1 0 1 1 1 1
146 30 27495 1 1 1 1 0 1 1 0 1 0 1 0 1 1 1 0 0 1 1 1 1 1 1 1 1 1 1 1 1 0
147 30 25239 1 1 1 0 0 1 0 1 1 0 1 1 1 1 1 1 0 1 1 1 1 1 1 1 1 1 1 0 1 0
148 30 27203 0 1 0 1 1 1 0 0 1 1 1 1 1 0 1 1 1 1 1 1 1 1 1 1 1 0 1 1 1 1
149 30 22993 1 1 0 1 1 1 1 0 1 1 1 1 1 1 1 1 1 0 0 1 0 0 1 1 1 1 1 1 1 1
150 30 24175 1 1 1 1 1 1 1 1 1 0 1 1 1 1 0 1 1 1 1 1 1 1 0 1 1 0 1 0 0 1
151 30 25655 0 1 1 1 1 1 0 1 1 0 1 0 1 1 1 1 1 1 1 1 0 1 0 1 0 1 1 1 1 0
152 30 25466 0 1 1 0 0 1 1 1 1 1 1 0 0 1 1 1 1 0 1 1 1 1 1 1 1 1 1 1 0 1
153 30 27827 1 0 1 0 1 1 1 0 1 1 1 1 1 1 1 1 1 0 0 0 1 1 0 1 1 1 1 1 0 1
154 30 24896 0 0 0 1 1 1 1 1 1 0 1 1 0 1 1 0 1 1 1 1 1 1 0 1 1 1 1 1 1 1
155 30 24510 1 1 1 1 0 1 1 1 1 1 1 1 1 1 0 1 1 0 0 1 0 1 1 1 1 1 0 1 1 0
156 30 25952 1 1 0 1 1 1 1 1 1 0 1 0 1 1 1 1 1 1 1 0 1 1 1 0 1 1 0 1 1 1
157 30 26340 0 1 0 1 1 1 0 1 1 1 1 1 1 1 1 1 1 1 1 0 1 1 0 0 1 1 0 1 1 1
158 30 23871 0 1 1 1 1 1 1 1 1 1 0 1 1 1 1 0 0 1 1 1 0 1 1 1 0 1 1 0 1 1
159 30 26653 1 1 1 1 0 1 1 0 1 1 1 1 0 0 1 1 1 1 1 1 1 0 0 1 1 1 1 1 0 1
160 30 26264 0 0 1 1 1 1 1 1 1 1 1 0 0 1 1 1 1 0 1 1 1 1 1 1 1 1 0 1 0 1
161 30 25474 1 1 1 0 1 1 1 1 1 1 0 1 1 1 0 1 1 1 0 0 0 1 1 1 1 1 1 1 1 0
162 30 27361 1 0 1 1 0 0 1 1 0 1 1 1 1 1 0 0 1 0 1 1 1 1 0 1 1 1 1 1 1 1
163 30 27708 1 1 0 0 1 1 1 1 0 1 1 0 0 1 1 0 1 0 1 1 1 1 1 1 1 1 1 1 1 1
164 30 30054 1 1 1 1 1 1 0 1 1 1 1 0 1 1 0 1 1 1 1 1 1 1 1 1 0 0 0 0 1 0
165 30 23812 0 0 0 1 1 1 1 1 1 1 1 1 1 1 1 1 0 1 1 1 1 1 1 1 1 1 1 1 1 0
166 30 21647 1 0 1 1 1 1 1 1 1 1 0 0 1 1 1 1 1 1 1 0 0 1 1 1 1 1 1 0 1 1
167 30 30959 1 1 0 1 1 0 1 1 1 1 1 0 1 1 1 1 0 1 1 1 1 1 0 0 1 0 1 1 1 1
168 30 22885 0 1 1 1 0 1 0 1 1 1 1 1 1 1 1 0 1 0 1 0 1 1 0 1 1 1 1 1 1 1
169 30 28687 0 1 1 1 1 0 0 1 1 1 1 1 1 0 1 1 1 1 0 0 1 1 1 0 1 1 1 1 1 1
170 30 25894 1 1 0 1 1 1 0 0 1 0 1 1 1 1 1 1 1 1 1 1 1 1 0 1 0 1 1 1 1 1
171 30 26444 1 1 0 1 1 0 1 1 1 0 1 0 1 1 1 1 1 1 1 1 1 1 0 1 1 0 1 1 0 1
172 30 22621 1 1 0 1 1 1 1 1 1 1 1 1 1 0 0 1 1 1 1 0 1 1 1 0 1 1 1 1 1 1
173 30 27441 1 1 1 0 1 0 1 1 1 0 1 0 0 1 1 1 1 0 1 1 1 1 1 1 1 1 1 1 1 1
174 30 25723 1 1 1 1 0 1 1 0 1 0 1 1 0 1 1 1 1 0 1 1 1 1 1 0 1 1 1 1 0 1
175 30 27156 1 1 0 1 1 0 1 1 1 0 1 1 1 1 0 1 1 1 1 1 0 1 1 1 1 1 0 0 1 1
176 30 25925 1 1 1 1 1 1 0 0 0 1 1 1 1 1 1 1 1 1 1 1 0 1 1 1 0 1 0 0 1 1
177 30 25353 1 1 1 1 0 1 1 1 1 1 1 1 0 1 1 1 1 0 0 0 0 1 0 1 1 1 1 1 1 1
178 30 23088 0 1 1 1 1 1 1 0 1 1 1 1 1 1 1 1 0 1 1 0 1 0 1 1 1 1 1 1 1 1
179 30 26539 1 1 0 1 1 1 1 0 1 1 0 1 0 1 1 1 0 0 1 1 1 1 1 1 0 1 1 1 0 1
180 30 25153 1 1 1 1 1 1 1 1 1 1 1 0 0 1 0 1 1 1 0 1 1 1 1 1 1 1 1 1 0 0
181 30 28734 0 1 1 1 0 0 1 1 1 1 1 1 1 1 1 1 1 1 1 1 0 1 0 0 0 0 1 1 1 1
182 30 24948 1 1 0 1 1 1 0 1 0 1 0 1 1 1 1 0 1 1 1 0 1 1 1 1 1 1 1 1 1 1
183 30 27008 1 1 1 1 1 0 1 1 1 0 1 1 0 0 1 0 1 1 0 1 1 1 1 0 1 1 1 1 1 1
184 30 25563 1 1 1 1 1 1 1 1 0 1 1 1 1 1 0 1 1 1 0 1 1 1 0 1 1 0 1 1 0 1
185 30 22383 1 1 1 0 1 1 0 1 0 1 1 0 1 1 1 0 1 1 1 1 1 1 1 1 0 1 0 1 1 1
186 30 23630 1 1 0 1 1 0 1 1 1 1 1 1 1 1 1 1 1 1 0 1 1 0 0 1 1 1 1 0 1 1
187 30 26099 1 1 1 1 0 1 1 0 0 0 1 1 1 1 1 1 1 1 1 1 1 0 1 0 1 1 1 1 1 0
188 30 27315 1 0 1 0 1 1 0 1 1 1 1 0 1 1 1 0 1 1 1 0 1 0 1 1 1 1 1 1 1 1
189 30 29850 0 1 0 0 1 1 1 0 0 1 1 1 1 1 1 1 0 1 0 1 1 1 1 1 1 1 1 1 1 1
190 30 26359 0 0 1 0 1 1 1 1 1 1 1 1 1 1 1 1 0 1 1 1 1 1 0 1 1 1 1 1 1 0
191 30 25232 1 1 1 1 1 1 1 1 1 1 0 1 1 1 1 1 0 0 1 1 1 1 1 1 0 1 0 1 1 0
192 30 25254 0 1 0 1 0 1 1 0 1 1 1 1 1 0 1 1 1 0 1 1 1 1 1 0 1 1 1 1 1 1
193 30 25051 1 1 1 0 0 1 1 1 1 1 1 1 0 1 0 1 1 0 1 1 1 1 1 0 1 0 1 1 1 1
194 30 24217 1 1 1 1 1 1 1 0 1 1 1 1 1 1 0 1 1 0 1 0 1 1 1 1 1 1 1 0 0 1
195 30 22769 1 1 1 1 1 1 1 0 1 1 1 1 1 0 0 1 1 1 1 1 1 1 1 1 0 0 1 1 1 1
196 30 23907 1 1 1 1 1 1 1 1 1 1 0 1 1 1 1 1 1 1 1 0 1 1 0 0 0 0 0 1 1 1
197 30 24875 1 0 0 1 1 0 1 1 1 1 1 1 1 1 0 1 1 1 0 1 1 1 1 0 1 1 1 0 1 1
198 30 23544 0 0 1 1 1 0 1 1 1 1 1 1 1 1 1 1 0 1 1 1 1 0 0 1 1 1 0 1 1 1
199 30 26102 0 0 0 1 1 1 1 1 1 1 1 1 0 0 1 1 0 1 1 1 1 1 1 1 1 1 1 1 1 0
200 30 28226 1 1 1 1 0 1 1 0 1 1 1 1 1 0 1 1 0 0 1 1 1 1 0 1 1 1 1 1 0 1
201 30 26117 1 1 1 1 0 0 1 0 1 0 1 0 1 1 1 0 1 1 1 1 1 1 1 1 1 1 1 1 1 0
202 30 23852 1 1 1 0 0 1 1 1 0 1 1 1 1 1 1 1 1 0 1 1 1 1 1 0 1 1 1 0 0 1
203 30 25825 1 1 1 0 1 1 1 1 1 1 1 1 1 1 1 1 1 1 1 0 1 0 0 1 1 0 0 1 1 1
204 30 26509 1 1 1 1 0 1 0 0 1 1 1 1 0 1 1 1 1 1 1 1 0 1 1 1 0 1 1 1 1 1
205 30 23754 1 1 1 1 0 1 1 1 1 1 1 1 1 0 1 1 0 1 1 1 1 1 1 1 0 1 0 1 1 0
206 30 25899 1 1 1 1 1 1 1 1 1 1 0 1 0 1 1 1 0 1 0 1 1 0 1 1 1 1 0 1 1 0
207 30 21540 1 0 1 1 1 0 1 1 1 1 1 0 1 1 0 1 0 1 1 1 1 1 1 1 1 1 1 1 1 1
208 30 26858 0 0 1 1 1 0 1 1 1 1 1 1 1 1 1 1 1 1 1 0 1 1 0 1 1 0 1 1 0 1
209 30 23070 1 1 1 0 1 1 1 1 1 1 1 1 1 1 0 1 1 1 1 1 0 0 1 1 0 1 1 0 1 1
210 30 24389 1 1 1 1 0 1 1 1 1 1 1 0 1 0 1 1 1 0 1 1 1 1 0 1 0 1 0 1 1 1
211 30 28627 1 1 1 1 1 1 1 0 0 1 0 1 0 1 0 1 1 1 1 0 0 1 1 1 1 1 1 1 0 1
212 30 25314 1 1 1 0 1 1 1 1 0 1 0 1 1 1 1 1 1 1 1 1 0 1 1 1 0 0 1 1 1 0
213 30 27072 1 0 1 1 1 1 1 1 1 1 0 0 0 1 0 1 1 1 1 1 1 0 1 1 0 1 1 1 1 1
214 30 30011 1 0 1 1 1 1 1 0 0 1 1 1 0 1 1 1 1 0 1 1 0 1 1 0 1 1 1 1 0 1
215 30 27302 1 1 1 1 1 0 0 1 1 1 1 0 1 0 1 1 1 0 1 1 0 1 1 1 1 1 0 1 1 1
216 30 26235 1 1 0 1 1 1 1 1 1 1 0 1 0 0 0 0 1 1 1 1 1 1 1 1 1 1 1 1 1 1
217 30 23129 1 1 1 1 1 1 1 0 1 0 0 1 1 1 1 1 0 1 1 1 0 0 1 1 1 1 1 1 1 0
218 30 24497 1 1 0 0 1 1 1 0 0 1 1 1 1 1 0 1 1 1 1 1 1 1 1 1 0 1 1 1 1 1
219 30 24565 1 1 1 1 1 0 1 1 1 1 1 0 0 1 1 1 1 1 0 1 1 1 1 0 1 1 1 1 1 0
220 30 26974 1 0 1 0 1 0 0 1 1 1 0 1 1 0 1 1 1 1 1 1 1 1 1 1 1 1 1 1 1 0
221 30 28437 1 1 1 1 1 1 1 1 1 1 1 0 0 1 0 1 1 1 1 1 0 1 1 1 0 1 1 0 1 1
222 30 26482 1 1 0 1 1 1 1 0 1 1 0 1 0 1 1 1 1 1 1 0 1 0 1 1 1 0 1 1 1 1
223 30 25098 1 0 0 1 1 1 0 1 0 1 1 1 1 1 1 0 1 1 1 1 0 1 1 1 1 1 1 0 1 1
224 30 26039 1 1 0 1 1 0 1 1 1 1 1 1 1 0 0 1 0 1 1 1 1 0 1 1 0 0 1 1 1 1
225 30 27891 0 0 1 1 1 1 1 1 1 0 1 1 1 1 1 1 1 0 1 0 1 1 1 1 1 1 0 1 1 0
226 30 26098 1 1 0 1 0 1 0 1 1 0 1 1 1 1 0 1 1 1 1 1 1 1 1 1 0 1 1 1 0 1
227 30 23668 1 1 0 1 0 1 1 1 1 1 1 1 0 1 1 0 1 1 1 0 0 1 1 1 1 1 1 1 1 1
228 30 23785 1 1 1 1 0 1 1 1 0 1 1 1 0 1 1 1 1 1 0 0 1 0 1 1 1 1 1 1 1 0
229 30 26836 1 0 1 1 1 1 0 1 1 1 1 1 1 1 1 1 1 1 1 1 0 1 1 1 0 0 0 1 1 0
230 30 25306 1 1 1 1 1 1 1 1 0 1 1 1 0 1 1 1 1 1 0 0 0 1 0 1 1 1 1 0 0 1
231 30 20869 1 1 1 1 1 1 0 1 1 1 1 1 1 0 1 1 1 1 1 1 1 1 1 0 0 1 1 0 1 0
232 30 27699 1 1 1 1 1 1 1 1 0 1 1 1 1 0 1 0 0 1 1 1 1 0 0 1 1 1 1 0 1 1
233 30 25100 1 1 1 1 1 1 1 1 0 0 0 1 1 1 1 1 1 1 0 1 1 1 0 1 1 1 1 1 0 1
234 30 26260 1 1 0 1 1 1 1 1 0 1 0 1 1 1 1 0 1 1 1 0 1 1 1 1 1 1 1 1 0 0
235 30 24958 1 1 1 1 1 1 1 1 0 0 0 1 1 1 1 1 1 1 1 0 1 0 0 1 1 1 1 0 1 1
236 30 24286 1 1 1 1 1 0 1 1 1 1 1 1 1 1 1 1 1 1 0 1 0 1 1 1 0 0 1 0 1 1
237 30 21506 1 1 1 1 1 1 1 1 1 1 1 0 1 0 1 1 1 1 1 0 1 0 1 1 1 0 0 1 1 1
238 30 26060 1 1 1 1 1 0 1 1 1 1 1 1 1 1 0 1 0 1 0 1 1 1 1 1 1 0 1 1 0 1
239 30 24946 1 1 1 1 0 1 1 1 1 1 0 1 1 1 1 1 0 0 1 1 0 1 1 1 1 0 1 1 0 1
240 30 23220 1 0 1 0 1 1 1 0 1 1 1 1 1 1 1 1 1 1 1 0 1 1 0 0 0 1 1 1 1 1
241 30 25096 1 0 1 1 0 1 1 1 1 1 1 1 0 1 1 0 1 1 0 1 1 1 1 0 1 0 1 1 1 0
242 30 23148 1 1 1 1 1 1 1 1 0 0 0 1 0 1 0 1 0 1 1 1 1 1 1 1 1 1 1 1 1 0
243 30 25580 1 1 1 1 1 1 0 0 1 1 1 1 1 0 1 1 0 1 1 1 1 1 1 1 0 0 0 1 1 1
244 30 23257 0 1 0 1 1 1 1 1 1 1 0 1 1 0 0 1 0 1 1 1 1 1 1 1 1 1 1 1 1 1
245 30 24791 1 1 1 1 1 0 0 1 1 1 1 1 0 1 1 1 0 1 1 1 1 1 1 1 1 1 0 1 1 1
246 30 28260 1 1 1 0 1 1 1 1 1 1 1 1 1 0 1 0 1 0 1 1 1 0 1 1 1 1 0 0 1 1
247 30 26488 1 0 1 1 1 1 1 1 1 0 0 1 1 1 1 1 1 0 1 1 0 1 0 1 1 1 1 0 1 1
248 30 24740 1 1 1 1 1 1 0 1 1 1 1 1 0 1 0 0 1 1 0 1 1 1 1 0 1 0 1 1 1 1
249 30 25943 1 1 1 1 1 1 1 1 1 0 0 1 0 1 1 1 1 1 0 1 1 1 0 1 1 1 1 1 0 1
250 30 26354 1 1 1 1 1 1 1 1 0 1 1 0 1 1 0 1 1 1 1 1 1 1 1 1 0 0 1 1 1 0
251 30 24897 1 0 0 1 1 1 1 1 1 1 1 1 0 1 1 1 1 1 1 1 1 1 0 0 1 1 1 1 1 0
252 30 26610 1 1 1 1 0 1 1 0 1 0 0 1 1 1 1 1 0 1 0 0 1 1 1 1 1 1 1 1 1 1
253 30 22233 1 0 1 1 1 0 1 0 1 1 1 1 1 1 0 1 1 1 1 1 1 1 0 1 1 1 1 1 0 1
254 30 25615 1 1 1 1 1 1 1 0 1 1 0 1 1 1 0 1 0 1 1 1 1 0 1 1 0 0 1 0 1 1
255 30 29770 0 1 1 1 1 1 1 1 1 1 0 1 1 1 1 1 0 1 0 1 0 1 1 1 1 0 0 1 1 0
256 30 26004 1 1 1 1 1 1 1 1 1 0 0 1 0 1 1 1 1 0 1 1 1 1 1 1 1 1 1 1 0 0
257 30 22005 0 1 1 0 1 0 1 1 1 1 1 1 1 1 1 1 1 1 1 1 1 1 0 1 1 0 1 1 0 1
258 30 28172 0 1 1 1 1 1 1 1 1 1 1 1 1 1 1 1 1 1 1 0 1 0 1 1 1 0 0 1 1 0
259 30 21942 1 1 1 1 1 1 1 0 0 1 1 0 1 1 1 1 0 0 1 1 1 0 1 1 1 0 1 1 1 1
260 30 25402 1 1 1 0 1 1 0 1 1 0 1 1 1 1 1 0 0 1 1 1 1 1 1 1 1 1 0 1 1 0
261 30 27469 0 0 1 0 1 1 1 0 1 1 0 1 1 1 1 1 0 1 1 1 0 0 1 1 1 1 1 1 1 1
262 30 24443 1 1 0 1 1 0 1 0 0 1 1 1 1 1 0 0 1 0 1 1 0 1 1 1 1 1 1 1 1 1
263 30 27635 0 1 1 0 1 1 1 1 0 1 0 1 1 1 1 1 0 1 1 1 1 1 1 0 0 1 1 1 1 0
264 30 25836 1 0 1 1 0 1 1 1 1 1 1 1 1 1 0 1 1 1 1 1 1 1 1 1 1 1 0 0 0 0
265 30 23404 1 1 1 1 0 1 0 1 0 1 0 0 1 1 1 1 1 1 1 1 0 1 1 1 1 1 1 1 0 1
266 30 27371 0 1 1 1 1 1 1 0 1 0 0 1 1 1 1 1 0 1 1 1 1 1 1 1 1 1 1 1 0 0
267 30 28719 1 0 1 1 1 1 1 0 1 0 0 1 1 1 1 1 1 1 1 1 1 0 1 0 0 1 1 1 1 0
268 30 24690 1 1 1 0 1 1 1 1 1 1 1 1 0 0 1 1 0 0 0 0 1 1 1 1 1 1 0 1 1 1
269 30 27804 1 0 0 1 1 1 1 1 1 1 1 1 1 1 1 1 1 1 1 1 0 1 0 1 1 0 0 1 1 0
270 30 27360 1 1 0 1 0 1 1 1 1 0 1 1 1 0 1 1 1 1 1 1 1 1 1 1 1 1 0 1 0 1
271 30 27617 1 1 0 1 1 0 1 1 1 1 1 1 0 1 1 1 1 1 0 1 1 1 1 1 1 1 0 1 0 1
272 30 26609 0 1 0 1 0 1 1 1 1 1 1 1 1 1 1 0 0 1 1 1 1 1 1 1 1 0 1 1 1 0
273 30 27698 1 1 0 1 1 1 0 1 0 1 1 1 1 0 1 1 1 1 0 1 1 0 0 1 1 1 1 1 1 1
274 30 26169 1 0 1 1 0 1 0 1 1 1 1 0 1 0 1 1 1 1 1 1 0 1 1 0 1 1 1 1 1 1
275 30 24058 1 0 1 1 1 1 1 1 1 1 0 0 1 1 0 1 1 1 1 1 0 1 1 1 1 1 1 1 0 1
276 30 27651 1 1 1 0 1 1 1 1 0 0 1 1 1 1 0 1 1 1 1 0 1 1 1 0 1 1 1 1 1 1
277 30 24631 0 1 1 1 1 1 1 0 1 1 1 1 0 1 1 1 1 1 1 1 1 0 1 1 1 1 0 1 0 1
278 30 26676 1 1 0 1 1 0 1 1 1 1 1 1 1 1 1 1 1 0 1 1 1 1 1 0 0 0 1 1 1 0
279 30 25260 1 1 1 1 1 1 0 1 0 1 1 1 1 0 0 1 1 1 1 0 1 0 1 1 1 1 0 1 1 1
280 30 27906 1 1 1 1 1 0 1 1 1 1 1 0 1 0 0 1 1 1 0 1 1 1 0 1 1 1 0 1 1 1
281 30 22992 1 1 1 1 1 1 1 1 1 1 1 0 1 0 1 1 1 1 1 0 0 1 1 1 1 1 0 1 1 1
282 30 29934 1 1 1 1 0 1 1 1 0 1 1 0 1 1 0 1 1 1 0 1 1 0 1 0 1 1 1 1 1 1
283 30 24745 1 0 0 1 0 1 1 1 0 1 1 0 1 1 1 1 1 1 1 1 1 1 1 1 1 1 0 0 1 1
284 30 22018 1 1 0 1 1 1 1 1 1 1 1 1 0 1 1 1 1 1 1 1 0 1 1 1 1 1 0 1 0 1
285 30 25672 1 1 0 0 1 1 1 0 1 1 1 1 1 1 0 1 1 1 0 1 1 1 1 1 1 0 1 1 0 1
286 30 26428 1 1 1 1 1 1 0 1 0 1 1 0 1 0 1 1 1 1 1 0 1 0 1 1 1 1 1 1 1 1
287 30 24487 1 0 1 1 0 1 1 0 1 1 1 1 1 1 1 0 1 1 1 1 1 1 1 1 1 1 0 0 1 1
288 30 27595 1 1 1 1 1 0 1 1 1 1 1 1 0 0 1 1 0 1 0 1 0 1 1 0 1 1 1 1 1 1
289 30 23597 1 1 1 1 1 0 1 1 0 1 1 0 1 1 1 1 1 1 0 1 1 0 1 1 0 1 1 1 0 1
290 30 24049 1 1 1 1 1 0 1 1 0 1 1 0 1 1 1 1 0 1 1 1 1 0 1 1 1 0 1 1 1 1
291 30 27490 1 1 0 1 0 1 1 1 1 0 0 1 0 1 1 1 1 1 1 0 1 0 1 1 1 1 1 1 0 0
292 30 23702 1 1 0 1 1 0 1 1 1 1 1 1 1 1 1 1 1 1 0 1 0 1 1 0 1 1 1 1 0 1
293 30 26917 0 0 1 0 1 1 1 1 1 1 1 1 1 1 0 1 1 0 1 1 1 0 0 1 1 1 1 1 1 1
294 30 28023 1 1 1 1 1 1 1 1 1 1 0 1 1 1 1 1 0 0 0 1 0 1 1 1 1 1 0 1 0 1
295 30 30514 1 1 1 1 1 1 1 1 1 0 1 1 1 1 1 1 0 0 1 1 0 1 1 0 0 1 1 1 1 0
296 30 28816 0 1 1 1 0 1 1 1 0 1 1 0 1 1 0 1 1 1 0 0 0 1 1 1 1 1 1 1 1 1
297 30 24528 1 1 1 1 0 1 1 1 1 0 1 1 1 0 1 0 1 1 1 0 1 1 1 0 0 1 1 1 1 1
298 30 24474 1 1 1 1 1 1 1 1 0 1 1 1 1 1 0 1 0 0 1 0 1 1 0 1 1 1 1 1 1 1
299 30 24757 1 1 1 1 1 1 0 1 1 1 1 0 1 1 1 1 1 0 1 1 1 0 0 1 1 0 1 1 1 1
300 30 25564 1 1 0 1 1 1 1 1 1 0 1 1 0 0 1 0 0 1 1 1 0 1 1 1 1 1 1 1 1 1
301 30 22086 1 1 1 1 1 1 1 1 1 1 1 1 1 1 0 1 0 0 0 1 1 1 0 1 0 1 1 1 1 1
302 30 26148 1 1 1 0 1 1 1 1 1 1 1 0 1 1 1 1 1 1 1 1 1 1 1 0 0 0 1 0 1 0
303 30 26766 1 1 1 1 1 1 1 1 0 1 1 1 1 0 0 1 1 1 0 1 1 1 1 0 0 0 1 1 1 0
304 30 27518 0 0 1 1 1 1 1 1 1 1 1 1 1 1 1 1 1 1 0 1 0 1 0 1 1 0 1 1 1 0
305 30 26049 1 1 0 1 1 0 1 1 1 0 1 1 0 1 0 1 1 1 1 1 0 1 1 0 1 1 1 1 1 1
306 30 28963 1 1 1 0 1 1 1 1 1 1 0 1 1 0 1 1 1 1 1 1 1 0 1 1 1 0 1 1 0 0
307 30 24262 0 0 1 1 1 1 1 1 0 1 1 1 1 1 1 1 1 1 1 1 1 1 0 1 0 0 1 1 1 1
308 30 26278 1 1 1 1 1 1 1 1 1 1 0 0 1 0 1 1 1 1 1 1 1 1 0 0 1 0 1 1 1 1
309 30 26558 1 0 0 1 1 1 1 1 0 1 1 1 0 1 1 1 1 1 0 1 1 1 0 0 0 1 1 1 1 1
310 30 23859 1 1 0 0 0 1 1 1 1 1 0 1 1 1 0 0 1 1 1 1 1 1 1 0 1 1 0 1 1 1
311 30 27541 0 1 1 0 1 1 1 1 0 1 1 0 1 1 1 1 1 1 1 1 1 1 0 0 1 1 1 0 1 1
312 30 25175 0 1 1 1 1 1 0 1 1 1 1 1 1 1 0 1 0 1 1 1 1 1 1 1 0 1 1 0 0 1
313 30 24811 1 0 1 0 1 1 0 1 0 1 1 1 1 1 0 1 0 1 1 1 1 1 1 1 0 1 1 1 1 1
314 30 27390 0 1 0 1 0 1 1 1 1 1 0 1 1 1 1 1 1 0 1 1 0 1 1 1 1 1 1 1 0 1
315 30 24978 1 1 1 1 1 1 1 1 0 1 1 1 1 1 1 1 0 0 1 0 0 0 1 1 1 1 1 1 0 0
316 30 26208 1 1 1 0 1 1 1 1 1 1 1 1 1 0 1 1 1 1 0 0 1 1 1 0 1 1 1 0 0 1
317 30 24270 1 1 1 1 1 1 0 1 0 0 1 0 1 1 1 1 1 0 1 1 0 1 1 1 1 1 1 0 1 1
318 30 26409 1 1 1 1 1 1 1 0 0 0 1 1 0 1 1 1 1 1 0 1 1 1 1 1 1 0 0 1 1 1
319 30 23844 1 1 0 1 1 1 1 1 0 1 1 1 0 1 0 1 1 1 1 1 0 0 1 0 1 1 1 1 1 1
320 30 25090 1 0 1 1 0 1 1 1 0 1 1 1 1 1 1 1 1 1 1 0 1 1 1 1 1 0 0 0 0 1
321 30 24323 0 1 0 1 1 1 0 1 1 1 1 0 1 1 1 1 1 1 1 1 1 1 0 1 1 1 1 0 1 1
322 30 24587 1 1 1 1 1 1 1 1 1 1 1 1 1 0 1 0 1 0 1 1 1 1 1 0 0 1 1 0 1 1
323 30 23322 1 1 1 1 1 1 1 1 1 1 1 0 1 1 1 1 1 1 1 0 1 1 0 1 0 0 1 0 1 1
324 30 27325 1 0 1 1 1 1 0 1 0 1 1 0 1 1 1 1 1 1 0 1 1 0 1 1 1 0 1 1 1 1
325 30 27157 1 1 1 1 1 1 1 1 0 1 0 1 0 1 1 0 1 1 0 0 1 1 1 1 1 0 1 1 1 1
326 30 27963 1 1 1 1 1 1 1 0 1 0 1 1 1 0 0 1 1 1 1 1 1 0 1 1 1 1 1 0 1 0
327 30 28283 0 0 1 1 1 1 0 0 1 1 1 1 1 0 1 0 1 1 1 1 0 1 1 1 1 0 1 1 1 1
328 30 27536 0 1 0 1 0 1 1 1 1 1 1 1 1 1 1 1 0 1 1 1 1 0 1 1 0 1 1 0 1 1
329 30 24257 1 0 1 1 1 0 1 1 1 0 1 1 1 1 1 0 1 1 1 1 0 1 1 0 1 1 1 1 1 1
330 30 25373 1 1 1 1 0 1 0 0 1 1 1 1 1 0 1 1 1 1 0 1 1 1 0 1 1 0 1 1 1 1
331 30 26603 0 0 1 1 1 1 1 1 1 1 0 1 1 1 1 1 1 1 1 1 0 0 1 1 1 0 0 1 1 1
332 30 24029 1 1 1 1 1 0 1 1 0 1 1 1 1 0 1 1 0 1 0 1 1 1 0 1 1 0 1 1 1 1
333 30 27026 0 1 1 1 1 0 1 0 1 1 1 1 1 0 1 1 1 1 0 1 1 1 1 1 1 0 1 1 1 1
334 30 27025 0 1 1 1 1 0 0 0 1 1 0 1 1 1 1 1 1 1 1 1 1 1 1 1 0 0 1 1 1 1
335 30 28044 0 1 1 1 1 1 1 1 1 1 1 0 1 0 1 1 0 0 0 1 1 1 1 1 1 1 1 1 0 1
336 30 26879 1 1 1 1 0 0 1 1 1 0 1 1 1 1 1 1 1 1 1 0 1 0 0 1 0 1 1 0 1 1
337 30 25621 1 0 1 1 1 1 1 1 0 0 1 1 1 0 1 1 1 1 1 0 0 0 1 1 1 1 1 1 1 1
338 30 29097 1 0 0 1 0 1 1 1 1 0 1 0 0 1 1 1 1 1 0 1 1 1 1 1 1 1 1 1 1 1
339 30 27123 1 1 1 0 1 0 1 0 1 1 1 1 0 1 1 1 1 1 1 1 1 1 0 1 1 0 1 1 0 1
340 30 23540 1 1 1 1 0 1 1 0 1 1 1 1 1 1 1 0 1 1 1 1 0 1 1 0 1 1 1 0 1 1
341 30 22987 1 0 1 1 0 1 1 1 0 1 1 1 1 1 1 1 0 0 1 1 1 1 1 1 1 0 0 1 1 1
342 30 21967 1 1 1 1 1 1 1 1 1 1 0 1 1 1 0 1 1 0 1 1 1 1 1 0 1 0 1 0 1 1
343 30 26159 1 1 1 1 1 1 0 0 1 0 1 1 1 1 1 0 1 0 1 1 1 1 1 1 1 1 1 1 1 0
344 30 29888 0 1 1 0 1 1 0 1 1 1 1 1 1 1 0 1 1 1 1 0 1 1 0 1 1 0 1 1 1 0
345 30 24896 1 0 1 1 1 1 1 0 1 1 1 1 0 0 1 1 1 1 0 0 1 1 0 1 1 1 1 0 1 1
346 30 22120 1 1 1 0 1 1 1 1 0 1 1 1 1 0 1 1 1 1 0 0 1 1 1 1 1 1 0 1 1 1
347 30 27037 1 1 1 1 1 1 1 0 0 0 1 1 1 0 1 1 1 0 1 1 1 1 1 1 1 1 1 0 1 1
348 30 25573 1 1 0 0 1 1 1 1 1 0 1 1 1 1 1 1 1 1 0 1 1 1 0 1 0 1 1 1 1 1
349 30 22269 1 1 0 1 1 1 1 1 1 1 1 0 1 0 1 1 1 0 1 1 1 1 0 1 1 1 1 0 1 1
350 30 30159 0 1 1 1 0 1 1 1 1 0 0 1 1 0 1 1 1 0 1 1 1 1 1 1 1 1 0 1 1 1
351 30 26310 0 1 1 1 1 0 1 1 1 1 1 1 1 0 1 1 1 1 0 1 1 1 1 1 1 1 0 0 1 0
352 30 27264 1 1 1 1 1 0 1 1 1 1 0 1 1 1 1 0 1 1 1 1 0 0 0 0 1 1 1 1 1 1
353 30 26142 1 0 1 1 1 1 1 0 1 0 1 1 1 1 1 1 1 1 1 0 1 1 0 1 1 1 1 0 1 1
354 30 28122 1 1 1 0 1 1 1 1 1 1 0 0 1 1 1 0 0 1 1 1 1 1 1 0 0 0 1 1 1 1
355 30 25317 1 1 0 1 1 1 1 0 0 0 0 0 1 1 1 1 1 1 1 1 1 1 1 1 0 1 1 1 1 1
356 30 27362 1 1 0 1 0 1 0 1 1 1 1 1 1 1 1 1 0 1 1 1 1 0 1 0 1 1 1 1 1 0
357 30 26963 1 1 1 0 1 1 1 0 1 1 1 0 0 1 0 1 1 1 1 1 1 0 1 1 1 0 0 1 1 1
358 30 29082 0 0 1 1 1 1 0 1 1 1 1 0 1 0 1 1 1 1 1 1 1 1 1 1 1 0 0 0 1 0
359 30 26946 1 0 1 1 1 1 1 1 1 0 1 1 1 1 1 1 1 1 1 1 1 1 0 1 0 1 0 0 0 1
360 30 28701 0 1 0 0 1 1 1 1 1 1 1 1 1 1 1 1 1 1 0 1 0 1 1 0 1 1 1 1 1 0
361 30 26541 1 1 1 0 1 1 1 1 1 0 1 1 1 1 1 1 0 0 0 1 1 0 1 1 1 1 0 1 1 1
362 30 26862 1 1 0 1 0 0 1 1 0 1 1 1 1 1 1 1 1 0 1 1 1 0 0 1 1 1 1 1 1 0
363 30 26688 0 1 1 1 1 0 1 1 1 1 1 0 1 1 0 1 1 1 1 1 1 0 1 0 1 1 1 0 1 1
364 30 24486 1 1 1 0 1 0 1 1 1 1 0 1 1 1 1 1 1 1 0 1 1 0 1 0 1 1 1 1 1 0
365 30 28363 0 1 1 1 1 1 1 1 0 0 1 1 1 1 1 1 1 1 0 1 1 0 1 1 1 0 1 0 1 0
366 30 27349 1 1 1 1 1 1 1 0 0 0 1 1 1 0 0 1 1 0 0 1 1 1 0 1 1 1 1 1 1 1
367 30 25173 1 1 1 0 1 1 1 1 1 1 0 1 1 1 1 1 0 0 1 1 0 1 1 1 1 1 0 1 0 0
368 30 21243 1 1 1 1 1 1 0 1 0 1 1 1 1 1 1 0 1 0 1 1 0 1 1 1 1 1 0 1 1 1
369 30 29830 1 0 1 1 1 1 0 1 1 1 1 0 1 1 1 1 1 1 0 1 0 1 1 1 0 1 1 0 1 1
370 30 25334 1 1 1 0 1 1 1 1 1 1 1 1 1 1 1 1 1 0 0 1 1 0 1 1 0 1 1 1 1 0
371 30 25936 1 1 1 0 1 1 0 1 1 0 1 1 1 1 1 1 1 1 1 0 1 1 0 1 1 1 0 0 1 1
372 30 24008 1 1 1 1 0 0 1 1 1 1 0 0 0 1 1 1 1 1 1 1 1 0 0 1 1 1 1 1 1 1
373 30 23763 0 0 1 1 1 1 0 1 1 1 1 0 1 0 1 0 1 1 1 1 1 1 1 1 0 1 1 1 1 1
374 30 27822 1 1 1 1 1 1 1 1 1 1 1 0 1 0 1 0 1 0 1 1 1 0 1 1 0 1 1 1 1 0
375 30 24568 1 1 1 1 1 1 1 1 1 0 1 1 1 1 0 1 1 0 1 1 1 1 1 1 1 0 1 0 0 1
376 30 28136 1 1 1 1 1 0 1 1 1 1 1 1 1 0 0 1 0 1 1 0 1 1 1 1 0 1 1 1 0 1
377 30 23433 1 1 1 1 1 1 1 0 1 1 1 0 1 0 1 0 1 1 1 0 1 1 1 1 1 0 1 1 0 1
378 30 22074 1 1 1 1 1 1 1 1 1 1 1 1 1 1 1 1 1 0 1 0 1 0 1 0 1 1 1 0 1 1
379 30 30830 1 0 1 1 1 1 1 1 1 0 1 1 0 0 1 1 1 1 1 1 1 0 1 1 1 0 1 1 0 1
380 30 25149 1 1 1 1 0 1 0 1 1 1 0 1 1 1 0 0 0 1 1 1 1 1 1 1 1 1 1 1 1 0
381 30 25253 1 0 1 1 1 0 0 0 1 1 0 0 1 1 1 1 1 1 1 1 1 1 1 1 1 1 1 1 1 1
382 30 23609 1 1 1 1 1 1 1 1 1 0 1 1 1 1 1 0 1 1 1 1 1 1 0 0 1 1 1 1 0 0
383 30 28576 1 1 1 1 1 1 1 1 1 1 1 1 0 1 1 1 0 1 1 0 0 1 0 1 1 1 0 1 1 0
384 30 26603 0 1 1 1 0 1 1 1 0 1 1 1 0 1 1 0 1 1 1 1 1 1 1 1 0 0 1 1 1 1
385 30 24512 1 1 1 0 1 1 1 1 1 1 1 1 0 1 1 1 0 0 1 1 1 1 1 1 0 1 0 1 1 1
386 30 23284 1 0 1 1 1 1 1 1 1 1 1 1 0 1 0 0 1 1 0 0 1 1 1 1 1 1 1 1 1 1
387 30 26368 1 1 1 1 1 1 0 1 1 0 1 1 1 0 1 1 1 1 0 0 1 1 1 1 0 1 1 1 0 1
388 30 22953 1 1 1 1 0 0 1 1 1 1 1 1 1 1 0 0 1 1 1 1 1 1 0 1 1 0 1 1 1 0
389 30 27149 0 1 1 1 1 0 1 1 1 1 1 1 0 1 0 1 0 1 0 0 1 1 1 1 1 1 1 1 1 0
390 30 26501 1 1 1 1 1 0 1 1 0 1 1 0 0 1 1 0 1 0 1 1 1 1 0 1 1 0 1 1 1 1
391 30 27852 1 1 1 0 1 0 0 1 1 1 1 1 1 1 0 0 1 1 1 0 1 0 0 1 1 1 1 1 1 1
392 30 26344 0 1 0 1 1 1 1 0 1 1 1 1 0 0 1 1 1 1 1 1 0 1 1 1 1 1 0 1 1 1
393 30 26321 0 1 1 1 1 1 0 1 1 1 1 0 0 1 1 0 1 1 1 1 1 0 1 1 1 0 1 1 1 1
394 30 25937 1 1 1 0 1 1 1 1 1 0 0 0 1 0 1 1 1 1 1 0 1 1 1 1 1 1 1 1 1 1
395 30 27252 1 1 0 1 1 1 0 1 1 1 1 1 1 0 1 1 1 1 1 1 1 1 0 1 1 1 0 1 0 0
396 30 22229 1 1 1 1 1 0 0 1 0 1 0 1 1 0 1 0 1 1 1 1 1 1 1 1 1 1 1 1 1 1
397 30 25977 1 1 0 1 1 0 0 1 1 1 1 1 1 1 0 1 1 0 0 0 1 1 1 1 0 1 1 1 1 1
398 30 23611 0 1 1 1 1 1 0 1 0 0 1 1 1 1 1 1 1 1 1 1 1 1 1 1 0 1 1 1 0 1
399 30 25611 1 0 0 1 1 1 1 1 0 1 1 1 1 1 1 1 1 1 0 1 1 1 0 0 1 1 1 1 1 1
400 30 25904 1 1 1 1 1 1 0 1 1 1 1 0 1 1 1 1 1 1 1 1 1 0 1 1 1 1 0 0 1 0
401 30 28598 1 1 1 0 1 1 0 1 0 1 1 1 1 1 1 1 1 1 1 1 1 0 0 1 0 1 0 1 1 1
402 30 27022 0 1 1 1 0 1 1 1 1 1 0 1 1 1 1 1 1 1 0 1 1 0 1 1 1 1 0 1 1 0
403 30 23854 1 1 1 1 1 0 1 1 0 0 0 1 1 1 0 1 1 0 1 1 1 1 1 1 1 1 0 1 1 1
404 30 29751 0 1 1 1 0 0 1 1 1 1 1 1 1 0 1 1 1 0 0 1 0 1 0 1 1 1 1 1 1 1
405 30 27346 1 1 1 0 0 1 1 1 0 1 1 1 1 1 1 1 0 1 1 0 1 1 0 1 0 1 1 1 1 1
406 30 26340 0 1 1 0 1 1 1 1 1 1 0 1 1 1 1 1 1 1 1 0 1 0 0 1 1 1 1 1 1 1
407 30 24427 0 1 1 1 1 1 1 0 1 1 1 1 0 1 1 0 1 0 1 1 1 1 1 1 0 1 1 1 1 1
408 30 25407 1 1 0 1 0 1 1 1 1 0 1 0 1 0 1 0 1 1 1 1 1 0 1 1 1 1 1 1 1 1
409 30 22877 1 1 1 1 0 1 1 1 1 1 1 1 1 0 1 0 1 0 0 0 1 1 1 0 1 1 1 1 1 1
410 30 26560 1 0 1 0 1 1 1 1 1 1 1 0 1 0 1 1 1 1 1 0 1 1 0 1 1 1 1 1 1 1
411 30 24858 1 1 1 1 1 1 0 0 1 1 0 1 1 1 1 1 1 1 0 1 0 1 1 1 0 1 1 0 1 1
412 30 27229 1 1 1 1 1 0 1 1 1 1 1 1 1 1 1 0 1 1 1 1 1 1 1 0 1 0 1 0 1 0
413 30 26965 1 1 1 0 1 0 1 1 0 1 1 1 0 0 1 1 1 0 0 1 1 1 1 1 1 1 1 1 1 1
414 30 24493 0 0 1 1 1 1 1 0 1 1 1 1 1 0 1 0 1 1 1 1 0 1 1 0 1 1 1 1 1 1
415 30 26115 1 0 1 0 0 1 1 1 1 1 1 1 1 1 1 1 1 0 0 1 1 1 0 1 1 0 1 1 1 1
416 30 25618 1 1 1 1 1 1 1 0 1 1 1 1 1 1 1 0 1 0 1 1 1 1 1 0 1 0 0 1 0 1
417 30 25890 1 1 1 1 1 1 1 1 0 0 1 1 1 1 1 0 1 1 0 0 0 1 1 0 1 1 0 1 1 1
418 30 24295 1 1 1 1 1 0 1 0 1 1 1 0 1 1 1 1 1 1 1 1 1 1 0 1 0 1 1 0 1 1
419 30 26629 0 1 1 1 1 1 1 0 1 0 1 1 1 1 0 1 1 1 1 1 1 0 1 1 1 1 0 0 1 1
420 30 25197 1 1 1 1 0 1 1 1 1 1 1 1 0 1 0 1 1 1 1 1 0 1 1 1 0 0 1 0 1 1
421 30 25307 1 0 0 0 1 1 1 0 0 1 1 1 1 1 0 1 1 1 1 1 1 1 1 1 1 1 0 1 1 1
422 30 25499 1 1 1 1 1 0 1 1 1 1 1 1 0 1 1 0 1 1 1 1 1 1 0 1 1 1 1 0 0 0
423 30 23361 1 1 1 1 1 1 1 1 1 1 1 0 1 0 1 1 1 1 1 1 0 0 1 1 0 1 0 1 1 0
424 30 27298 1 1 0 1 1 0 1 1 1 1 1 1 1 0 0 1 1 1 1 1 1 0 1 1 0 1 1 1 1 1
425 30 24570 1 0 1 1 1 1 1 1 0 1 0 1 1 1 1 1 0 0 1 0 1 1 1 0 1 1 1 1 1 1
426 30 24054 0 1 1 0 1 1 1 1 1 1 1 1 0 1 1 1 1 1 0 1 1 1 1 0 1 0 1 1 0 1
427 30 28801 1 0 1 1 1 1 0 0 1 1 1 1 1 1 1 0 1 1 1 1 0 1 1 1 0 1 1 0 1 1
428 30 24721 0 1 1 1 1 1 1 1 1 1 1 1 0 0 1 1 0 1 1 1 0 1 1 1 1 1 1 0 1 1
429 30 27131 0 0 1 1 1 1 1 1 1 1 0 1 1 1 0 1 1 1 1 1 1 1 0 0 1 0 0 1 1 1
430 30 25144 1 0 1 1 1 0 1 1 1 1 1 0 1 1 1 1 1 1 1 1 0 1 1 1 1 1 1 0 0 0
431 30 26940 1 1 1 0 1 1 1 1 1 1 1 0 1 1 1 0 1 1 1 1 0 0 1 1 1 1 0 1 1 1
432 30 25435 1 1 0 1 0 0 1 0 1 1 1 1 1 1 0 1 1 1 1 1 1 1 1 0 0 1 1 1 1 1
433 30 24848 1 1 1 1 1 1 1 1 1 0 1 0 1 1 1 0 1 1 1 0 1 0 0 0 1 1 1 1 0 1
434 30 27602 0 1 1 1 1 1 1 0 1 1 1 0 1 1 1 1 1 1 1 1 1 1 1 1 0 0 1 1 1 0
435 30 23928 0 1 1 1 0 1 1 1 1 0 1 1 0 1 1 0 1 1 1 1 1 1 1 1 1 1 0 0 1 1
436 30 25570 1 1 1 1 1 1 1 1 0 1 1 1 1 1 0 1 0 1 1 1 0 1 1 1 0 0 0 1 1 1
437 30 28676 1 1 1 0 1 1 0 1 0 1 1 1 1 1 0 1 0 1 0 1 0 1 1 1 1 1 1 1 1 1
438 30 24280 1 1 1 1 1 1 0 1 0 1 1 1 1 1 0 1 1 1 1 1 1 1 1 0 1 0 1 1 0 1
439 30 22443 1 1 1 1 1 0 0 1 1 1 1 1 1 1 0 0 1 0 1 1 1 1 1 0 1 1 1 1 1 1
440 30 25905 1 1 0 1 1 1 1 1 1 1 1 1 1 1 0 1 0 1 0 1 1 1 1 1 0 1 1 1 0 1
441 30 26809 1 1 1 1 1 1 1 1 0 1 1 1 1 1 0 1 1 0 1 1 1 0 0 1 0 1 1 1 1 0
442 30 25044 1 0 1 0 1 1 1 1 1 1 1 1 1 1 1 1 0 1 0 1 1 1 0 1 0 1 1 1 1 1
443 30 27754 1 1 1 1 1 1 0 1 1 1 1 1 1 0 1 1 0 1 1 0 0 1 1 1 1 1 1 0 1 1
444 30 26484 1 1 1 1 1 1 1 0 1 1 1 1 1 0 1 1 1 0 0 1 1 0 1 1 0 0 0 1 1 1
445 30 23308 1 0 1 1 0 0 1 0 1 0 1 1 1 1 0 1 1 1 1 1 1 1 1 1 1 1 1 1 1 1
446 30 26668 0 1 0 1 0 1 1 1 1 1 1 1 0 1 1 0 1 1 1 0 1 1 0 1 1 1 0 1 0 1
447 30 23354 0 1 1 0 1 0 0 1 1 1 1 1 0 1 0 0 1 1 1 1 1 1 1 1 1 1 1 1 1 1
448 30 24427 1 0 1 1 0 0 1 1 1 1 1 1 1 1 0 1 1 1 1 1 1 1 0 1 1 1 0 1 1 0
449 30 29350 1 1 0 1 0 0 1 1 0 1 1 0 1 0 1 1 1 1 0 1 1 1 1 1 1 1 1 1 1 0
450 30 27166 1 1 1 0 0 0 1 1 1 1 1 1 1 1 1 1 1 0 1 0 1 1 1 1 1 0 1 1 0 1
451 30 30321 1 1 1 0 0 1 1 1 0 1 1 1 1 1 0 1 0 0 1 1 1 1 1 1 1 1 0 1 1 1
452 30 25846 1 0 1 1 1 0 1 0 1 1 1 1 1 1 0 1 1 1 1 1 1 1 0 1 1 1 1 1 0 1
453 30 27989 1 1 1 1 1 1 1 1 0 1 1 1 1 1 1 1 0 1 0 0 1 0 1 1 1 0 1 0 1 0
454 30 25960 1 1 1 1 1 1 1 1 1 1 0 1 1 0 1 1 1 0 1 0 1 0 0 1 1 0 1 1 0 1
455 30 21205 1 1 1 1 1 1 1 0 1 1 0 1 1 0 1 0 1 1 1 1 1 1 1 0 1 0 1 1 1 1
456 30 24186 1 1 1 1 0 0 1 1 1 1 1 1 1 1 0 1 1 1 1 0 1 0 1 1 1 1 1 0 1 0
457 30 31454 1 0 1 1 1 1 1 1 1 0 1 1 1 0 1 1 1 1 1 1 0 0 1 1 1 1 1 0 0 1
458 30 24935 0 0 1 1 0 0 0 1 1 1 1 1 1 1 1 1 1 1 1 0 1 1 1 0 1 1 1 1 1 1
459 30 24753 1 1 1 1 1 0 1 1 1 1 1 1 1 1 1 0 0 1 1 1 0 1 0 1 0 1 1 1 0 1
460 30 27616 0 1 1 1 1 1 1 1 1 1 0 0 0 1 1 1 0 1 1 0 1 1 1 1 1 1 1 0 1 1
461 30 24701 1 0 1 0 0 1 1 1 0 1 1 1 1 1 1 1 1 1 1 1 1 0 1 0 1 1 1 0 1 1
462 30 27221 1 1 1 1 0 0 1 0 1 1 1 1 1 1 1 0 1 1 0 1 1 1 1 1 1 0 1 0 1 1
463 30 24281 0 1 1 1 1 1 1 0 1 1 0 1 1 0 1 1 1 1 1 0 0 1 1 1 1 0 1 1 1 1
464 30 27877 1 1 0 1 1 1 1 1 1 1 1 1 1 0 1 0 1 1 1 1 0 1 1 0 1 0 1 1 1 1
465 30 24516 1 1 0 1 1 1 1 1 1 1 1 1 1 0 0 0 1 1 1 1 1 0 1 1 1 1 1 0 1 0
466 30 22753 0 0 0 1 0 1 1 1 1 1 0 1 1 1 0 1 1 1 1 1 0 1 1 1 1 1 1 1 1 1
467 30 24968 1 0 1 1 1 0 0 1 0 1 1 1 0 0 1 1 1 1 1 1 1 1 1 1 1 0 1 1 1 1
468 30 25632 0 0 1 1 1 1 0 0 0 1 1 1 1 1 1 0 1 1 1 1 1 1 1 1 1 1 0 1 1 0
469 30 25539 1 1 1 1 1 0 1 0 0 1 1 1 1 1 1 0 1 1 1 1 1 0 1 1 0 1 1 0 1 1
470 30 25437 0 0 1 1 1 1 1 1 1 1 0 1 0 1 1 1 0 1 1 1 0 1 1 1 0 1 1 1 1 1
471 30 24795 0 1 0 1 0 1 1 1 1 1 0 1 1 1 1 1 1 1 0 1 0 1 1 1 1 1 1 1 1 1
472 30 27569 1 1 0 1 1 0 1 1 1 1 1 1 1 1 1 1 1 1 1 0 1 1 1 1 0 1 1 0 0 1
473 30 26960 0 1 1 1 0 0 0 1 1 1 1 1 0 1 0 1 1 1 1 1 1 1 1 1 1 1 1 0 0 1
474 30 25861 1 1 1 1 1 1 1 0 1 1 0 1 1 0 1 1 0 1 1 1 0 1 1 1 0 1 0 1 1 1
475 30 24293 1 0 0 1 1 0 1 1 1 0 1 1 1 0 1 0 1 1 1 1 1 1 1 1 1 0 1 1 1 1
476 30 26270 0 1 0 1 1 1 1 1 1 1 1 1 1 1 1 1 1 1 1 1 1 0 0 0 1 1 1 1 0 1
477 30 24601 1 1 0 0 0 1 0 1 1 1 1 1 0 1 0 1 1 1 1 1 1 1 1 1 1 1 1 0 1 1
478 30 24614 0 1 1 1 1 1 1 1 0 0 1 1 1 0 1 0 1 1 1 1 1 1 0 1 1 1 1 1 1 0
479 30 28045 1 0 1 1 1 1 0 1 1 1 1 1 1 1 1 0 1 1 0 1 1 0 1 1 1 1 1 0 0 0
480 30 27200 1 1 1 1 1 1 0 0 1 1 1 1 1 1 0 1 1 1 0 1 1 1 0 1 1 0 1 1 1 1
481 30 25837 1 0 1 1 1 1 0 1 1 0 0 1 1 0 1 1 0 1 1 1 1 1 1 0 1 1 1 1 1 1
482 30 24877 1 1 0 1 1 1 1 0 1 1 0 1 1 1 1 1 1 1 0 0 1 1 0 0 1 1 1 1 0 1
483 30 28412 1 1 0 1 1 1 1 1 1 0 1 1 1 1 1 1 0 1 1 0 1 1 1 0 0 1 0 0 1 1
484 30 26304 1 1 1 1 1 1 1 0 1 1 0 0 0 1 1 1 1 0 0 1 1 1 1 1 1 0 1 1 1 1
485 30 24533 1 0 1 1 0 1 1 0 1 1 1 1 1 0 1 1 1 1 1 1 1 1 0 1 1 1 1 0 1 0
486 30 24292 1 1 1 1 1 1 1 1 1 1 1 1 1 1 1 1 1 0 1 0 0 0 0 1 0 1 1 1 0 0
487 30 27028 1 0 1 0 1 1 1 1 1 1 1 1 0 1 1 1 1 1 1 0 1 0 1 1 1 0 0 1 1 1
488 30 23615 1 1 1 1 1 1 1 1 1 1 0 1 1 0 1 1 0 1 1 1 0 1 1 1 0 1 0 1 0 1
489 30 21409 0 1 1 1 1 1 0 1 1 1 1 1 1 1 1 1 1 1 0 0 0 1 1 1 0 1 1 0 1 1
490 30 24346 1 1 0 0 1 1 1 1 1 1 1 1 0 1 0 1 1 1 1 1 1 0 1 1 1 1 0 1 1 1
491 30 24830 1 0 1 1 0 1 1 1 1 1 1 1 0 0 1 1 0 1 1 0 1 0 1 1 1 1 1 1 1 1
492 30 25951 1 1 1 1 1 0 1 0 0 0 1 1 1 1 1 0 1 0 1 1 1 0 1 1 1 1 1 1 1 1
493 30 28096 1 1 1 1 1 0 1 1 1 1 1 0 1 1 0 1 1 1 0 1 1 1 1 1 0 1 1 0 1 0
494 30 21836 1 1 0 1 1 1 1 1 1 1 1 1 0 1 1 1 1 1 1 1 1 0 1 1 1 0 1 1 0 0
495 30 28111 1 1 1 1 0 1 1 1 1 0 1 1 1 1 1 1 0 1 1 1 0 0 1 0 1 1 1 0 1 1
496 30 25122 1 1 1 1 1 1 1 1 1 0 1 0 1 1 1 1 1 1 1 1 1 1 0 1 0 0 1 0 1 1
497 30 26973 1 1 1 1 1 1 1 1 1 1 1 1 0 0 0 1 1 1 0 0 1 0 1 1 1 1 1 1 1 0
498 30 25063 1 0 0 1 1 1 1 1 1 0 1 0 1 1 1 1 0 1 0 1 0 0 1 1 1 1 1 1 1 1
499 30 28262 1 1 1 1 1 1 1 0 1 0 0 1 1 1 1 0 1 1 0 1 1 1 1 1 1 1 1 0 1 0
500 30 28340 0 0 1 1 1 1 1 1 1 1 1 1 1 0 1 1 1 1 1 1 1 0 1 0 1 0 1 1 1 0
