1 20 7544 144 59 172 164 808 791 595 622 109 66 216 184 586 554 602 581 61 74 856 855 269 328 951 952 977 978 29 83 547 548 660 658 731 715 486 497 89 71 543 505
2 20 6767 702 703 297 323 32 62 936 936 334 284 30 99 671 649 572 576 350 310 602 640 640 661 166 239 59 122 829 814 354 327 654 671 162 226 530 505 197 225 342 315
3 20 8980 549 589 629 662 956 953 588 618 535 566 199 153 951 950 592 557 345 289 270 292 634 649 701 686 86 171 477 489 743 741 782 793 691 679 708 726 46 36 744 726
4 20 7504 543 560 780 779 867 873 539 523 198 217 350 403 316 271 768 750 330 281 471 479 305 330 818 827 102 182 666 636 322 387 379 416 219 157 643 635 261 325 503 484
5 20 7480 927 927 437 457 638 670 966 964 202 214 801 811 774 785 68 132 228 246 484 443 776 788 138 204 773 791 96 162 639 632 553 525 260 247 161 182 162 205 268 251
6 20 7772 791 803 605 571 99 95 188 254 558 583 634 648 475 514 399 431 132 172 770 774 63 41 948 946 125 149 454 428 796 787 435 454 44 118 645 647 919 914 635 645
7 20 8829 324 264 660 637 575 582 809 815 242 218 114 132 502 538 980 981 642 667 586 570 698 718 471 458 430 412 281 331 167 180 933 929 990 990 265 268 398 398 970 973
8 20 8189 992 992 911 918 553 546 185 141 226 195 463 433 434 484 218 261 408 378 943 938 909 905 663 691 859 850 80 44 387 411 97 40 710 710 281 327 379 395 539 571
9 20 8506 925 923 10 71 104 114 332 313 534 508 448 463 157 123 529 501 981 980 450 482 84 15 785 770 490 521 823 808 480 433 810 822 402 398 454 493 845 833 990 991
10 20 7202 813 818 444 417 237 216 297 284 243 308 890 899 670 670 312 267 62 11 384 341 119 121 806 821 326 325 423 456 440 463 801 797 719 695 274 219 443 498 300 310
11 20 7261 263 278 401 369 879 876 940 939 962 963 462 462 42 73 8 93 243 208 330 309 677 703 296 261 994 993 317 262 4 93 568 580 320 379 170 111 283 295 918 924
12 20 8209 289 334 93 12 34 126 313 298 599 560 276 232 746 761 895 906 324 258 788 785 898 895 260 217 632 603 963 962 660 626 332 323 774 765 324 389 855 840 207 275
13 20 8540 489 445 150 155 706 723 839 841 348 292 963 964 120 168 557 526 632 661 875 874 386 358 836 836 501 473 321 357 730 713 141 166 867 879 592 623 175 190 448 409
14 20 9240 653 681 473 452 955 954 999 999 635 633 658 630 673 690 590 563 957 954 228 189 524 493 494 541 473 437 420 382 440 398 505 514 291 250 385 436 429 420 768 750
15 20 9862 362 397 921 924 633 662 799 786 898 889 851 859 415 404 100 78 695 691 898 903 393 350 736 754 536 571 163 239 116 187 798 777 751 766 416 459 932 926 915 912
16 20 7662 711 685 413 464 935 939 595 558 200 174 820 813 688 711 11 82 4 59 200 264 787 773 198 223 450 481 926 921 394 362 411 363 412 388 59 114 409 399 955 953
17 20 9195 16 75 979 978 754 736 135 123 273 291 869 877 909 910 465 492 299 332 358 363 967 966 613 577 460 499 316 365 576 537 133 145 933 932 857 868 688 686 894 896
18 20 7291 182 174 19 62 527 539 494 512 451 406 619 621 411 384 925 925 118 165 241 170 724 702 525 495 779 782 43 134 567 568 908 917 141 162 144 145 365 366 931 929
19 20 7923 593 566 129 172 356 328 216 220 134 54 869 868 849 854 925 930 457 482 833 847 142 190 694 695 261 221 320 314 307 309 883 893 36 42 913 911 230 163 757 760
20 20 8201 812 820 236 199 436 394 665 656 906 901 558 518 381 319 472 423 876 873 364 365 465 476 429 392 771 771 267 197 159 186 879 887 67 20 117 176 973 972 419 462
21 20 9298 948 948 898 900 122 56 464 437 540 539 332 272 674 661 166 129 570 613 687 671 157 220 743 768 655 686 599 566 652 654 693 672 428 427 734 711 846 839 715 738
22 20 6208 882 879 294 360 229 301 530 568 595 592 81 52 652 666 80 112 56 82 3 13 24 28 757 750 20 74 19 81 693 698 708 716 968 964 653 685 249 191 268 284
23 20 6724 754 778 82 58 573 615 375 430 648 648 9 12 100 172 288 322 457 503 75 97 484 530 281 314 869 875 489 516 24 6 722 727 300 287 577 610 768 751 530 513
24 20 8345 979 978 776 759 630 639 386 402 931 933 741 722 469 508 907 908 122 121 326 362 130 185 976 976 494 457 406 417 37 84 311 352 119 182 237 220 531 514 924 929
25 20 8321 682 685 426 475 297 250 966 965 369 331 997 996 381 423 450 431 480 486 542 585 540 545 288 237 20 28 867 875 241 316 134 100 448 488 972 970 837 823 465 481
26 20 7928 84 143 512 552 389 442 155 239 828 838 789 806 978 978 364 348 89 155 762 744 447 435 15 74 218 146 942 945 871 862 256 205 932 931 24 30 500 517 756 732
27 20 8262 289 308 387 414 459 443 398 364 857 843 766 788 411 406 900 910 580 578 179 226 716 740 141 211 164 190 834 819 848 843 889 893 217 205 293 244 496 465 504 533
28 20 7948 325 297 658 667 90 163 84 56 341 328 439 431 81 119 851 840 678 707 56 134 467 492 199 264 484 444 946 946 871 860 928 930 301 359 895 887 840 836 402 443
29 20 7767 665 662 140 141 836 850 965 963 355 313 520 472 673 678 101 51 736 726 864 852 957 957 138 209 703 701 345 300 222 219 425 377 149 137 453 499 128 128 334 371
30 20 8528 357 360 604 610 298 304 695 684 706 713 948 954 390 442 108 171 458 483 271 272 487 485 508 495 787 769 976 974 677 687 181 220 803 803 556 564 381 364 469 484
31 20 7401 968 967 422 433 751 735 21 60 334 393 615 585 992 992 840 829 274 325 226 165 116 155 110 165 646 669 371 433 439 459 516 522 754 760 31 49 36 47 790 804
32 20 8248 695 685 322 333 597 637 767 743 382 435 752 756 780 768 52 33 11 38 155 189 919 915 783 788 895 896 217 177 633 664 586 585 25 53 648 626 912 905 180 221
33 20 8365 46 8 548 591 670 643 513 474 979 978 168 100 838 831 784 773 263 218 759 770 705 723 749 755 181 129 254 235 483 532 392 452 998 998 315 367 591 595 221 160
34 20 7608 188 113 681 706 516 473 352 381 906 904 543 560 472 495 850 850 474 475 82 26 758 763 949 951 315 254 772 789 315 301 80 82 538 565 8 28 366 387 346 389
35 20 6892 125 83 989 989 724 722 180 229 709 685 209 168 978 979 54 60 244 265 125 106 517 548 364 373 40 49 4 32 260 272 306 270 800 783 756 767 555 539 677 696
36 20 7747 969 967 918 925 146 122 467 436 208 172 737 762 22 55 579 616 378 362 455 421 447 400 197 191 636 668 823 813 704 692 133 137 628 639 741 734 240 180 256 263
37 20 7396 16 37 654 623 490 464 384 351 874 878 703 702 170 211 187 253 468 516 931 936 567 570 879 882 18 97 996 996 163 149 103 14 355 416 175 253 958 959 155 234
38 20 9615 490 521 372 318 938 932 630 648 549 525 540 569 422 370 846 850 877 875 801 794 625 659 350 290 147 109 960 962 632 614 643 672 427 432 952 951 38 20 780 781
39 20 7081 301 272 256 199 706 687 368 414 33 32 205 150 594 623 243 299 879 879 692 683 227 295 392 382 918 919 542 542 790 804 38 69 397 396 737 715 197 182 337 387
40 20 8025 275 338 917 909 553 551 328 268 639 655 22 31 809 796 407 413 453 422 132 79 50 4 323 346 180 191 518 529 916 925 886 883 152 174 688 671 801 798 983 982
41 20 8437 379 371 638 612 497 519 334 350 631 648 140 90 718 733 982 982 806 789 804 812 662 645 650 631 251 238 9 20 398 375 15 38 880 891 813 802 636 650 304 248
42 20 7675 979 978 386 393 683 665 201 158 569 578 926 927 284 273 154 229 745 771 463 512 775 754 369 415 407 353 491 517 379 389 824 807 382 410 45 40 32 14 500 508
43 20 9531 744 743 449 476 212 188 509 551 342 358 179 170 372 412 907 908 941 939 841 832 699 715 703 675 898 896 760 765 854 842 537 536 596 609 131 78 400 362 840 837
44 20 6851 470 520 62 112 151 78 717 719 253 316 452 481 332 389 939 935 24 82 256 203 998 998 769 786 828 816 367 329 44 113 162 151 331 327 601 610 5 75 803 820
45 20 7391 648 616 50 36 884 890 190 247 426 414 367 346 272 200 653 622 341 284 586 613 605 617 315 317 340 312 321 339 816 798 447 436 475 506 540 516 589 597 374 346
46 20 6490 279 265 898 890 22 79 506 517 640 636 495 536 155 132 98 150 713 699 778 793 40 6 443 456 338 315 99 184 419 457 663 654 65 75 615 631 726 749 121 165
47 20 8676 387 358 865 863 62 149 845 830 280 289 904 904 511 472 927 931 320 258 94 183 436 403 637 609 895 897 270 204 615 589 578 595 972 970 840 842 216 270 191 228
48 20 8089 345 367 628 603 150 233 652 670 373 326 961 960 701 682 107 57 844 849 766 747 958 957 541 495 474 512 507 545 597 599 186 164 780 761 81 73 322 339 139 130
49 20 6981 7 10 174 209 915 917 302 310 911 912 428 392 474 497 72 112 463 433 534 528 51 86 447 480 534 548 550 506 544 514 505 496 664 657 711 685 12 84 429 457
50 20 7472 248 181 125 186 75 47 167 200 799 794 890 897 983 984 74 159 648 659 674 655 32 103 809 801 212 289 218 240 587 575 762 777 302 245 257 241 736 759 743 767
51 20 8436 937 932 258 274 37 102 92 130 103 137 707 713 626 594 671 666 803 797 407 430 953 954 474 509 810 809 233 207 844 836 414 412 852 857 293 233 806 817 225 292
52 20 8787 106 52 640 629 556 577 397 377 279 232 462 480 668 689 844 837 441 459 667 663 586 592 259 185 933 940 889 885 842 852 566 589 34 46 862 858 123 132 830 813
53 20 8790 357 367 382 390 751 755 121 128 873 883 560 598 711 731 815 796 202 145 545 529 775 779 402 380 426 413 813 795 1000 1000 698 676 206 217 161 196 312 350 878 883
54 20 7338 743 751 681 678 149 149 359 399 387 351 746 741 706 723 118 30 857 859 518 543 493 538 479 457 150 87 597 615 696 687 57 130 127 46 676 670 88 130 546 586
55 20 7422 140 85 558 559 620 611 549 590 659 684 249 259 19 4 332 348 859 861 694 705 126 47 795 788 150 187 185 158 884 874 973 972 887 878 158 178 145 77 296 260
56 20 6745 985 986 387 350 4 100 93 22 65 30 178 203 405 447 329 302 622 614 744 728 173 163 877 868 512 491 334 268 667 678 478 478 445 495 150 122 501 479 483 471
57 20 7987 360 315 361 365 858 853 220 297 389 429 529 551 493 479 918 910 447 482 37 103 764 771 376 402 695 701 714 718 217 185 378 316 156 205 364 373 853 860 855 851
58 20 8116 919 917 280 286 974 975 176 200 441 487 935 941 499 462 84 33 456 448 343 293 124 92 996 996 715 710 612 595 628 640 497 536 251 288 580 609 163 134 472 490
59 20 8414 493 452 121 106 903 911 996 996 298 301 23 16 238 241 773 789 302 323 478 464 903 910 604 582 764 778 431 382 821 814 894 888 157 155 141 130 964 963 214 252
60 20 7964 818 817 469 442 184 152 585 617 73 91 7 34 304 325 544 579 404 384 717 703 905 907 237 209 923 931 425 401 535 492 304 324 758 747 1 66 982 983 780 765
61 20 8299 55 145 755 764 769 763 711 710 426 463 858 851 396 425 643 654 374 345 571 602 163 138 946 945 231 167 780 760 931 929 889 879 121 55 122 97 345 404 288 358
62 20 7279 233 225 997 997 239 244 726 738 642 608 77 107 109 27 958 955 182 185 231 290 587 601 851 845 994 995 230 286 762 769 257 304 423 385 222 201 246 227 133 124
63 20 7692 569 574 475 451 420 418 647 655 116 127 514 556 275 207 891 893 580 603 20 17 742 736 422 444 330 384 659 678 650 642 552 524 617 635 184 126 445 464 507 549
64 20 5920 311 336 356 351 389 445 125 118 597 573 543 530 878 885 224 220 444 488 535 574 591 607 12 22 220 166 475 483 545 530 183 149 122 47 154 169 337 284 360 393
65 20 7555 832 826 231 231 100 70 435 402 155 122 453 487 847 853 838 829 850 850 824 811 98 82 433 382 783 790 629 612 423 437 34 68 134 206 902 895 359 389 84 142
66 20 9271 791 797 815 831 70 57 147 108 883 871 378 327 123 139 234 261 186 256 802 798 973 975 737 719 370 386 796 802 459 504 629 592 747 761 685 658 998 998 766 763
67 20 7578 675 681 176 137 858 847 138 182 491 536 990 989 142 125 498 483 98 158 615 583 469 521 804 820 480 464 330 316 724 736 155 190 55 139 759 775 783 783 233 171
68 20 6784 74 5 971 971 295 284 595 582 865 858 203 277 484 451 271 268 353 406 483 438 624 617 961 958 315 260 808 820 150 170 104 157 297 339 11 61 555 599 62 131
69 20 7551 295 347 91 80 265 222 636 672 909 917 66 127 876 866 850 850 951 955 977 975 69 143 319 354 371 402 114 34 661 665 956 959 187 149 25 101 625 637 196 205
70 20 7532 540 542 636 600 718 698 487 471 890 880 763 756 328 316 394 432 237 266 134 159 47 26 934 932 106 58 251 280 667 692 338 349 375 420 348 358 422 477 801 783
71 20 8610 501 548 961 963 703 698 537 509 512 494 136 59 280 241 281 315 7 101 601 625 953 956 424 401 277 309 670 693 834 839 886 878 379 386 950 951 582 552 289 241
72 20 8500 906 902 637 606 136 128 39 91 943 947 648 667 965 967 501 496 485 490 596 585 18 25 771 793 104 190 941 942 671 643 658 651 242 282 216 265 962 962 186 143
73 20 6914 31 40 711 691 597 634 863 867 502 477 6 4 131 214 754 763 857 849 235 279 810 821 209 163 338 379 14 21 213 180 453 494 520 562 96 166 368 383 935 934
74 20 7891 941 943 903 894 596 571 708 716 913 907 382 370 145 192 788 774 134 190 295 311 799 801 537 535 128 47 133 145 489 530 328 356 394 355 67 39 564 599 620 591
75 20 9954 185 204 287 238 947 948 699 729 674 682 808 812 578 600 480 521 96 72 693 706 930 929 809 812 592 620 418 369 629 625 360 368 884 887 779 775 785 790 810 812
76 20 6528 124 195 208 210 815 830 408 443 131 201 545 563 247 250 565 559 15 16 347 375 954 954 23 12 892 898 118 159 337 375 969 969 279 286 360 387 524 505 299 251
77 20 8796 932 931 939 939 809 819 969 966 557 571 165 98 696 674 760 757 786 774 43 21 207 198 79 106 123 190 726 699 399 387 816 818 545 528 881 879 98 54 466 472
78 20 7518 615 637 134 127 387 354 310 304 601 613 400 368 700 696 116 62 611 605 558 537 459 465 824 812 846 841 955 951 622 657 451 405 83 151 258 270 67 143 401 422
79 20 6605 802 800 128 178 284 255 401 353 140 217 24 53 191 194 691 716 866 873 723 713 317 270 113 186 32 24 697 720 730 714 342 341 409 426 231 197 663 676 473 487
80 20 7336 711 725 172 144 425 442 252 250 383 365 956 954 278 344 286 281 319 358 640 609 395 432 475 500 694 678 3 22 760 742 786 786 309 325 231 300 728 730 368 320
81 20 9068 610 585 979 981 866 853 839 842 905 914 695 682 773 787 800 817 311 261 469 486 129 170 636 604 142 193 760 771 113 56 792 775 1000 999 114 72 43 6 359 402
82 20 6962 59 89 669 676 956 958 8 7 180 137 985 986 411 378 459 445 113 66 349 284 125 45 748 724 259 190 63 116 604 639 578 559 1000 1000 397 441 306 317 434 452
83 20 7163 425 436 238 279 964 965 308 246 122 85 797 809 928 931 608 622 822 831 156 208 779 771 217 176 517 522 162 112 503 458 650 663 251 258 270 233 33 47 204 151
84 20 8929 316 350 400 455 996 996 975 976 89 164 765 757 384 428 916 922 729 712 50 81 954 952 319 365 197 118 765 758 80 25 565 585 824 822 567 550 514 499 757 770
85 20 8840 622 612 614 601 176 222 406 454 902 906 974 972 820 829 726 723 714 741 93 171 236 240 802 806 203 257 673 661 919 923 635 666 110 47 680 655 465 498 281 348
86 20 8771 57 97 873 874 815 818 880 891 696 724 635 606 455 474 215 271 75 12 893 889 85 173 920 914 937 936 702 708 83 112 638 648 537 538 109 111 861 867 498 536
87 20 7617 106 119 866 866 867 879 589 571 377 381 817 818 177 220 556 563 731 747 455 481 155 80 766 780 247 248 4 41 767 751 677 648 31 95 910 918 256 188 168 86
88 20 7475 83 75 420 435 738 720 838 823 747 767 588 564 258 280 278 271 421 372 534 522 104 144 852 843 256 243 403 389 203 199 544 558 752 758 354 315 166 135 805 810
89 20 6963 435 386 485 527 261 204 829 820 506 461 54 141 240 200 160 188 321 381 93 88 183 217 217 279 211 154 605 633 297 279 906 913 948 949 292 242 859 849 802 800
90 20 9186 899 901 662 635 814 826 713 736 711 701 59 8 632 664 695 687 799 785 788 805 876 877 85 103 483 513 842 831 566 588 653 648 441 484 204 278 410 373 151 201
91 20 9162 459 496 733 738 472 490 748 772 80 70 425 389 570 539 221 290 407 413 393 407 928 925 699 686 706 734 884 879 871 869 872 883 9 96 399 378 615 650 962 964
92 20 8148 632 641 189 216 771 785 743 767 148 130 377 439 378 405 200 201 909 905 273 257 664 635 65 95 978 979 116 189 980 981 23 68 749 733 801 814 236 193 953 956
93 20 7168 533 570 151 170 272 317 517 536 237 218 447 442 803 809 882 871 941 945 561 588 63 84 161 131 184 110 156 219 934 935 328 329 689 677 52 7 136 99 914 907
94 20 9202 587 595 747 746 941 938 799 799 445 460 225 175 621 637 836 835 471 482 665 634 769 749 958 961 595 573 168 196 421 400 158 237 424 416 998 998 412 357 263 224
95 20 9111 282 323 772 759 757 755 578 620 303 281 781 800 817 812 493 502 271 329 18 92 805 817 401 452 606 625 172 104 526 514 904 905 684 708 534 532 919 912 766 776
96 20 8287 46 64 796 783 273 313 262 229 518 541 251 311 88 108 889 887 712 703 702 677 354 305 815 816 988 988 75 46 684 699 52 88 845 831 861 850 613 582 535 512
97 20 9172 876 884 464 461 648 671 446 465 106 130 78 103 973 971 254 198 77 73 247 308 624 649 656 670 359 404 954 953 826 833 807 803 986 984 544 564 880 889 661 672
98 20 6546 167 154 229 277 502 515 612 616 42 128 2 76 733 749 291 223 911 917 294 310 379 336 395 410 12 12 434 447 371 402 437 462 183 204 947 950 267 277 975 976
99 20 7336 1000 1000 533 529 48 128 122 122 181 115 494 478 54 112 781 795 119 182 448 411 644 663 619 655 400 427 276 271 680 688 835 831 938 935 230 176 374 352 395 393
100 20 8402 556 559 801 796 758 736 920 914 80 8 894 890 834 835 66 135 99 172 759 743 826 832 872 884 332 305 172 183 318 263 928 935 22 97 361 391 638 649 267 266
101 20 5868 154 82 503 482 168 223 143 121 227 282 179 137 656 642 369 419 284 241 300 300 188 201 791 805 569 582 813 801 81 20 197 180 911 907 366 373 321 377 116 136
102 20 6734 88 108 97 96 787 780 686 708 353 346 131 192 95 17 277 307 768 751 903 911 258 251 89 92 341 313 425 401 408 387 840 836 491 452 331 352 694 666 356 391
103 20 8373 130 55 773 791 927 933 140 65 168 187 855 844 558 558 359 374 119 130 917 923 650 641 758 773 513 499 887 878 978 980 217 146 743 721 110 37 553 593 112 74
104 20 8254 407 459 648 630 821 811 75 131 941 944 580 584 713 697 537 542 778 758 381 438 624 614 360 377 389 443 636 627 570 542 265 255 472 500 651 678 338 286 132 141
105 20 6086 758 773 577 614 9 37 449 453 89 15 296 239 205 149 432 439 836 841 995 996 524 542 178 234 85 32 67 9 349 311 477 515 144 204 160 230 128 69 850 840
106 20 6486 257 204 117 173 216 165 425 398 87 143 379 367 237 219 253 273 919 912 298 338 707 710 976 976 264 313 141 173 117 171 616 584 377 403 783 805 379 374 560 522
107 20 8001 201 162 215 228 810 824 901 901 604 579 778 769 782 794 642 612 568 578 92 80 5 65 603 599 887 878 866 858 30 16 606 616 170 233 619 639 104 118 519 521
108 20 7838 690 660 69 15 345 308 828 823 70 44 651 673 236 251 571 577 726 750 230 252 192 261 902 902 858 849 530 505 85 142 957 958 745 762 219 146 420 429 474 458
109 20 8527 133 83 931 929 464 518 263 313 274 344 90 13 732 757 855 863 552 562 449 461 421 395 805 801 121 115 663 691 644 636 346 365 894 901 648 661 676 657 698 701
110 20 7199 337 365 250 214 984 983 461 417 329 326 135 117 134 112 584 605 361 398 645 676 308 358 681 672 395 452 971 971 506 470 75 141 967 967 629 600 241 207 6 75
111 20 7099 262 289 919 913 468 445 98 174 747 724 943 938 134 63 527 573 652 662 37 3 357 303 344 331 916 921 311 377 926 925 14 10 406 389 727 706 81 50 5 15
112 20 9547 299 252 609 630 669 668 467 477 957 955 682 665 345 295 313 283 999 999 588 620 213 258 782 765 831 838 454 428 370 331 571 604 540 544 845 843 846 850 554 549
113 20 7398 296 258 360 329 714 707 948 946 756 751 218 220 659 670 31 111 33 45 935 941 183 182 439 431 176 218 981 983 252 250 553 524 973 970 412 382 66 112 263 237
114 20 10506 247 250 970 970 327 366 873 870 992 992 816 804 986 985 536 509 704 698 729 727 130 113 990 991 878 876 628 652 443 435 151 184 610 645 201 169 945 950 977 977
115 20 7206 60 2 973 971 532 568 324 329 770 774 313 337 763 761 345 387 49 84 476 488 268 275 391 347 463 472 14 96 690 684 644 618 281 212 6 66 767 776 879 886
116 20 7731 949 945 146 115 578 583 909 912 70 126 75 82 142 224 649 626 505 495 24 81 842 827 801 804 319 288 335 306 485 508 892 898 295 236 932 932 581 619 135 68
117 20 7927 715 730 37 127 437 456 687 710 98 48 494 447 666 639 340 357 554 564 574 584 799 789 732 756 799 789 597 617 489 442 27 92 810 793 305 299 349 330 400 388
118 20 7528 656 671 29 21 515 475 702 720 51 64 916 917 60 4 986 986 593 630 377 399 272 314 252 190 654 683 315 273 977 978 617 612 11 85 866 872 40 31 521 518
119 20 7939 975 976 684 677 670 643 809 822 52 104 802 796 245 280 174 102 237 250 317 323 760 777 619 591 551 572 965 966 111 79 584 597 378 329 160 231 212 247 619 638
120 20 8189 551 528 911 914 266 222 489 443 711 732 470 505 428 474 86 106 145 202 892 902 707 695 408 411 179 181 225 160 961 961 64 137 658 669 968 970 206 259 912 905
121 20 8892 218 205 65 151 958 960 919 915 612 611 599 635 442 465 832 832 134 58 513 492 591 619 992 993 125 94 323 268 959 958 816 830 837 829 482 520 220 273 479 498
122 20 8128 552 575 24 74 471 450 44 36 201 198 92 112 576 564 397 440 446 466 505 519 902 902 595 629 466 459 131 141 691 680 653 653 517 560 951 954 954 956 993 993
123 20 6195 964 968 193 123 163 190 51 53 404 348 402 346 928 930 882 893 143 172 210 195 76 12 108 152 146 84 47 134 768 747 984 983 646 626 163 160 206 166 260 324
124 20 8172 617 589 744 739 104 28 80 157 985 984 296 308 322 269 75 153 631 598 286 226 230 306 182 199 891 881 420 466 676 673 963 961 809 810 498 542 687 704 719 737
125 20 6996 914 922 47 136 510 510 846 841 781 798 390 361 366 405 141 188 407 390 505 482 18 48 95 74 758 751 860 862 965 965 161 201 477 435 450 448 13 44 41 134
126 20 8657 236 221 545 577 942 940 612 635 650 637 269 336 490 451 342 296 886 896 542 559 153 221 549 561 703 679 304 350 679 678 424 479 371 375 269 314 950 948 906 899
127 20 7073 52 39 302 309 27 67 769 764 489 522 740 766 109 29 695 667 10 63 620 630 909 913 160 175 836 821 968 965 23 51 524 506 580 599 682 666 203 277 144 120
128 20 7588 759 761 905 901 115 128 295 345 40 6 402 374 164 111 476 462 108 59 861 874 262 238 707 678 938 931 514 492 785 786 122 47 549 521 264 330 524 496 696 721
129 20 8912 940 935 82 117 975 974 842 857 482 495 835 824 975 973 157 122 385 424 413 358 328 276 717 699 273 312 445 433 182 138 992 991 531 551 248 308 402 423 936 932
130 20 8190 578 555 932 926 468 485 45 57 894 883 532 521 401 431 712 720 531 523 815 822 468 517 111 30 143 192 146 138 367 400 895 893 626 605 468 477 842 850 264 249
131 20 7847 153 200 773 773 272 293 170 219 622 623 327 358 841 851 966 967 30 36 555 563 199 152 369 324 873 877 110 51 946 946 821 839 684 660 632 648 171 104 295 351
132 20 7040 70 92 110 115 743 756 883 880 593 574 176 220 853 861 991 990 775 780 31 34 560 562 52 141 180 152 235 207 334 338 950 946 380 320 83 17 510 498 291 324
133 20 6550 144 179 452 497 69 67 105 127 488 453 370 381 766 774 107 193 362 382 525 486 923 924 241 290 395 435 533 516 129 191 995 995 528 509 377 376 442 482 237 251
134 20 7957 911 913 201 127 41 92 621 632 86 131 470 417 114 159 824 841 491 541 749 724 533 567 139 78 360 319 180 161 129 103 579 607 929 931 920 919 678 662 992 993
135 20 9512 811 800 577 576 755 738 528 536 721 738 339 291 652 681 432 469 884 894 801 791 492 448 302 260 207 219 837 822 525 535 888 885 890 893 878 869 192 229 179 226
136 20 7801 513 491 847 833 15 49 756 749 374 360 491 491 616 616 383 386 270 340 291 251 394 450 369 337 825 840 496 534 133 127 960 959 415 379 727 748 520 516 357 321
137 20 8606 719 699 186 159 440 461 156 148 392 366 891 891 763 760 312 274 914 907 20 110 775 763 435 488 577 538 896 891 163 219 646 653 498 510 551 567 430 402 994 994
138 20 6355 478 462 807 796 238 198 685 658 140 121 188 166 517 483 25 51 175 221 564 546 419 400 498 497 907 900 167 225 237 197 548 523 134 150 560 526 204 178 453 445
139 20 6925 134 59 982 984 466 451 590 575 703 688 325 357 253 272 349 381 870 862 703 730 798 810 671 649 402 407 83 126 79 119 494 479 459 489 50 145 117 107 129 58
140 20 8829 840 833 538 580 706 734 54 97 941 936 634 654 681 711 572 537 643 673 378 386 184 238 602 624 688 667 163 97 355 315 59 97 802 816 598 635 827 820 772 779
141 20 8305 843 837 500 527 313 327 433 422 941 944 808 790 254 249 637 623 543 525 312 310 223 270 927 932 990 990 851 852 50 94 124 150 562 590 555 513 310 271 206 273
142 20 7379 598 559 33 47 999 999 409 404 824 812 467 512 967 968 383 344 342 285 672 658 450 405 437 481 120 142 157 130 15 64 927 924 161 181 262 281 494 537 507 552
143 20 8087 565 604 548 590 406 445 169 227 138 112 835 826 460 448 454 454 868 874 530 533 946 946 317 289 439 395 799 783 203 214 264 239 699 685 161 177 374 413 934 935
144 20 7880 29 47 39 57 689 720 112 153 657 643 986 986 500 497 157 192 979 978 735 716 279 215 666 672 570 578 496 448 138 61 535 572 549 539 378 403 540 502 817 823
145 20 6978 784 778 949 945 366 314 167 198 76 16 926 930 192 261 165 184 143 93 467 462 313 381 753 754 172 100 63 144 817 809 50 65 569 546 428 376 324 364 999 999
146 20 7554 40 75 483 434 586 572 583 542 238 278 476 437 981 980 63 18 102 119 210 248 154 216 497 476 762 784 780 796 786 781 456 468 489 480 958 960 115 51 684 679
147 20 7516 573 580 390 338 659 668 693 694 282 303 942 940 619 604 484 512 500 475 97 161 387 331 202 259 871 862 619 610 811 794 721 730 156 87 38 94 97 39 254 321
148 20 7307 479 464 185 257 976 975 177 222 828 820 710 693 94 149 891 898 579 598 91 149 115 67 436 425 422 467 949 947 385 433 70 15 756 755 498 462 268 289 225 218
149 20 9314 333 386 657 625 765 768 423 475 39 69 874 863 534 536 459 431 813 796 772 791 904 898 541 568 665 692 518 492 751 730 415 466 694 718 649 643 80 2 757 780
150 20 7981 846 846 871 870 900 901 548 558 843 843 633 609 350 357 432 441 200 146 5 36 880 873 15 11 833 849 193 195 500 530 377 341 449 452 110 109 296 237 696 707
151 20 7175 269 290 139 208 489 450 578 595 919 917 239 265 268 258 754 758 41 33 182 100 687 664 154 104 500 507 102 126 502 525 764 755 828 844 669 648 759 782 126 45
152 20 7211 932 933 438 401 711 740 244 294 808 792 634 615 232 303 455 429 630 622 661 638 176 226 220 146 449 492 729 731 344 314 478 514 22 81 599 581 132 157 120 32
153 20 8101 769 787 545 525 1000 1000 555 514 166 131 517 505 877 866 897 898 604 637 563 572 370 353 83 3 710 692 441 460 85 152 250 294 495 517 447 496 241 278 512 514
154 20 8484 8 46 762 771 31 99 586 590 993 993 343 299 865 853 44 119 490 457 641 606 895 889 159 161 501 471 603 581 556 526 438 390 576 553 357 418 966 967 791 784
155 20 6834 302 329 832 820 14 18 362 379 225 174 815 828 959 960 49 116 9 96 282 236 941 940 491 450 338 288 760 758 547 520 348 289 475 433 269 207 228 302 297 295
156 20 7836 313 329 976 977 431 440 980 979 739 763 284 265 226 153 173 189 268 326 74 125 277 264 197 214 819 811 965 963 415 358 841 843 482 481 612 643 370 418 353 402
157 20 6955 525 490 68 114 319 341 823 834 526 485 993 994 275 347 31 109 615 643 198 159 522 491 865 877 504 519 468 498 460 480 568 600 143 120 306 301 225 298 260 259
158 20 7801 748 762 356 407 140 185 326 350 247 287 371 376 155 214 133 73 528 564 821 826 153 113 897 895 349 410 715 715 478 485 358 355 523 515 722 745 755 732 977 978
159 20 8413 142 101 111 90 924 927 710 733 534 544 414 373 29 12 463 498 792 794 501 482 663 690 844 844 236 245 896 890 406 417 393 450 707 722 873 873 97 159 782 764
160 20 8112 831 845 687 706 333 367 87 6 468 515 961 964 588 611 204 273 234 293 359 388 568 611 379 341 844 835 140 194 687 706 850 839 13 6 502 514 883 876 522 529
161 20 7366 430 404 37 132 492 514 931 937 768 763 652 623 97 84 104 55 47 86 688 695 283 302 720 699 578 595 572 530 120 87 974 973 841 850 91 85 35 29 748 763
162 20 6669 355 383 1000 1000 147 94 208 213 221 161 396 434 275 202 77 136 958 960 662 650 917 922 335 269 231 196 306 356 53 30 235 220 795 804 220 231 795 813 151 69
163 20 8963 347 308 198 128 266 195 658 672 923 917 140 94 765 743 964 968 644 618 442 419 451 485 689 662 508 529 816 808 5 10 99 162 670 666 756 743 867 864 996 996
164 20 7288 96 124 922 920 422 471 616 627 328 329 224 208 597 610 170 206 450 395 119 113 447 488 720 695 141 129 211 191 567 584 729 707 302 340 938 944 497 546 614 628
165 20 8673 471 425 899 902 85 105 828 836 379 432 268 228 956 957 12 109 450 474 254 196 928 928 727 753 74 135 480 468 710 718 180 236 919 911 866 875 485 486 871 860
166 20 7015 60 100 202 280 960 956 466 495 800 807 919 915 71 103 312 266 400 433 629 610 62 113 831 832 161 154 168 88 275 320 626 632 323 291 304 368 200 234 1000 1000
167 20 7728 245 211 631 621 98 159 944 939 865 870 344 380 157 234 823 826 917 924 343 324 234 259 53 127 969 969 410 424 721 718 307 335 770 753 133 145 60 49 637 646
168 20 6805 518 547 509 490 554 571 249 223 788 781 70 135 871 863 517 543 548 585 183 240 534 510 898 902 544 552 495 531 130 175 161 172 27 18 510 476 175 247 226 228
169 20 6565 854 849 886 876 395 453 671 699 126 57 17 33 26 57 384 431 18 109 314 277 190 257 745 734 547 533 350 335 672 655 414 441 820 804 365 404 154 220 259 210
170 20 7313 810 807 164 96 789 776 757 744 277 240 853 866 561 587 796 800 70 25 629 593 224 269 377 342 913 915 114 84 373 424 415 423 169 161 4 73 83 73 764 774
171 20 9199 601 563 901 905 649 635 976 978 887 890 171 251 855 859 560 568 566 578 527 543 70 107 555 542 326 394 30 10 553 562 712 736 958 955 849 840 318 283 435 484
172 20 5057 16 43 334 316 207 243 211 221 560 530 185 130 714 702 248 211 171 182 195 138 75 154 782 784 121 199 138 203 429 459 188 140 698 705 745 726 108 187 197 135
173 20 6680 100 162 142 200 905 906 330 367 317 355 923 924 641 651 614 641 532 551 615 620 199 167 24 31 415 464 886 896 433 440 62 73 325 392 153 124 401 459 334 368
174 20 7711 540 545 827 833 728 716 530 576 655 636 834 840 216 288 20 116 622 594 17 38 898 906 203 124 885 890 342 313 798 805 167 95 185 255 958 959 112 74 102 123
175 20 6753 204 234 386 420 997 997 356 345 372 384 81 84 436 465 868 873 753 765 716 707 352 287 965 962 248 234 413 392 112 159 410 452 219 211 184 116 349 335 21 29
176 20 6815 939 938 977 976 364 402 860 874 43 100 84 99 851 843 6 44 578 603 429 466 500 476 148 76 74 138 640 676 277 245 480 524 673 672 92 13 22 70 482 487
177 20 7775 938 941 520 484 63 14 376 393 886 883 831 817 837 821 179 147 623 592 544 584 302 306 990 991 840 828 89 22 203 244 503 512 125 121 85 158 150 99 635 634
178 20 7679 751 771 459 478 884 880 246 263 205 265 629 636 815 808 21 76 572 602 668 647 42 96 472 442 139 100 634 598 99 144 129 86 280 337 609 605 998 998 947 946
179 20 6862 324 350 178 156 390 446 513 514 893 886 607 583 437 461 694 671 913 914 45 90 58 15 774 772 624 633 525 551 326 383 298 237 517 547 78 51 76 56 308 304
180 20 8032 157 142 619 646 557 553 760 754 735 736 977 976 164 159 493 480 177 163 362 354 467 460 187 212 42 75 858 871 576 552 581 571 99 170 644 644 976 974 609 621
181 20 8336 578 581 595 633 965 967 79 34 658 655 805 795 985 985 95 18 124 48 331 302 928 924 445 492 863 859 852 851 70 24 540 532 420 439 103 137 682 675 302 294
182 20 6015 782 782 275 332 973 972 745 739 75 59 954 955 63 138 50 66 27 22 33 93 162 167 195 274 45 46 836 851 526 522 774 754 492 533 127 183 366 421 19 95
183 20 9704 977 976 724 711 919 911 699 684 366 425 983 982 632 646 424 470 528 506 140 56 443 472 453 505 820 809 755 741 553 533 548 580 61 19 934 936 830 827 342 378
184 20 8633 854 859 208 188 314 273 367 349 598 575 768 749 594 574 254 254 862 868 900 906 362 357 813 805 526 530 558 585 101 165 69 27 376 368 908 900 713 725 647 647
185 20 9297 215 201 216 257 919 914 824 813 127 80 670 657 905 905 610 572 787 779 711 692 79 18 862 861 799 802 766 755 552 552 335 329 407 456 666 637 873 878 299 348
186 20 6640 339 362 89 88 254 218 468 416 818 834 121 135 176 238 833 837 706 735 156 176 648 621 143 117 258 211 318 355 520 485 72 43 644 618 396 406 558 588 783 767
187 20 8110 535 529 449 492 924 921 76 105 521 563 436 403 798 795 670 702 615 622 555 523 537 568 518 545 967 967 40 62 175 163 543 552 358 321 246 245 598 625 577 551
188 20 7044 729 706 845 852 270 214 139 167 204 273 95 41 301 240 74 104 296 337 33 11 319 320 741 725 758 769 584 544 615 582 413 361 939 938 636 655 381 349 434 475
189 20 8328 745 736 402 369 402 439 536 531 834 845 362 397 695 692 219 270 649 663 232 199 482 507 528 506 771 792 383 338 447 444 774 796 205 257 757 773 492 506 496 482
190 20 8683 871 873 374 427 547 507 594 613 493 500 704 678 405 405 831 843 95 160 359 314 644 611 960 959 608 627 116 63 377 318 725 701 122 198 791 796 960 958 278 306
191 20 7206 898 892 377 388 603 607 462 428 339 291 244 170 461 443 202 128 304 362 136 114 601 574 108 194 522 516 987 986 457 446 415 381 827 824 576 540 73 30 416 390
192 20 8839 592 615 540 500 902 899 908 903 858 851 919 925 529 550 880 891 422 372 618 620 583 567 583 616 644 614 468 500 175 162 143 137 613 649 458 417 48 100 166 156
193 20 7556 848 837 224 146 205 171 373 360 300 330 675 666 920 923 117 205 303 265 396 404 366 406 858 851 642 633 167 186 471 468 207 173 966 964 363 425 161 234 883 883
194 20 8120 470 492 354 386 513 508 815 819 118 75 7 4 807 808 611 626 809 821 240 253 685 680 626 598 310 308 834 820 345 382 159 169 931 930 887 894 64 43 565 536
195 20 7965 819 833 65 114 506 530 817 825 694 683 476 428 342 361 72 115 27 120 733 736 928 923 418 442 618 639 702 720 469 419 761 739 425 463 352 367 281 222 452 468
196 20 8539 987 987 749 743 442 476 513 503 697 701 591 626 373 389 63 7 679 682 633 616 716 725 115 67 499 492 465 449 308 270 368 332 876 887 926 932 210 209 464 461
197 20 8394 893 883 739 742 652 632 757 773 446 451 291 270 518 499 107 116 941 940 422 403 458 419 334 282 789 770 433 464 107 128 191 175 169 156 805 804 948 951 493 506
198 20 8256 152 187 916 917 500 484 416 435 54 52 484 464 510 554 771 793 176 244 355 299 428 394 482 530 792 809 941 942 305 282 885 882 225 222 713 732 454 508 761 782
199 20 8335 566 596 386 331 953 950 298 303 683 702 110 66 632 636 454 415 357 366 703 715 659 644 768 788 691 711 500 509 110 47 428 405 827 810 258 281 213 239 823 837
200 20 8161 694 697 152 111 438 461 255 281 568 567 174 191 560 550 466 426 737 728 725 701 412 463 961 958 616 641 603 590 398 444 570 606 457 430 324 318 857 852 235 193
