1 30 23258 0 1 1 1 0 1 0 1 1 1 1 1 0 1 1 1 1 1 1 1 0 1 1 1 0 0 1 1 1 0
2 30 25005 1 1 1 0 1 0 1 1 1 1 1 1 0 1 1 1 1 0 0 1 1 1 1 1 0 1 0 1 0 1
3 30 29744 1 1 0 1 1 1 0 0 1 1 1 1 1 1 1 1 1 1 0 1 1 0 0 0 1 0 1 1 1 1
4 30 26427 0 0 1 0 0 1 1 1 1 1 0 1 1 1 1 1 0 1 0 0 1 1 1 1 1 1 1 1 1 0
5 30 27116 1 1 1 1 0 1 1 1 1 1 1 1 0 1 1 0 1 1 1 1 0 1 0 0 1 1 0 1 1 1
6 30 27931 1 0 1 1 1 1 1 1 1 1 0 0 1 1 1 0 1 1 1 0 0 1 0 1 0 1 1 1 0 0
7 30 27108 1 0 1 0 1 1 0 0 1 0 0 1 1 1 1 1 1 0 1 1 1 1 1 0 0 1 1 1 1 0
8 30 28289 0 1 1 0 1 1 1 1 1 0 1 1 1 1 1 1 0 0 0 1 1 1 1 1 1 0 0 1 0 1
9 30 27723 0 0 1 1 1 1 0 1 1 1 1 1 0 1 1 0 1 0 1 0 0 1 1 0 1 1 1 0 1 1
10 30 28103 1 0 1 1 1 1 1 0 1 1 1 0 0 0 1 0 1 1 1 1 1 1 1 1 1 0 0 1 1 1
1 30 23289 1 1 1 0 1 1 0 0 1 1 1 1 0 1 0 1 1 1 1 0 1 1 1 0 1 0 1 1 1 1
2 30 25002 0 1 1 1 1 1 1 1 0 1 1 0 1 1 1 0 1 0 1 0 1 1 1 0 0 1 1 1 1 1
3 30 29737 1 1 1 1 0 1 0 0 1 1 1 0 0 1 1 1 1 1 1 1 1 0 1 1 0 0 1 1 1 1
4 30 26204 0 0 1 1 0 1 1 1 1 1 1 1 0 0 1 1 1 1 1 0 1 1 0 0 0 1 1 1 1 0
5 30 26900 1 1 0 0 1 1 1 1 1 1 0 1 0 1 1 1 1 1 1 1 0 0 1 1 1 1 0 1 1 0
6 30 27682 0 0 0 1 1 1 1 1 0 1 0 0 1 0 1 1 1 1 1 1 0 0 1 1 1 1 1 1 0 0
7 30 27377 1 0 1 0 1 1 1 0 0 0 1 1 0 1 1 1 1 0 1 1 1 1 1 1 0 1 1 1 0 1
8 30 27820 0 0 0 1 1 0 1 0 1 0 1 1 1 1 0 1 1 0 1 1 1 1 1 1 1 0 1 0 0 1
9 30 27981 1 1 1 1 1 0 0 1 1 1 0 0 1 1 0 1 1 1 1 1 0 0 1 1 1 0 1 1 1 0
10 30 27874 1 0 1 1 0 0 1 0 1 1 0 1 1 1 1 0 1 1 1 1 1 1 1 1 0 0 1 0 1 1
1 30 23259 0 1 0 1 1 1 1 1 1 0 1 1 0 1 1 1 1 1 0 1 1 1 0 1 0 1 1 1 1 0
2 30 24753 1 0 1 0 1 1 0 1 1 1 1 1 0 1 1 1 1 0 1 1 0 1 1 1 0 0 0 1 1 1
3 30 29492 1 1 1 1 1 1 1 1 1 0 1 1 0 0 0 1 1 1 1 1 1 0 1 0 1 0 0 1 0 1
4 30 26179 1 0 1 1 0 0 1 1 1 1 1 0 1 0 1 1 1 1 0 0 1 1 1 0 1 0 0 1 1 1
5 30 27130 1 1 1 1 1 0 1 0 1 1 1 1 1 1 1 0 1 1 1 0 1 1 1 0 0 1 0 1 1 1
6 30 28187 1 1 1 1 1 1 1 1 1 0 0 0 1 1 1 0 1 0 1 1 1 1 0 0 0 1 1 1 0 1
7 30 27358 1 1 1 0 1 1 1 1 0 0 0 1 0 1 1 1 1 0 1 1 1 0 0 1 1 1 0 1 1 1
8 30 28324 0 0 1 1 1 0 1 1 0 1 1 0 1 1 1 1 0 1 1 1 0 1 1 0 0 1 1 1 1 1
9 30 28211 1 1 1 1 0 1 0 1 1 1 1 1 1 0 0 1 1 1 1 0 0 0 0 1 1 1 1 1 1 1
10 30 28102 1 0 0 1 1 1 0 0 1 1 1 1 0 1 1 1 1 1 1 0 1 1 1 1 0 1 1 1 0 1
1 30 23269 1 1 1 0 1 1 1 1 1 1 0 1 0 1 0 1 1 0 1 1 1 1 0 1 1 0 1 1 1 0
2 30 24753 0 1 1 1 1 1 0 1 0 1 0 1 0 0 1 0 1 0 0 1 1 1 1 1 1 1 1 1 1 1
3 30 29502 1 1 0 1 1 1 0 0 1 1 1 1 0 1 1 1 1 1 1 1 0 0 1 1 0 1 1 1 0 0
4 30 26204 0 1 0 0 1 0 1 1 1 0 1 1 1 1 1 1 0 1 1 0 1 0 1 1 1 0 1 0 1 1
5 30 26655 1 1 1 1 1 1 0 0 1 1 1 1 0 1 1 1 1 1 0 1 1 0 1 0 1 0 0 0 1 1
6 30 27936 1 1 1 1 1 0 1 0 1 1 1 0 1 1 1 0 0 1 1 1 0 1 0 0 1 1 1 0 1 0
7 30 27571 0 0 1 1 0 1 1 0 1 1 1 1 1 1 1 1 1 0 1 1 1 1 1 0 1 1 0 1 1 0
8 30 28569 0 1 1 1 1 0 1 0 0 1 1 1 0 1 1 1 1 1 1 1 1 1 1 1 0 0 1 1 1 0
9 30 27969 1 1 0 1 0 1 0 0 1 0 1 1 1 1 0 1 1 0 1 0 1 1 1 1 1 0 1 1 1 1
10 30 27872 1 0 0 1 1 1 1 1 1 1 0 1 1 1 1 0 0 1 1 0 1 1 1 1 0 0 1 1 0 1
1 30 23266 1 1 1 1 0 1 0 1 1 1 1 1 0 1 1 1 0 1 0 1 0 1 1 1 0 0 1 1 1 1
2 30 24996 1 1 1 1 1 1 1 1 0 0 1 0 0 0 1 1 1 1 0 1 1 1 1 1 0 1 1 0 1 1
3 30 29504 1 1 1 1 0 1 1 0 1 1 0 0 0 1 1 1 1 1 1 1 0 0 1 1 1 0 1 1 1 0
4 30 26694 0 1 1 0 1 0 1 1 1 1 1 0 1 0 1 1 0 1 1 0 1 1 1 0 1 1 1 1 1 1
5 30 27124 1 1 0 1 1 0 1 1 1 1 0 1 0 1 1 1 1 1 1 1 0 1 0 0 1 1 1 1 1 1
6 30 27946 1 1 1 1 0 1 0 0 1 1 0 0 1 0 1 1 0 1 1 0 1 1 0 1 1 1 1 1 0 1
7 30 27591 1 1 1 0 1 1 1 0 0 1 1 1 1 1 1 0 1 1 1 0 1 0 1 1 1 1 0 1 0 1
8 30 28035 0 0 1 1 0 1 1 1 1 0 1 1 0 1 0 1 1 0 1 1 1 1 1 0 1 1 0 0 1 1
9 30 27982 1 1 1 1 0 0 0 0 1 1 1 1 1 1 1 1 1 0 1 1 1 1 1 1 1 0 0 0 1 0
10 30 28349 1 0 1 1 0 1 1 1 0 1 1 1 0 1 1 0 1 1 1 1 1 1 1 1 1 0 1 1 0 1
