1 30 23509 1 1 1 0 1 1 0 1 1 0 1 1 0 1 1 1 1 1 1 1 1 0 0 1 0 1 1 1 1 1
2 30 24979 1 1 1 0 1 1 1 1 1 0 1 1 0 0 1 0 1 1 1 0 1 1 1 0 1 1 0 1 1 1
3 30 29491 1 1 1 1 0 1 1 0 1 0 1 1 1 1 1 0 1 1 0 0 1 0 1 1 1 0 0 1 1 1
4 30 26418 0 1 0 0 1 1 1 1 1 1 1 0 1 0 1 1 1 1 0 0 1 1 1 0 1 1 1 1 1 0
5 30 26641 1 0 1 0 1 0 1 1 0 1 1 0 0 1 1 1 1 0 1 0 0 1 1 1 1 1 1 1 1 1
6 30 28173 1 1 1 1 1 1 1 1 1 1 0 0 1 1 0 1 1 0 1 1 0 1 0 1 0 1 1 1 0 0
7 30 27603 1 0 1 0 0 1 1 1 1 0 0 1 1 1 1 0 1 0 1 1 1 0 1 1 1 1 1 1 1 1
8 30 28293 0 1 1 1 1 0 1 0 0 0 1 1 1 1 0 0 1 1 0 1 1 1 1 1 1 1 1 1 0 1
9 30 28227 1 1 1 1 0 1 1 0 1 1 1 1 0 1 0 1 1 0 1 1 1 0 1 1 1 1 0 0 1 1
10 30 28347 1 0 1 1 1 1 1 1 1 1 0 1 0 0 1 0 1 1 1 1 1 1 1 1 1 1 0 1 0 1
1 30 23284 1 1 0 1 0 1 0 1 1 1 1 1 1 1 0 1 1 1 1 1 1 0 1 1 0 0 1 0 1 1
2 30 24744 1 0 1 1 1 1 1 1 0 0 0 0 1 1 1 0 1 0 0 1 0 1 1 1 1 1 1 1 1 1
3 30 29258 1 1 1 1 0 0 0 0 1 1 1 1 1 0 1 1 1 1 1 1 1 1 1 0 0 0 1 0 1 0
4 30 26456 0 1 1 0 1 1 1 1 1 1 1 1 1 0 1 0 1 1 0 0 1 0 1 0 1 0 1 1 1 1
5 30 26649 1 1 0 1 1 0 1 1 0 1 1 1 1 1 1 1 1 0 1 1 1 0 0 1 1 1 0 0 1 0
6 30 27678 0 0 0 0 1 1 1 0 1 1 1 0 0 1 1 1 1 0 1 1 1 1 1 1 0 1 1 1 0 0
7 30 27346 1 1 1 1 0 1 1 0 0 1 0 0 1 1 1 0 1 0 0 1 1 1 1 1 1 1 1 1 0 1
8 30 28548 0 1 1 0 1 0 1 1 1 1 1 0 1 1 1 1 1 1 0 1 1 0 1 1 1 1 0 1 0 1
9 30 28222 1 1 1 1 0 1 1 1 1 1 1 1 0 1 0 0 1 0 1 1 0 0 1 1 1 0 1 1 1 1
10 30 28115 1 1 0 1 1 1 1 0 1 1 1 1 1 0 1 0 1 1 1 1 1 1 0 1 1 0 0 1 0 1
1 30 23255 1 1 1 0 1 1 1 0 1 1 0 1 1 1 1 1 1 1 0 0 1 0 1 1 0 1 1 1 0 1
2 30 24764 1 0 1 1 1 1 0 1 1 1 1 0 0 1 0 0 1 0 1 1 0 1 1 1 1 1 1 1 0 1
3 30 29244 1 0 0 1 0 1 1 0 1 1 0 0 1 0 1 1 1 1 1 1 1 1 0 0 0 1 1 1 1 1
4 30 26450 1 1 1 1 1 1 1 1 1 1 0 1 1 0 1 1 0 1 1 1 1 0 0 0 0 1 0 1 0 1
5 30 26643 1 1 1 1 1 1 0 1 0 0 1 1 0 1 1 0 1 0 1 0 1 1 0 1 0 1 1 1 1 1
6 30 27917 1 0 1 0 1 1 1 0 1 1 0 0 1 0 1 0 0 1 1 0 1 1 0 1 1 1 1 1 1 1
7 30 27367 1 1 1 0 1 0 1 1 1 0 0 1 0 0 1 1 1 0 1 1 1 1 1 1 1 1 0 1 0 1
8 30 28554 1 0 1 1 1 0 1 1 1 0 1 0 1 1 1 1 1 1 0 1 1 1 1 0 0 1 0 1 1 1
9 30 27983 1 1 1 1 1 1 0 0 1 1 1 1 0 1 0 0 1 1 1 1 1 0 1 0 1 0 0 1 1 1
10 30 27836 1 1 1 1 1 0 1 0 0 0 1 1 0 0 0 1 0 1 1 1 1 1 1 1 0 1 1 1 1 1
1 30 23513 1 1 1 0 0 1 1 1 1 0 1 1 1 1 1 1 1 1 0 1 1 1 0 0 1 1 1 1 1 0
2 30 24993 1 0 0 1 1 0 1 1 1 0 1 1 1 0 1 1 1 0 0 1 1 1 1 0 1 1 1 1 1 1
3 30 29511 0 1 1 1 0 1 0 0 1 1 1 0 0 1 1 1 1 0 1 1 0 1 1 1 1 0 1 1 1 1
4 30 26457 0 1 1 1 1 1 1 1 1 1 0 0 1 1 1 1 1 1 0 0 0 0 1 0 1 0 1 1 1 1
5 30 26873 1 1 0 0 1 0 1 0 1 1 0 1 1 1 1 1 1 1 0 1 0 1 1 1 1 1 0 1 1 1
6 30 28187 1 0 1 1 1 1 1 0 1 1 1 1 1 0 1 1 1 0 1 1 0 1 0 1 0 1 0 1 0 1
7 30 27601 1 0 1 0 0 1 1 1 1 1 0 1 0 1 1 0 1 1 1 1 1 0 1 1 1 1 1 1 0 1
8 30 28310 0 0 1 1 1 1 1 0 1 1 1 0 0 1 0 0 1 1 1 1 1 1 1 0 1 1 1 1 0 1
9 30 27978 0 1 1 1 0 1 0 0 1 1 1 0 1 1 1 0 0 1 1 1 1 0 1 1 1 0 1 1 1 1
10 30 27861 0 0 1 1 1 1 1 1 0 0 0 1 1 1 0 1 0 1 1 1 1 1 1 1 1 0 0 1 1 1
1 30 23256 1 1 1 1 0 1 1 0 1 1 0 1 0 1 1 0 1 0 1 1 1 0 1 1 1 0 1 1 1 1
2 30 24982 0 1 1 1 1 1 1 1 1 1 1 0 1 1 1 1 1 0 0 1 0 1 1 0 0 1 1 1 0 1
3 30 29500 1 1 1 1 0 1 1 0 1 1 1 1 1 0 0 1 1 1 0 1 1 0 0 1 1 0 1 1 0 1
4 30 26425 0 1 0 0 1 1 1 1 1 1 0 1 0 0 1 1 1 1 0 0 1 1 1 1 1 0 1 1 1 1
5 30 27117 1 0 0 1 1 1 1 1 1 1 0 1 0 1 1 0 1 1 1 1 1 1 0 1 1 1 0 1 1 1
6 30 28180 0 1 1 1 0 1 1 0 1 1 0 0 1 1 1 0 1 0 1 1 1 1 0 1 1 1 1 1 1 0
7 30 27865 1 0 1 0 0 1 1 0 1 1 1 1 1 1 1 1 1 0 1 1 1 1 1 0 1 1 1 1 0 1
8 30 28307 0 0 1 1 1 0 1 0 1 1 1 1 0 1 1 1 1 0 1 1 1 0 0 1 1 1 0 1 1 1
9 30 28199 1 1 1 1 0 0 0 1 1 1 1 1 1 1 0 1 0 1 1 1 0 0 1 1 0 1 1 1 1 1
10 30 28287 1 1 0 1 1 1 1 0 0 1 1 1 0 0 1 1 0 1 1 1 1 1 1 1 1 1 1 1 0 1
