1 30 23479 1 1 1 1 0 1 0 1 1 0 1 1 1 1 1 0 1 1 1 1 1 0 0 1 0 1 1 1 1 1
2 30 24994 1 1 1 1 1 0 0 1 1 0 1 0 1 0 1 1 1 0 0 1 1 1 1 1 1 1 0 1 1 1
3 30 29742 0 1 0 1 1 1 1 1 1 1 0 1 0 1 1 1 1 1 1 1 1 0 1 1 1 0 0 1 1 0
4 30 26416 0 1 0 1 1 0 1 1 1 1 0 0 0 1 1 1 0 1 1 0 1 0 1 1 1 1 1 1 1 1
5 30 26834 1 1 1 1 1 0 0 1 1 1 0 1 0 0 1 1 1 1 1 1 1 1 0 1 0 1 1 1 1 0
6 30 28188 1 0 1 1 1 1 1 1 0 1 1 0 1 1 1 1 1 0 1 1 1 0 1 1 0 1 0 1 0 0
7 30 27379 1 0 1 0 0 1 0 0 1 1 0 1 0 1 1 1 1 1 1 1 1 0 1 1 1 1 1 1 1 0
8 30 28316 0 1 1 1 0 0 1 1 1 1 1 1 1 1 1 1 1 1 0 1 1 1 1 1 0 1 0 0 0 0
9 30 27985 1 1 1 1 1 1 1 0 1 1 1 0 1 1 1 1 0 0 0 1 1 0 1 1 1 0 1 0 0 1
10 30 28101 1 1 1 0 1 0 1 0 1 1 0 1 0 0 1 1 0 1 1 1 1 1 1 0 1 1 1 1 1 1
1 30 23756 1 1 1 1 0 1 1 0 1 1 1 1 0 1 1 1 1 1 1 1 1 1 0 1 0 0 1 1 1 1
2 30 24995 1 0 1 1 0 1 0 1 1 0 1 0 0 1 1 1 1 0 0 1 1 1 1 1 1 1 1 1 1 1
3 30 29499 1 0 1 1 0 1 1 1 1 1 1 0 1 1 0 1 1 1 1 0 1 0 0 0 0 1 1 1 1 1
4 30 26216 1 1 0 0 1 0 1 0 1 1 0 0 1 0 1 1 1 1 1 0 0 1 1 1 1 1 0 1 1 1
5 30 26817 1 1 0 0 1 1 1 0 1 1 1 1 1 1 1 0 1 0 1 1 1 0 1 0 1 1 0 1 1 1
6 30 27930 0 1 1 1 1 0 1 1 1 1 1 0 1 1 0 0 1 0 1 1 0 1 0 1 0 1 1 1 0 1
7 30 27586 1 1 1 0 1 0 0 0 1 1 0 1 1 1 1 1 1 1 1 1 0 1 1 1 1 1 0 1 0 1
8 30 28554 0 1 0 1 1 0 1 0 1 1 1 1 0 1 1 1 1 1 0 1 0 1 1 0 1 1 1 1 1 1
9 30 27972 0 1 1 1 0 1 1 0 1 1 1 0 1 1 0 1 1 1 0 1 0 0 1 1 1 1 0 1 1 1
10 30 27866 1 1 1 1 0 1 1 0 1 0 1 1 0 0 0 1 1 0 1 1 1 1 1 1 1 1 1 1 0 0
1 30 23519 0 1 1 1 0 1 1 0 1 1 1 1 0 1 1 1 1 1 1 1 1 1 0 0 1 1 1 1 1 0
2 30 24978 1 0 0 1 1 1 0 1 1 1 1 1 1 0 1 0 1 0 1 1 1 1 1 0 0 1 1 1 1 1
3 30 29725 1 1 0 1 0 1 1 1 1 1 1 1 0 1 1 1 1 1 1 1 1 0 1 0 0 0 1 1 0 1
4 30 26222 0 1 1 0 0 1 1 1 1 1 0 1 1 0 1 1 1 0 1 0 0 1 1 1 1 1 0 0 1 1
5 30 26891 1 1 1 1 1 1 0 1 1 1 0 0 0 1 1 1 1 1 1 1 1 1 0 0 1 0 0 1 1 1
6 30 28186 1 1 1 1 1 0 1 0 0 1 0 0 1 1 1 0 1 1 1 1 1 1 1 0 0 1 0 1 1 1
7 30 27124 1 1 0 0 1 1 1 1 1 0 0 1 1 0 1 0 1 0 0 1 1 1 1 0 1 1 1 1 0 1
8 30 28056 0 0 1 0 1 1 1 1 1 0 1 1 1 1 1 1 1 0 0 0 1 0 1 1 0 1 1 0 1 1
9 30 27990 1 1 1 1 1 0 0 0 1 1 1 1 1 0 1 1 0 1 1 0 1 1 0 1 1 0 1 0 1 1
10 30 27861 1 1 1 1 1 1 1 0 1 1 1 1 0 0 0 0 0 1 1 1 1 1 0 1 1 0 0 1 1 1
1 30 23525 1 1 1 1 1 1 0 1 1 0 1 1 0 1 1 1 1 1 0 1 1 0 0 1 1 0 1 1 1 1
2 30 24714 1 1 1 0 1 1 1 1 0 0 1 0 1 0 1 1 1 1 1 1 1 1 1 0 1 0 0 0 1 1
3 30 29510 1 1 0 1 0 1 0 1 1 1 1 1 1 1 0 1 1 0 1 0 1 1 1 1 0 0 1 1 1 0
4 30 26450 1 1 0 0 1 0 1 1 1 1 1 0 1 0 1 1 0 1 1 1 0 0 1 1 1 1 0 1 1 1
5 30 26888 1 1 1 1 1 0 0 0 1 0 1 1 0 1 1 1 1 1 1 1 0 1 0 1 1 1 1 0 1 1
6 30 28188 1 1 1 1 0 1 1 1 0 1 0 0 1 1 0 0 1 0 1 1 1 1 0 1 1 1 1 1 0 1
7 30 27378 1 0 1 0 0 1 1 1 1 0 1 1 1 1 0 0 1 0 1 0 1 0 1 1 1 1 1 1 1 1
8 30 28551 0 1 1 0 0 1 1 1 1 0 1 1 0 1 1 1 1 1 1 1 0 1 1 0 1 1 0 1 1 1
9 30 27977 1 1 0 1 0 1 1 0 1 1 1 1 1 0 1 1 1 1 1 1 1 0 0 1 1 0 0 0 1 1
10 30 28326 1 0 0 1 1 1 1 0 0 1 1 1 0 1 1 1 1 1 1 1 1 1 1 1 0 0 1 1 1 1
1 30 23521 1 1 1 1 1 1 1 0 1 1 1 1 0 0 1 1 1 1 0 1 1 1 1 1 0 0 1 1 1 0
2 30 25002 1 1 1 0 1 1 0 1 0 1 1 1 0 0 1 1 1 1 0 1 1 1 1 1 0 1 1 0 1 1
3 30 29492 0 0 1 1 0 1 0 1 1 1 1 1 1 1 1 1 1 1 1 0 1 1 1 0 1 1 0 0 0 1
4 30 26686 1 1 1 0 1 1 1 1 1 1 1 1 0 0 1 1 0 1 0 1 1 0 1 0 1 0 1 1 1 1
5 30 26647 1 1 0 1 1 0 1 0 1 1 1 1 1 0 0 0 1 1 1 1 1 0 1 0 1 1 1 0 1 1
6 30 28190 1 1 1 1 0 1 1 0 1 0 0 0 1 1 1 1 1 1 1 1 0 1 1 0 0 1 0 1 1 1
7 30 27139 1 1 1 0 1 1 1 0 1 0 0 1 1 1 0 1 0 0 1 1 1 0 1 1 0 1 1 1 0 1
8 30 28566 0 1 0 0 1 0 1 0 1 1 1 0 1 1 1 1 1 1 1 1 1 1 1 0 1 1 0 1 1 1
9 30 28214 1 1 1 1 1 1 0 1 1 1 1 0 1 1 0 0 1 1 1 1 1 0 1 0 1 0 1 0 1 1
10 30 28113 1 0 1 1 0 1 1 0 1 1 1 1 1 0 1 1 1 1 1 1 1 1 1 1 0 0 1 0 0 1
