1 15 13383 0 1 0 1 1 1 0 0 1 0 1 1 1 1 1
2 15 16649 1 1 1 0 1 1 1 1 1 0 0 1 0 1 1
3 15 15713 1 0 0 1 1 1 0 0 1 0 1 1 1 0 1
4 15 7638 0 1 0 1 1 0 0 0 0 0 1 0 1 0 0
5 15 18175 1 1 1 1 1 1 1 1 1 1 1 1 0 1 1
6 15 4823 1 0 0 1 0 0 0 0 0 1 0 0 0 0 0
7 15 18770 1 1 1 1 1 0 1 1 1 1 1 1 1 0 0
8 15 20554 1 1 1 1 1 1 1 1 1 1 1 1 1 0 1
9 15 19936 1 0 1 1 1 1 1 1 1 1 1 1 1 1 1
10 15 18198 1 1 1 1 1 1 1 1 1 1 1 1 1 1 0
11 15 6727 1 0 0 1 0 1 0 0 0 0 0 1 0 1 1
12 15 11960 1 1 0 0 1 1 0 1 0 0 1 1 1 0 0
13 15 17760 1 1 1 1 1 1 0 0 1 0 1 1 1 1 1
14 15 14936 1 1 1 0 0 1 1 1 0 1 1 1 1 1 1
15 15 633 0 0 0 0 0 0 0 0 0 0 0 0 1 0 0
16 15 13365 1 1 1 0 1 1 1 0 0 0 1 0 1 0 1
17 15 5870 0 1 0 0 0 0 1 0 0 0 1 0 0 1 0
18 15 13728 1 1 0 1 1 1 1 0 0 1 0 1 0 0 1
19 15 18478 1 1 1 1 1 1 1 1 1 1 1 1 1 0 0
20 15 18509 1 1 1 1 1 1 1 0 0 1 1 0 1 1 1
21 15 18689 1 1 1 1 1 1 1 0 1 1 1 1 1 1 1
22 15 11620 1 1 1 1 0 1 1 1 0 0 1 1 0 0 0
23 15 16627 0 1 1 1 0 0 1 1 1 0 1 0 1 1 1
24 15 14864 1 1 1 1 0 1 1 1 1 0 0 1 0 0 1
25 15 13565 0 1 1 0 1 0 1 1 1 0 1 0 1 0 1
26 15 14756 1 0 1 0 0 1 0 0 1 1 1 1 1 1 1
27 15 9933 0 0 0 0 0 1 0 1 1 0 1 0 1 0 1
28 15 15738 1 0 1 1 1 1 1 1 1 0 1 1 1 0 0
29 15 19728 1 0 1 1 1 0 1 1 1 1 1 1 1 1 1
30 15 16148 1 1 1 0 1 1 1 1 0 1 1 1 0 1 1
31 15 16020 1 1 1 0 1 1 0 1 1 1 1 1 1 0 0
32 15 10504 0 1 0 1 0 0 0 0 0 0 1 0 1 1 1
33 15 0 0 0 0 0 0 0 0 0 0 0 0 0 0 0 0
34 15 16531 1 0 0 1 0 1 1 1 1 1 1 1 0 0 0
35 15 14872 0 0 1 0 0 1 1 1 1 0 0 1 1 1 1
36 15 10645 0 1 1 0 1 0 0 0 0 0 0 1 1 0 0
37 15 15789 0 1 0 1 0 0 1 1 0 1 1 0 1 1 1
38 15 8049 1 0 1 0 0 1 0 0 0 1 0 0 0 0 0
39 15 9750 1 1 1 0 0 0 1 0 1 1 0 0 0 1 0
40 15 18306 1 1 1 0 0 0 0 1 1 1 1 1 1 1 1
41 15 17431 1 1 1 1 1 1 1 1 1 1 1 0 1 0 1
42 15 9945 1 1 0 0 0 1 1 0 0 0 0 0 1 0 1
43 15 17653 1 1 1 1 1 1 1 1 1 1 1 1 1 0 1
44 15 9016 0 0 0 1 0 0 1 0 1 0 1 1 1 1 0
45 15 8531 0 0 1 1 1 0 1 0 1 1 0 0 1 0 0
46 15 14049 1 1 1 1 0 1 1 1 1 1 1 1 1 1 1
47 15 20707 0 1 1 1 1 1 1 1 1 1 1 1 1 1 1
48 15 5805 1 0 0 1 1 0 0 0 0 0 0 1 0 0 0
49 15 16613 1 1 1 1 1 1 0 0 0 0 0 1 1 1 1
50 15 14306 1 0 1 1 0 1 1 0 1 0 1 1 0 0 1
51 15 19720 1 1 1 1 1 1 0 1 1 1 1 0 1 1 1
52 15 12627 0 1 0 0 1 1 0 1 0 1 1 1 0 1 1
53 15 12993 1 1 0 1 1 0 0 1 0 1 0 1 1 0 1
54 15 11330 0 0 1 0 0 1 0 0 0 1 1 1 0 0 1
55 15 17675 1 0 1 1 1 1 1 1 1 0 0 0 1 1 0
56 15 16299 0 1 0 1 0 1 1 0 1 1 1 1 0 1 1
57 15 13005 0 1 1 0 1 1 1 1 1 0 1 0 0 1 1
58 15 1675 0 0 0 0 0 0 0 0 0 1 0 0 1 0 0
59 15 2000 0 0 0 0 0 1 0 0 0 0 0 0 0 0 0
60 15 9167 0 0 0 1 0 1 1 0 0 0 0 1 1 1 0
61 15 15023 1 1 1 1 1 1 1 1 0 1 1 1 1 0 1
62 15 21688 1 1 1 1 1 1 1 1 1 1 1 1 1 1 0
63 15 7478 0 1 0 0 1 0 1 0 0 0 0 0 1 0 0
64 15 11975 0 0 1 1 1 1 1 0 0 1 1 0 1 0 1
65 15 12577 0 0 1 1 1 0 0 1 1 1 1 0 0 1 1
66 15 4773 0 0 0 0 0 1 1 0 0 1 0 0 0 0 1
67 15 11439 0 1 1 1 0 0 1 0 0 1 0 0 1 0 1
68 15 14814 1 1 1 1 0 0 0 0 0 1 1 1 1 0 0
69 15 9207 1 0 1 0 0 0 1 0 1 1 0 1 1 0 0
70 15 15078 1 0 1 1 1 0 1 1 1 0 1 0 1 0 1
71 15 10735 1 0 1 1 0 0 0 0 1 1 0 0 0 1 1
72 15 14892 1 0 1 1 1 1 0 0 1 1 0 1 1 0 1
73 15 11676 1 0 0 1 0 0 0 1 0 0 1 1 1 1 1
74 15 8464 1 0 0 0 0 1 1 0 0 0 1 1 0 1 0
75 15 8363 1 0 1 1 0 0 0 0 1 0 0 0 0 0 1
76 15 19868 1 1 1 0 1 0 1 1 1 1 0 1 1 1 1
77 15 4268 0 0 0 1 0 0 0 0 0 0 0 1 1 0 0
78 15 17700 1 1 1 1 1 1 1 1 1 1 0 1 1 1 1
79 15 17520 1 1 0 1 1 1 1 1 1 1 1 1 1 0 1
80 15 9776 0 0 1 0 0 0 0 1 1 1 1 0 0 0 1
81 15 16423 1 1 1 1 0 1 0 1 1 1 0 0 1 1 1
82 15 19080 1 1 1 1 1 1 0 1 1 1 1 1 1 1 1
83 15 19264 1 1 1 1 1 1 1 0 1 1 1 1 1 1 0
84 15 17301 1 1 1 1 1 1 1 1 1 1 0 1 0 1 1
85 15 5708 1 0 0 0 0 0 0 1 0 1 0 0 0 0 1
86 15 4736 0 1 1 0 0 0 0 0 0 1 0 0 0 0 0
87 15 10360 1 1 0 0 0 0 0 0 0 1 1 1 0 1 0
88 15 18643 1 1 1 1 1 1 1 1 0 1 1 1 1 1 1
89 15 17542 1 1 0 1 1 1 0 1 0 1 1 1 0 1 1
90 15 12066 1 0 1 0 1 0 1 0 0 0 0 1 1 0 0
91 15 8185 1 1 0 0 0 0 1 0 1 1 0 0 0 0 0
92 15 15257 1 1 0 1 1 1 1 1 1 1 1 1 1 1 1
93 15 8584 0 1 0 0 0 1 0 0 0 1 0 1 1 0 1
94 15 14760 0 0 0 1 1 1 1 1 0 1 1 0 1 1 1
95 15 17882 1 1 1 1 0 0 0 1 1 1 1 1 0 1 1
96 15 15726 1 1 1 1 0 1 1 0 0 1 1 0 1 0 1
97 15 6553 0 0 1 0 0 0 1 1 0 0 0 1 1 0 1
98 15 9800 1 0 1 0 0 1 0 0 1 0 1 0 1 0 0
99 15 20093 1 1 1 1 0 1 1 1 1 1 1 1 0 1 0
100 15 16143 0 1 1 1 1 1 1 1 1 0 0 0 1 1 1
101 15 16300 1 1 1 1 1 0 0 1 1 1 1 1 0 1 0
102 15 24109 1 1 1 1 1 1 1 1 1 1 0 1 1 1 1
103 15 7254 0 1 1 1 1 0 0 1 0 1 1 0 0 0 1
104 15 14938 1 1 1 0 1 1 1 0 1 1 1 0 1 1 1
105 15 14794 1 1 1 1 0 1 0 0 0 1 1 1 1 1 1
106 15 8780 0 1 1 0 1 1 0 1 0 0 0 0 0 1 0
107 15 2390 0 0 0 0 0 0 0 0 0 0 1 0 0 0 0
108 15 23271 1 1 1 1 0 1 1 1 1 1 1 1 1 1 1
109 15 9785 0 0 0 1 1 1 0 1 0 1 0 0 1 1 1
110 15 12862 1 1 1 1 1 0 0 1 1 0 1 0 0 1 1
111 15 19806 1 1 0 1 0 1 1 1 0 1 1 1 1 1 1
112 15 17118 1 1 1 1 1 0 1 0 0 1 1 1 1 1 1
113 15 16532 1 1 0 1 1 1 0 1 0 1 1 1 1 1 0
114 15 21987 1 1 1 1 1 1 1 1 0 1 1 1 1 1 1
115 15 19123 1 1 1 1 0 1 1 1 1 1 1 1 1 1 1
116 15 16775 0 0 1 1 1 1 1 0 1 0 1 1 0 1 1
117 15 14266 1 1 1 1 0 1 1 1 0 0 1 0 0 0 0
118 15 15074 1 0 0 1 1 1 1 0 1 1 1 1 1 1 1
119 15 11394 0 0 1 0 0 0 0 0 0 1 0 1 1 1 1
120 15 18162 0 1 0 1 1 1 1 1 1 1 0 1 1 0 1
121 15 20020 1 1 1 1 0 1 1 1 1 1 0 0 1 1 1
122 15 0 0 0 0 0 0 0 0 0 0 0 0 0 0 0 0
123 15 2652 0 0 0 0 0 1 0 0 1 0 0 0 0 0 0
124 15 21345 1 0 1 0 1 1 1 1 0 1 1 1 1 1 1
125 15 16267 1 1 1 0 0 1 1 1 1 1 0 0 1 1 1
126 15 15145 1 1 0 0 1 1 1 1 1 1 0 0 0 0 0
127 15 17632 1 1 1 1 1 1 1 1 1 1 1 1 0 1 1
128 15 13490 1 1 1 1 1 1 0 1 0 1 1 0 1 0 0
129 15 10971 0 1 0 1 1 0 1 1 1 0 0 0 1 1 1
130 15 18327 1 1 1 1 0 1 1 1 1 1 1 0 1 0 0
131 15 7570 0 0 0 1 1 1 0 1 0 1 0 0 1 0 0
132 15 13213 1 1 0 1 1 1 0 1 0 1 0 0 0 0 1
133 15 16547 1 1 1 0 1 1 1 1 0 0 0 1 0 1 1
134 15 4437 0 0 0 0 0 0 1 1 0 0 0 0 0 0 0
135 15 12908 1 1 1 1 0 1 1 0 1 0 1 1 0 1 1
136 15 16437 1 1 1 1 1 1 1 1 1 0 0 1 1 1 1
137 15 3060 0 1 0 0 0 1 0 0 0 0 0 0 0 0 0
138 15 17999 1 1 1 1 0 1 1 1 1 0 1 1 0 1 1
139 15 12050 1 1 0 1 1 0 0 1 0 1 0 1 0 1 0
140 15 3286 0 0 0 0 0 0 0 0 0 0 1 1 0 0 1
141 15 7915 0 0 0 0 0 1 1 1 0 0 1 1 1 0 0
142 15 15829 1 1 0 1 1 1 1 0 1 0 0 1 1 1 0
143 15 4392 0 0 0 1 1 1 0 0 0 0 0 0 0 1 1
144 15 13310 0 1 0 0 0 1 1 1 1 1 0 0 1 1 1
145 15 16262 1 1 1 0 1 1 1 0 0 0 1 0 1 0 1
146 15 18832 1 1 0 1 1 1 1 1 0 1 1 1 0 1 1
147 15 15922 1 1 0 1 1 0 1 1 0 0 1 1 1 1 1
148 15 17777 1 1 1 1 1 1 1 1 1 1 1 0 1 1 1
149 15 9785 0 0 0 1 0 1 1 1 1 0 0 0 1 1 0
150 15 13653 1 1 1 1 1 1 1 1 1 1 1 0 1 1 0
151 15 1427 0 0 1 0 0 0 0 0 0 0 0 0 0 0 0
152 15 13036 0 1 0 0 0 1 0 1 1 1 0 0 1 1 0
153 15 14377 0 1 1 1 1 1 1 0 1 0 0 0 0 0 0
154 15 12784 0 0 1 1 1 1 0 1 0 1 0 0 1 1 1
155 15 4662 1 0 0 0 1 1 0 0 0 0 0 1 0 0 1
156 15 16569 1 1 1 0 1 1 1 1 1 1 0 1 1 0 1
157 15 17977 0 1 1 0 1 1 1 1 1 1 1 1 1 1 1
158 15 10533 0 1 0 0 1 0 0 1 0 1 0 1 0 1 1
159 15 11361 0 1 0 1 0 1 0 0 1 0 1 0 1 1 0
160 15 15581 1 1 0 1 1 1 1 1 1 0 1 1 1 0 1
161 15 14069 1 1 0 1 1 0 0 0 0 1 1 1 0 0 1
162 15 11242 1 0 0 1 0 0 0 0 1 1 1 0 0 1 1
163 15 7920 0 0 1 0 0 0 0 1 1 1 0 0 0 0 1
164 15 9085 0 0 1 0 0 1 0 0 0 1 1 0 0 0 1
165 15 13687 1 1 1 0 1 1 1 1 0 1 1 1 1 1 1
166 15 11668 1 1 1 0 1 0 0 0 1 1 0 1 1 1 0
167 15 20670 1 0 1 1 1 1 1 1 1 1 0 1 1 1 0
168 15 2775 0 0 0 0 0 0 0 0 0 0 0 0 1 0 1
169 15 19110 1 1 1 0 1 0 1 0 1 1 1 1 1 0 1
170 15 12383 0 0 0 1 1 1 1 1 1 0 1 0 0 1 1
171 15 6994 1 0 0 0 0 1 1 0 1 0 0 0 1 0 0
172 15 16108 1 0 1 1 1 1 1 1 1 1 1 1 1 1 1
173 15 19025 1 1 1 1 1 1 0 1 1 1 1 0 1 1 1
174 15 18571 1 1 0 1 1 1 0 1 1 1 0 1 1 1 1
175 15 16561 1 1 1 1 1 1 1 0 0 1 1 1 0 1 0
176 15 15478 1 1 1 1 0 1 1 1 1 0 1 1 0 1 0
177 15 7759 0 1 0 1 1 0 0 0 1 0 0 0 1 1 0
178 15 15639 0 1 1 1 1 1 1 1 0 1 1 1 1 1 1
179 15 6838 0 0 0 1 0 0 0 0 1 0 1 1 0 0 0
180 15 12637 1 1 0 0 1 1 0 1 1 0 1 1 1 1 1
181 15 8259 0 0 0 0 1 1 1 0 0 1 0 0 0 1 1
182 15 14687 1 0 1 0 0 0 1 1 1 1 1 1 1 1 1
183 15 6013 0 0 1 0 1 0 0 0 1 0 0 0 0 0 0
184 15 12879 1 1 1 1 0 0 1 0 1 1 1 0 1 1 1
185 15 8619 1 0 0 0 0 1 1 1 1 0 1 1 0 0 1
186 15 15526 1 0 1 1 1 1 0 1 1 0 1 1 1 1 1
187 15 12822 1 1 0 0 0 0 0 1 1 0 1 1 1 1 0
188 15 21645 1 1 1 0 1 1 0 1 1 1 1 1 1 1 1
189 15 20523 1 1 1 1 1 1 1 1 1 0 1 1 1 1 1
190 15 15391 1 1 1 1 1 1 1 1 1 0 1 1 1 1 1
191 15 12889 1 1 1 1 1 0 0 0 1 0 0 1 1 0 1
192 15 10947 0 0 0 1 1 0 0 0 1 0 1 1 1 0 1
193 15 17315 1 1 0 1 0 1 0 1 1 1 0 1 1 1 1
194 15 17065 1 0 1 1 1 1 1 1 1 1 1 1 1 1 1
195 15 15401 1 1 1 1 0 1 1 0 1 1 1 1 1 1 1
196 15 14848 0 0 0 1 0 0 1 1 1 1 1 1 1 0 1
197 15 9796 1 0 1 0 0 0 0 0 1 0 0 1 0 1 0
198 15 7728 0 1 0 1 0 1 0 0 0 0 1 0 1 0 0
199 15 16316 1 1 0 0 1 1 1 1 0 1 1 1 0 1 1
200 15 22810 1 1 0 1 1 1 1 1 1 1 1 1 1 1 1
201 15 7607 0 1 0 1 1 1 0 0 0 1 0 0 1 0 0
202 15 11020 1 1 0 1 0 1 0 0 1 0 1 1 0 0 0
203 15 17315 1 1 0 1 1 1 1 1 1 1 1 1 1 1 1
204 15 16854 1 1 0 1 1 1 1 1 1 1 0 1 1 1 1
205 15 12286 1 1 1 1 0 1 1 0 0 0 1 1 0 1 1
206 15 15246 0 0 1 1 0 0 1 1 0 1 1 1 1 1 1
207 15 9971 1 1 1 1 1 1 0 0 0 1 0 0 0 0 1
208 15 17115 1 1 1 1 0 1 1 0 1 1 0 0 1 0 0
209 15 9031 1 1 0 1 1 1 1 0 0 1 0 1 0 0 0
210 15 5985 1 0 0 0 0 0 1 1 1 0 0 0 0 0 0
211 15 12133 0 1 0 1 0 0 1 0 1 1 0 1 0 1 0
212 15 13221 1 1 1 1 0 0 0 0 1 0 0 1 1 0 1
213 15 11725 1 0 1 1 0 1 0 0 1 0 1 1 0 0 0
214 15 20868 1 1 1 1 0 1 0 1 1 1 1 1 0 1 1
215 15 17908 1 1 1 0 1 1 1 1 1 0 0 1 0 0 1
216 15 15436 1 0 1 1 0 0 1 1 1 1 1 1 1 1 1
217 15 10131 1 0 1 1 1 0 0 0 0 0 0 1 1 0 1
218 15 8222 1 0 0 1 0 1 0 0 0 1 0 1 0 1 0
219 15 18281 1 1 1 1 1 1 0 1 1 0 1 1 1 1 1
220 15 21144 1 1 1 0 1 0 1 1 1 1 1 1 1 1 1
221 15 18649 1 1 1 1 1 1 1 1 1 0 1 1 1 1 1
222 15 17339 0 1 0 1 1 0 1 1 0 1 1 1 1 1 1
223 15 13553 1 0 1 0 0 1 1 1 0 1 0 1 1 1 0
224 15 4496 0 0 0 0 0 0 1 0 0 0 1 0 0 0 0
225 15 19514 1 1 1 1 1 1 0 1 1 1 1 1 1 0 1
226 15 14087 1 1 1 1 1 1 1 0 1 0 1 1 1 1 1
227 15 14215 1 1 1 1 0 1 0 1 1 1 1 1 1 1 1
228 15 10345 1 0 0 1 0 1 0 0 1 1 1 0 1 0 1
229 15 16060 1 1 1 1 1 1 0 1 1 0 1 1 1 1 1
230 15 2326 0 0 0 0 0 0 0 0 0 0 0 0 0 1 0
231 15 12498 0 0 0 0 1 1 1 1 0 0 0 1 1 1 1
232 15 17644 0 1 1 1 0 1 1 1 0 1 1 0 1 1 1
233 15 11250 1 0 1 1 1 1 0 1 1 0 1 1 0 1 1
234 15 16803 1 1 1 0 0 1 1 1 0 1 1 1 0 1 1
235 15 12695 1 1 0 0 1 0 0 0 0 1 1 0 1 1 1
236 15 18585 1 1 1 1 1 1 1 1 1 1 0 1 1 1 1
237 15 2106 0 0 0 0 0 0 0 0 0 1 0 0 0 0 0
238 15 16830 1 1 1 1 1 1 1 1 0 0 1 1 1 1 1
239 15 507 0 1 0 0 0 0 0 0 0 0 0 0 0 0 0
240 15 13378 1 1 0 1 0 1 0 1 1 1 1 0 0 1 0
241 15 4818 0 0 0 0 0 0 0 1 1 0 0 0 1 0 0
242 15 1630 0 0 0 0 0 0 0 0 0 0 0 0 0 0 1
243 15 14045 0 1 1 1 0 1 1 0 0 1 1 1 0 0 1
244 15 8541 0 0 1 0 1 0 1 0 0 1 1 1 1 1 0
245 15 11641 1 1 1 1 1 1 1 1 1 1 0 1 1 1 1
246 15 23285 1 1 0 0 1 1 1 1 1 1 1 1 1 0 1
247 15 13556 1 0 1 1 1 0 0 0 1 1 0 0 1 1 0
248 15 16789 1 1 1 0 1 1 1 1 1 1 1 1 1 1 1
249 15 13302 1 1 1 1 1 0 0 1 1 1 1 1 1 1 1
250 15 19272 1 1 1 1 1 1 1 0 1 1 1 0 1 1 1
251 15 16040 1 0 1 1 1 1 1 1 1 1 1 1 1 1 1
252 15 12278 1 1 0 1 1 0 1 1 0 1 0 0 1 0 1
253 15 12367 1 1 1 1 1 1 1 0 1 1 1 0 1 1 1
254 15 10550 0 1 1 1 0 0 1 0 0 1 1 0 0 1 0
255 15 16652 1 0 1 1 1 0 1 1 0 1 0 1 1 0 1
256 15 18125 1 1 1 1 1 0 0 1 1 1 0 1 1 1 1
257 15 12065 0 1 1 1 1 0 1 1 1 1 1 0 1 1 0
258 15 19787 1 1 1 1 0 1 1 1 1 1 1 1 1 1 1
259 15 8507 1 0 0 0 0 1 1 1 0 0 1 1 0 1 1
260 15 8266 0 1 0 0 1 0 0 0 0 0 1 0 0 0 1
261 15 20102 1 1 1 1 1 1 1 1 1 1 1 1 0 0 1
262 15 3735 0 0 0 0 0 0 0 0 1 0 0 0 0 0 1
263 15 15911 0 1 1 1 1 1 1 1 0 0 1 1 0 0 1
264 15 5168 1 0 0 0 1 0 0 0 1 0 0 0 0 1 0
265 15 9338 1 0 0 1 0 1 1 1 0 1 0 1 0 1 0
266 15 18933 0 1 1 1 1 1 1 1 1 1 1 1 1 1 1
267 15 11595 1 0 0 1 0 0 1 0 1 0 1 0 0 0 1
268 15 6146 1 0 1 0 0 1 0 0 0 0 0 1 1 0 1
269 15 15918 1 0 1 1 1 1 1 1 1 1 0 0 1 0 1
270 15 19454 1 1 1 1 1 1 1 1 1 1 1 1 1 1 0
271 15 15354 1 1 1 1 1 1 1 1 0 1 1 0 1 1 1
272 15 18458 1 0 1 1 1 1 1 1 1 1 1 1 1 1 1
273 15 18824 1 0 1 1 0 1 1 1 1 1 1 1 1 1 1
274 15 5758 0 1 0 0 0 0 0 0 0 0 0 1 1 0 0
275 15 11143 1 1 0 1 1 1 1 0 1 0 0 0 0 1 0
276 15 22233 1 1 1 1 1 1 0 1 1 1 1 1 1 1 1
277 15 15858 1 1 1 1 1 1 1 1 1 1 1 0 1 0 1
278 15 18149 1 0 1 1 1 1 0 1 1 0 1 1 1 0 1
279 15 9986 1 1 0 0 0 0 0 0 1 1 1 1 0 0 1
280 15 22451 1 1 1 1 1 1 1 1 1 1 1 1 0 0 1
281 15 15534 0 1 1 1 1 1 1 1 1 1 1 1 1 1 1
282 15 17136 1 1 0 1 0 1 1 0 1 0 1 1 1 1 0
283 15 14404 1 0 0 1 0 1 1 1 1 0 1 0 0 1 1
284 15 8919 0 1 1 1 1 1 1 1 1 1 0 1 1 0 0
285 15 8336 0 0 0 1 1 0 0 0 0 0 1 0 1 1 0
286 15 19612 1 1 1 0 1 1 1 1 1 1 1 1 1 1 1
287 15 17244 1 1 0 1 1 1 1 1 1 1 0 1 1 0 1
288 15 17499 1 1 1 1 1 1 1 1 0 0 1 1 1 1 1
289 15 16460 1 1 1 1 0 1 1 1 1 0 1 1 1 0 1
290 15 17688 1 1 1 1 0 1 1 1 0 1 1 1 1 1 1
291 15 3542 0 0 0 0 0 0 0 0 0 1 0 0 0 1 0
292 15 14234 1 1 1 1 0 1 1 1 1 0 1 1 0 1 1
293 15 19248 1 1 1 1 1 0 1 0 1 1 1 0 1 1 1
294 15 17331 1 0 1 1 1 1 1 1 1 0 1 1 1 1 0
295 15 25129 1 1 1 1 1 1 1 1 1 1 0 1 1 1 1
296 15 7077 0 0 0 1 0 1 1 0 0 0 0 0 0 0 1
297 15 11848 1 1 0 1 1 0 0 0 1 1 0 1 0 0 1
298 15 15974 1 1 1 1 1 1 1 1 1 1 1 0 1 1 1
299 15 17606 1 1 1 0 1 1 1 1 1 1 1 1 1 1 1
300 15 9575 1 0 1 0 1 0 0 1 0 0 0 0 1 1 0
301 15 5993 0 1 1 1 0 1 1 0 1 0 0 0 0 1 0
302 15 4731 0 1 0 0 0 0 0 0 0 0 0 1 0 0 0
303 15 0 0 0 0 0 0 0 0 0 0 0 0 0 0 0 0
304 15 16311 1 0 1 1 1 1 1 0 1 0 0 0 1 1 1
305 15 18449 1 1 1 1 1 1 0 1 1 1 1 1 1 1 1
306 15 20967 1 1 0 0 1 1 1 1 1 1 1 1 1 1 1
307 15 7185 0 1 1 0 0 0 0 1 1 1 0 0 0 1 1
308 15 19712 1 1 1 1 1 1 1 1 0 1 1 1 1 1 1
309 15 14719 1 0 1 1 1 0 0 0 1 0 1 1 0 1 1
310 15 8118 0 0 0 1 0 0 1 0 1 1 0 1 1 0 1
311 15 19715 1 1 1 1 0 1 0 1 1 1 1 1 1 1 0
312 15 13122 0 1 1 1 1 1 0 0 1 0 0 1 0 1 1
313 15 6712 1 1 0 0 0 0 0 0 0 0 1 1 0 1 1
314 15 15347 1 0 1 1 1 1 1 1 1 1 1 1 0 1 0
315 15 11366 1 1 0 0 0 1 0 1 1 1 0 1 1 0 0
316 15 4121 0 1 0 0 0 0 0 1 0 0 0 0 0 0 0
317 15 13687 0 1 0 0 1 1 1 0 1 1 0 0 0 1 1
318 15 18316 0 1 1 1 1 1 0 1 1 1 1 1 1 0 1
319 15 6807 0 0 0 0 0 0 0 0 1 0 1 1 1 0 1
320 15 9150 1 1 0 1 0 1 1 0 1 0 0 0 1 0 0
321 15 12679 0 0 1 0 1 1 1 1 1 1 0 1 1 1 1
322 15 19213 1 1 0 1 1 1 1 1 1 1 1 1 1 1 1
323 15 12870 1 0 1 0 1 1 0 1 0 1 1 0 0 1 1
324 15 15900 1 1 1 0 0 1 1 0 1 0 1 1 1 1 0
325 15 13695 1 0 0 1 0 0 0 1 1 1 1 0 1 1 0
326 15 17830 1 1 0 1 1 0 1 0 1 1 1 1 0 0 1
327 15 15580 1 1 1 1 1 0 1 1 1 0 0 0 1 0 1
328 15 17675 1 1 0 1 1 1 1 1 1 1 1 1 1 1 1
329 15 14783 1 0 1 1 1 1 1 1 0 1 0 0 0 0 0
330 15 9330 0 0 0 0 0 0 1 1 0 0 0 0 1 1 1
331 15 16496 1 0 0 1 1 0 1 1 1 0 1 1 1 0 1
332 15 10396 1 0 1 1 0 1 1 0 0 0 1 0 1 1 1
333 15 20273 0 1 1 1 1 1 1 1 1 0 1 1 1 1 1
334 15 11676 0 1 1 1 1 0 0 1 0 0 1 0 0 1 0
335 15 20009 0 1 1 1 1 1 1 1 1 1 1 1 1 1 0
336 15 16027 0 1 1 1 1 1 0 0 0 1 1 0 0 1 1
337 15 17635 1 0 0 1 1 1 1 1 0 1 1 1 1 0 1
338 15 16904 1 1 0 1 1 1 1 1 1 0 1 1 1 1 1
339 15 13366 0 1 1 1 1 1 0 1 1 1 0 0 0 0 0
340 15 9603 0 0 0 1 1 1 0 0 0 0 0 1 0 1 0
341 15 4745 1 0 0 1 0 0 0 1 0 0 0 0 1 0 0
342 15 12666 1 1 1 1 1 0 1 0 1 0 1 1 1 1 1
343 15 18281 1 1 1 1 1 0 1 1 1 1 1 1 1 1 1
344 15 18162 0 1 1 1 1 1 0 1 1 1 1 0 1 0 1
345 15 8043 0 0 1 1 0 0 0 1 0 0 0 0 0 1 1
346 15 13636 0 1 1 0 1 1 1 0 1 1 1 1 1 1 1
347 15 16041 0 1 0 1 1 1 1 1 1 0 1 1 1 1 0
348 15 14248 0 1 1 1 1 0 1 1 1 1 1 0 0 1 0
349 15 12013 1 1 0 0 0 1 1 0 1 0 0 0 1 1 1
350 15 20075 0 1 1 1 1 1 1 1 1 1 1 1 1 1 1
351 15 16068 0 0 1 1 1 1 1 0 0 0 1 1 1 1 1
352 15 15236 0 0 1 0 1 0 1 1 1 1 1 0 1 1 1
353 15 15568 1 0 0 1 1 1 0 0 1 1 0 0 1 1 1
354 15 15249 0 1 1 0 1 1 1 1 0 0 0 1 1 1 0
355 15 13282 0 1 1 1 0 1 0 1 0 1 1 0 0 1 1
356 15 18745 1 1 1 1 1 1 0 1 1 1 1 1 0 1 1
357 15 1853 0 0 0 0 0 0 0 0 0 0 0 1 0 0 0
358 15 6116 0 0 0 0 0 1 0 0 0 0 1 0 1 0 0
359 15 18106 1 1 1 1 1 0 1 1 1 1 1 0 0 1 1
360 15 19713 1 1 1 1 1 1 0 1 1 1 1 1 1 1 1
361 15 17122 1 1 1 0 1 1 0 1 1 0 1 1 1 1 1
362 15 16531 0 0 1 1 1 0 1 1 1 1 1 0 1 0 1
363 15 21932 0 0 1 1 1 1 1 1 1 1 1 1 1 1 1
364 15 5147 0 0 0 1 0 0 0 0 1 0 0 1 0 1 0
365 15 20665 1 1 1 1 1 1 1 1 1 0 1 1 1 1 1
366 15 11593 1 1 0 1 0 0 1 0 1 0 1 0 0 0 1
367 15 5070 0 0 0 1 1 0 1 0 0 0 0 1 0 0 0
368 15 12196 1 1 1 0 1 1 1 1 1 1 0 1 0 0 1
369 15 21623 1 1 1 0 1 1 1 0 1 1 1 1 1 1 1
370 15 12988 0 1 0 0 1 0 1 1 1 0 1 0 0 0 1
371 15 5712 0 0 1 0 1 1 1 0 0 0 0 0 0 0 0
372 15 10045 1 1 1 0 1 0 0 1 1 0 1 0 1 0 0
373 15 7545 0 0 0 0 0 1 1 1 0 0 0 1 0 0 0
374 15 14589 0 1 0 0 1 0 1 1 1 0 1 0 0 0 1
375 15 16908 1 1 1 1 1 1 1 1 1 0 1 1 1 1 0
376 15 20454 1 1 1 1 1 1 1 0 1 1 1 1 0 1 1
377 15 7407 0 0 0 0 0 0 1 1 0 0 0 0 1 1 0
378 15 17584 1 0 1 1 1 1 1 1 1 1 0 1 0 1 1
379 15 23457 1 1 1 1 1 1 1 1 0 1 1 1 1 1 1
380 15 12467 1 1 0 0 0 0 1 1 1 1 1 1 0 1 1
381 15 14344 1 1 1 0 0 1 0 0 1 1 0 0 1 1 1
382 15 15454 1 1 1 1 1 0 0 1 0 1 0 1 1 1 1
383 15 16747 0 1 1 1 1 0 1 1 0 1 1 1 1 1 1
384 15 15594 0 1 1 0 1 1 1 1 1 1 1 1 1 1 1
385 15 6265 0 1 0 1 0 0 0 1 0 0 1 0 0 0 1
386 15 11883 1 1 1 1 1 1 0 0 1 0 1 1 0 0 1
387 15 18302 1 1 1 1 1 1 1 1 1 1 1 1 0 1 1
388 15 4437 0 0 0 0 0 0 0 0 0 0 0 0 1 0 1
389 15 14874 0 0 1 1 1 1 0 1 0 0 0 1 1 1 1
390 15 11357 0 1 1 1 0 0 0 1 1 0 1 0 0 1 1
391 15 10116 0 1 0 0 1 0 1 0 0 1 1 0 0 0 0
392 15 18298 1 1 1 1 1 1 1 1 1 1 0 1 1 1 1
393 15 18416 1 1 1 1 1 1 1 1 1 1 1 1 1 0 1
394 15 13171 1 0 1 1 1 0 0 0 1 1 1 0 1 1 0
395 15 12215 1 0 1 0 1 0 1 1 1 0 1 0 1 0 0
396 15 12360 1 1 1 0 0 0 1 1 1 0 0 1 1 1 0
397 15 6327 0 0 1 0 0 0 1 0 0 0 0 1 0 0 1
398 15 5352 0 1 0 0 1 1 0 0 0 0 1 1 0 0 0
399 15 15159 1 1 1 0 0 1 1 1 1 1 1 1 1 1 1
400 15 13281 1 1 0 0 1 1 0 1 1 1 1 0 1 0 1
401 15 17475 1 1 1 0 0 1 1 1 1 1 1 0 1 0 1
402 15 18128 1 1 1 1 1 0 1 1 1 1 1 1 1 1 1
403 15 3941 0 0 0 0 0 0 0 0 1 0 1 0 0 0 0
404 15 4448 0 0 0 0 1 0 0 0 1 0 0 0 1 0 0
405 15 14776 1 1 0 1 0 1 1 1 0 1 1 0 0 1 1
406 15 16573 1 1 1 1 1 1 0 1 1 1 1 1 1 1 0
407 15 14805 1 1 1 1 1 1 1 1 1 0 1 1 0 1 1
408 15 13603 0 0 0 0 0 1 1 1 1 1 1 1 0 0 1
409 15 9887 0 0 0 0 1 0 1 1 1 0 1 1 0 1 0
410 15 22314 1 1 1 1 1 1 1 1 1 1 1 1 0 1 1
411 15 6811 0 0 0 1 1 0 1 0 0 0 0 1 0 1 0
412 15 21921 1 1 1 1 1 1 1 1 0 0 1 1 1 1 1
413 15 22963 1 1 1 1 0 1 1 1 1 1 1 1 1 1 1
414 15 12188 0 0 0 1 0 0 0 1 1 1 0 1 1 1 1
415 15 16696 1 1 0 1 1 1 1 0 1 0 1 0 1 0 1
416 15 20819 0 1 1 1 0 1 1 1 1 1 1 1 1 1 0
417 15 11500 1 1 0 1 0 1 0 1 1 0 0 0 1 0 1
418 15 14531 1 0 1 1 0 1 1 0 0 1 1 0 0 1 1
419 15 9366 0 0 0 1 1 1 0 0 0 0 1 1 0 0 0
420 15 12594 1 1 1 0 1 1 0 0 1 1 0 1 1 1 0
421 15 17584 1 1 1 1 0 1 1 1 1 1 1 1 1 1 1
422 15 11881 0 1 1 0 1 0 0 1 1 1 1 0 0 1 0
423 15 6968 0 1 0 1 0 0 0 1 0 1 0 0 0 0 1
424 15 17520 1 1 1 1 1 1 1 0 1 1 1 1 1 1 1
425 15 10485 1 1 1 0 0 0 1 0 0 1 0 1 1 0 0
426 15 10538 0 1 1 0 0 0 0 0 1 0 1 1 1 1 0
427 15 17983 1 1 1 0 1 1 1 1 1 1 0 1 0 1 0
428 15 7841 0 1 1 0 1 1 0 0 0 1 0 0 0 1 1
429 15 10126 0 0 1 1 0 0 0 0 1 1 1 0 1 0 1
430 15 17476 1 1 1 0 1 1 0 1 0 1 0 1 1 1 0
431 15 18015 0 1 1 1 1 1 1 1 1 1 1 1 1 0 1
432 15 13681 1 1 1 1 1 1 1 1 0 0 0 1 0 0 1
433 15 7212 0 0 0 0 1 0 1 0 0 0 1 0 1 0 0
434 15 17282 0 1 1 1 0 1 1 1 1 0 1 1 1 0 1
435 15 9233 0 0 0 0 1 1 0 1 0 1 1 1 0 1 0
436 15 12937 1 1 0 1 0 1 1 0 1 1 0 1 1 0 0
437 15 17946 1 1 1 1 1 1 1 1 1 1 0 1 1 1 1
438 15 15066 1 1 1 1 1 1 1 0 1 1 1 1 1 1 1
439 15 13080 0 1 1 0 1 1 1 0 1 1 1 1 0 1 1
440 15 11868 0 1 0 1 1 1 0 0 1 0 1 1 0 0 1
441 15 18215 1 1 1 1 0 1 1 1 1 1 1 1 0 1 1
442 15 12610 1 1 1 1 0 1 1 1 0 1 0 0 1 1 0
443 15 17975 1 1 1 1 0 1 1 1 1 1 1 1 1 1 1
444 15 10068 0 0 0 1 1 0 1 1 0 0 1 0 0 0 1
445 15 17344 1 1 1 1 1 1 1 0 1 1 0 1 1 1 1
446 15 5488 0 0 0 0 0 1 0 1 0 0 1 0 1 0 0
447 15 6909 0 0 1 0 0 0 0 0 0 1 1 0 1 0 1
448 15 13769 1 1 1 1 0 0 1 0 1 1 1 0 0 1 1
449 15 4337 1 0 0 0 0 0 0 0 0 0 0 1 0 0 1
450 15 21803 1 1 1 1 1 0 1 1 1 1 1 1 1 1 1
451 15 18274 1 1 1 1 0 1 1 0 1 1 1 1 0 0 1
452 15 10868 1 1 1 0 1 0 1 0 1 0 0 0 1 1 0
453 15 18760 0 0 1 1 0 1 1 0 0 1 1 1 1 1 1
454 15 10129 1 0 0 0 1 0 0 0 1 1 0 0 1 0 0
455 15 10751 1 0 1 0 1 0 1 1 0 0 0 1 1 0 0
456 15 15161 1 0 0 1 0 0 1 0 1 1 1 1 0 1 1
457 15 24334 1 0 0 1 1 1 1 1 1 1 1 1 1 1 1
458 15 11297 0 0 0 0 1 0 1 1 0 1 0 1 1 1 1
459 15 11451 1 1 1 0 1 1 0 1 0 1 0 0 0 1 1
460 15 15067 0 0 0 1 1 1 0 1 0 1 1 1 1 1 1
461 15 9622 0 1 0 1 0 1 0 0 0 0 1 1 0 0 0
462 15 20498 1 1 1 1 1 1 1 1 1 1 1 1 1 1 0
463 15 1802 0 0 0 0 0 0 0 0 0 0 0 1 0 0 0
464 15 19630 0 1 1 1 1 1 1 1 1 1 1 1 1 1 1
465 15 14034 1 0 0 1 1 0 1 1 0 0 1 1 0 1 1
466 15 7576 0 0 0 1 1 0 1 0 1 1 0 1 0 0 1
467 15 1274 0 0 0 0 0 0 0 1 0 0 0 0 0 0 0
468 15 2171 0 0 1 0 0 0 0 0 0 1 0 0 0 0 0
469 15 10706 0 1 1 1 0 0 0 0 0 0 1 0 0 1 0
470 15 11375 1 1 1 1 1 0 1 1 0 1 0 1 0 1 0
471 15 13239 0 0 1 1 1 1 1 1 1 0 1 1 1 1 1
472 15 18428 1 1 1 1 1 1 0 1 1 1 1 1 1 1 1
473 15 9260 0 0 1 1 1 0 0 0 1 0 0 0 1 1 0
474 15 17193 1 1 1 1 1 1 1 1 0 1 1 1 1 1 1
475 15 18150 1 0 1 0 1 1 1 1 1 0 1 0 1 1 1
476 15 15190 0 0 1 1 0 1 1 1 1 1 1 1 1 0 1
477 15 8388 0 0 0 0 0 1 1 0 0 0 0 1 1 1 1
478 15 8805 0 0 1 0 0 1 1 1 1 0 0 0 0 0 1
479 15 14571 1 1 1 0 0 0 1 1 1 0 1 1 0 1 0
480 15 16250 1 1 1 1 1 0 1 0 1 0 1 0 1 1 1
481 15 4869 0 0 0 0 0 0 1 0 0 1 0 1 0 0 0
482 15 10248 1 0 0 1 1 0 0 1 1 0 1 1 1 0 0
483 15 12087 1 0 0 1 1 0 1 0 0 1 1 1 0 0 0
484 15 15328 1 0 1 1 1 1 0 1 1 0 0 1 1 0 1
485 15 15409 1 0 0 1 1 0 1 1 1 0 0 0 1 1 1
486 15 1396 0 0 0 1 0 0 0 0 0 0 0 0 0 0 0
487 15 17882 1 1 0 0 1 1 1 1 1 1 1 0 1 0 0
488 15 12194 1 1 1 1 0 0 1 1 0 1 0 1 0 1 0
489 15 1148 0 0 0 0 0 0 0 1 0 0 0 0 0 0 0
490 15 12249 1 1 1 0 1 1 0 1 1 1 1 0 0 1 1
491 15 14308 1 1 0 1 0 0 1 1 0 1 1 0 1 1 1
492 15 8895 1 1 0 0 0 0 0 0 1 0 1 0 1 0 0
493 15 17644 1 0 1 1 1 1 1 0 1 0 1 0 0 1 1
494 15 8862 0 0 1 0 1 1 0 1 0 1 1 1 1 0 0
495 15 19692 1 1 0 1 1 1 1 1 1 1 1 1 1 1 1
496 15 14010 1 1 0 1 1 1 1 0 0 0 0 0 0 1 1
497 15 18358 1 1 0 1 1 1 1 1 1 1 1 1 1 0 1
498 15 8981 1 0 1 1 0 0 1 1 0 0 0 1 0 1 0
499 15 16543 0 0 1 1 1 0 1 0 1 0 0 1 1 1 1
500 15 23252 1 1 1 1 0 1 1 1 1 1 1 1 1 1 1
