1 25 21791 0 1 0 1 1 1 0 0 1 0 1 1 0 1 1 1 1 0 1 1 0 1 1 0 1
2 25 11985 0 1 0 0 0 0 0 1 1 0 0 0 1 0 0 0 0 0 0 0 0 0 1 0 1
3 25 7978 0 0 0 1 0 0 0 0 0 1 0 1 0 0 0 0 0 0 1 0 1 0 0 0 0
4 25 29751 1 1 1 1 1 1 1 1 1 1 1 1 1 0 0 1 1 0 1 0 1 1 1 1 0
5 25 28265 1 1 1 1 1 1 1 1 1 0 1 0 1 1 1 1 1 0 1 1 1 1 0 0 1
6 25 21918 0 0 0 1 1 0 1 0 1 0 0 1 1 0 0 1 0 0 1 0 1 1 0 1 1
7 25 28325 1 1 1 1 1 1 0 1 1 1 1 1 1 1 0 1 1 1 1 1 1 1 0 1 1
8 25 7616 0 0 0 0 1 0 0 1 0 0 0 0 0 0 0 0 1 0 0 0 0 0 0 1 1
9 25 3140 0 0 1 0 0 0 0 0 0 0 0 0 0 0 1 0 0 0 0 0 0 0 0 0 0
10 25 27494 1 1 0 1 1 1 0 1 1 1 0 1 0 1 1 1 0 1 1 1 1 1 1 1 1
11 25 35830 1 1 1 1 1 1 1 0 1 1 1 1 1 1 1 1 1 1 1 1 1 1 1 1 1
12 25 30636 1 1 1 1 1 1 1 0 1 1 1 1 1 1 1 0 1 1 1 1 1 0 0 1 1
13 25 28592 1 1 1 1 1 1 1 1 1 1 1 0 1 1 1 1 1 1 1 1 1 1 1 1 1
14 25 28339 1 1 0 1 1 1 1 1 1 1 1 0 0 1 1 0 1 0 1 1 1 1 0 1 1
15 25 27910 0 1 1 1 1 1 0 0 1 1 1 1 1 1 1 0 1 1 1 1 0 1 1 1 1
16 25 5635 0 0 0 0 0 0 0 1 0 0 0 0 0 0 0 0 0 1 1 1 0 0 0 0 0
17 25 21038 1 0 1 1 0 1 0 1 0 1 1 0 1 0 1 0 0 0 0 0 1 0 1 1 1
18 25 21620 1 1 0 0 0 0 0 1 0 0 0 1 0 1 0 1 1 1 1 0 1 1 1 1 0
19 25 26843 1 1 0 1 1 1 1 0 0 0 1 0 0 1 1 1 1 1 1 0 0 1 1 0 0
20 25 27839 1 0 1 0 1 1 1 0 1 1 1 1 0 1 1 0 0 1 1 1 1 0 1 1 0
21 25 13374 0 1 0 1 1 1 0 0 1 0 0 0 0 0 0 0 1 0 0 1 0 0 1 0 1
22 25 21751 0 1 1 0 1 0 0 1 1 1 0 1 0 0 1 0 0 1 1 1 0 0 1 1 0
23 25 16107 1 0 0 1 0 0 0 1 0 1 0 1 0 0 0 0 1 0 0 1 0 0 1 0 1
24 25 22772 0 1 1 0 0 1 1 1 0 1 0 1 1 1 1 1 1 0 1 1 1 0 0 0 0
25 25 25924 1 1 0 0 1 1 1 1 1 1 1 1 1 0 1 1 1 1 1 0 1 1 1 0 0
26 25 11591 0 0 1 1 1 0 0 0 0 0 1 0 1 0 0 0 0 1 0 0 1 0 0 0 1
27 25 20546 1 0 1 0 1 1 0 1 1 1 1 0 0 0 1 1 0 1 0 0 0 1 0 1 0
28 25 6451 0 0 0 0 0 0 1 0 0 1 0 0 0 0 0 0 0 0 1 0 0 1 0 0 0
29 25 9625 1 0 1 0 0 1 1 0 0 1 1 0 0 0 0 0 0 0 0 0 1 0 0 0 0
30 25 20939 1 1 0 0 1 1 0 1 1 0 1 1 1 1 1 0 0 0 0 0 1 0 1 1 0
31 25 35069 1 1 1 1 1 1 0 1 1 1 1 1 1 1 1 1 0 1 1 1 1 0 1 1 1
32 25 23378 0 0 1 0 1 1 0 1 0 1 1 0 0 1 1 1 0 1 1 0 1 1 0 1 1
33 25 23041 0 1 1 0 1 0 1 1 1 1 1 1 0 1 0 0 0 0 1 1 0 1 0 1 1
34 25 23832 0 0 0 0 1 1 1 1 1 0 1 0 1 0 1 0 1 1 0 1 1 1 1 0 1
35 25 31220 1 0 1 1 0 0 1 1 1 1 0 1 0 0 1 1 1 1 1 1 1 1 1 1 1
36 25 5812 1 0 0 0 0 0 1 0 0 0 0 0 0 1 0 0 1 1 0 0 0 0 0 0 0
37 25 27549 1 0 1 1 1 1 1 1 1 1 1 1 1 1 1 1 1 1 1 1 0 1 1 1 1
38 25 19114 1 1 0 0 1 0 0 1 1 0 1 0 0 1 0 1 0 0 1 1 0 1 0 1 0
39 25 22313 0 0 0 0 1 0 0 1 1 1 1 1 0 0 1 1 1 1 1 1 1 1 0 0 1
40 25 25231 0 1 1 1 0 1 1 0 1 1 1 0 1 1 0 1 1 1 1 1 1 1 0 1 1
41 25 10473 0 1 0 0 0 1 0 0 0 0 0 0 0 0 0 1 0 1 0 0 0 0 1 1 1
42 25 29910 1 1 1 1 1 1 1 1 0 1 1 1 0 1 0 0 1 0 1 1 1 1 1 0 1
43 25 32675 1 1 1 1 1 1 1 1 1 1 1 1 1 1 1 1 1 1 1 1 1 1 1 1 1
44 25 23710 1 1 0 0 1 0 1 1 1 1 0 0 1 0 0 1 1 1 1 1 0 1 0 0 1
45 25 909 0 0 0 0 0 0 0 1 0 0 0 0 0 0 0 0 0 0 0 0 0 0 0 0 0
46 25 28480 0 1 1 1 1 1 1 1 1 1 1 1 1 1 1 1 1 1 1 1 1 1 1 1 1
47 25 26880 1 0 1 1 1 1 0 1 1 0 1 1 1 0 1 1 1 1 1 0 1 1 0 1 1
48 25 18867 1 1 1 0 0 0 1 1 0 1 0 0 1 1 0 0 0 1 0 0 1 0 1 0 1
49 25 28227 1 1 1 1 1 1 1 1 1 1 0 1 1 1 1 1 1 1 1 1 1 1 1 1 1
50 25 17160 0 1 1 0 0 1 0 0 1 0 0 1 0 1 0 1 1 1 1 1 1 0 0 1 0
51 25 27312 1 1 1 0 1 1 1 1 1 1 1 1 1 1 1 1 1 0 1 1 1 1 1 1 0
52 25 24724 1 0 1 0 1 1 1 0 0 1 1 1 1 0 0 1 0 1 1 1 0 1 1 1 0
53 25 27022 1 1 1 1 1 1 1 1 1 1 1 1 1 1 1 1 1 1 1 1 1 1 1 0 0
54 25 17096 0 1 1 0 0 0 0 1 1 1 0 0 0 1 0 1 0 0 0 1 0 1 0 1 0
55 25 22241 1 1 0 1 0 1 0 0 1 1 0 1 1 0 0 1 1 1 1 1 0 1 0 0 1
56 25 9858 0 0 0 1 0 1 1 0 0 0 0 0 0 0 1 1 0 0 0 1 1 0 0 0 0
57 25 29216 1 1 0 1 1 1 0 1 1 1 1 1 1 1 1 1 1 1 1 1 0 1 1 1 1
58 25 11155 1 1 1 1 0 0 0 0 0 1 0 1 0 0 0 0 0 0 0 0 0 1 0 0 1
59 25 23315 1 1 1 0 1 1 1 0 1 1 0 1 0 0 1 1 0 0 1 0 1 1 0 1 0
60 25 17706 0 1 0 0 1 0 1 1 1 1 0 1 0 0 1 0 0 0 1 0 1 0 0 1 0
61 25 30188 1 1 1 0 1 1 0 1 1 1 1 1 1 1 1 1 1 1 1 1 1 1 1 1 1
62 25 41264 1 1 0 1 1 1 1 1 1 1 1 1 1 1 1 1 1 1 1 1 1 1 1 1 1
63 25 19122 1 1 1 1 1 0 0 1 0 1 1 0 1 0 1 1 0 0 1 1 1 1 1 0 1
64 25 13229 0 0 0 1 0 0 1 0 1 0 1 0 1 1 1 0 0 0 0 0 0 0 1 0 0
65 25 29575 0 1 1 1 1 1 1 1 1 1 1 1 1 1 1 1 1 0 1 1 1 1 1 0 1
66 25 33335 0 1 1 0 1 0 1 1 1 1 1 1 1 1 1 1 1 1 1 0 1 0 1 1 1
67 25 23080 1 0 0 1 1 1 1 1 1 0 0 1 1 1 0 1 1 1 1 1 1 1 1 1 0
68 25 30952 1 1 1 1 1 1 1 1 1 1 0 1 1 1 1 1 1 1 1 1 1 1 1 1 1
69 25 30142 0 1 1 1 1 1 1 1 0 1 0 1 1 1 1 1 0 1 0 1 1 1 0 1 1
70 25 31058 0 0 1 0 1 1 1 0 1 1 1 1 1 1 1 1 1 0 1 1 1 1 1 0 1
71 25 17722 0 0 0 0 1 0 0 1 0 0 0 1 0 1 0 1 1 0 1 1 1 0 0 1 0
72 25 11323 1 1 1 0 0 0 0 0 1 0 0 0 1 0 0 0 1 0 0 0 1 0 1 1 0
73 25 24590 0 0 1 1 1 1 1 1 1 0 1 1 0 0 0 0 0 1 1 1 1 0 0 1 0
74 25 34697 1 1 1 1 1 1 1 1 1 1 1 1 1 1 1 1 0 1 1 1 1 1 1 1 1
75 25 33200 1 1 1 1 1 1 1 0 1 1 1 1 1 1 1 1 0 1 0 1 1 1 1 1 0
76 25 24592 0 1 0 1 1 1 1 1 1 0 0 0 1 1 1 1 1 0 1 0 1 1 0 1 1
77 25 19761 0 0 1 1 1 0 1 0 0 0 0 1 1 1 1 0 0 1 1 1 1 1 0 1 0
78 25 28887 1 1 1 1 1 1 1 0 0 1 0 0 1 0 1 1 0 1 0 0 1 1 1 1 1
79 25 5397 0 1 0 1 0 0 0 0 1 0 0 0 0 0 0 1 0 0 0 0 0 0 0 0 0
80 25 17608 0 0 0 0 0 0 0 0 1 1 1 0 1 0 1 0 1 1 1 1 1 1 0 1 0
81 25 14490 0 0 1 1 0 0 1 0 1 0 0 0 0 1 0 0 0 0 0 0 1 0 1 1 0
82 25 20010 0 0 1 1 0 0 1 1 1 0 0 1 0 0 0 1 0 0 1 1 1 1 0 1 1
83 25 20707 0 1 0 1 0 1 1 1 0 0 0 1 1 0 1 1 1 0 1 0 0 1 1 1 0
84 25 8725 1 0 1 0 1 0 1 0 0 0 1 0 0 1 1 0 0 0 0 0 0 0 0 1 0
85 25 24702 1 1 0 0 1 0 1 0 1 0 1 0 1 1 0 0 1 1 1 1 1 1 0 0 1
86 25 24733 1 1 1 1 1 1 1 1 0 1 1 1 1 1 1 1 1 1 1 1 1 1 1 1 1
87 25 25881 1 1 1 1 0 0 1 1 1 1 1 1 1 1 1 1 0 1 1 0 1 1 1 1 1
88 25 28827 1 0 0 1 1 1 1 1 1 1 1 1 1 1 1 0 1 1 0 0 1 1 1 1 1
89 25 19136 1 1 1 0 0 1 1 0 0 0 1 0 0 0 0 1 0 1 0 1 1 0 1 1 0
90 25 5408 0 1 0 1 0 0 0 0 0 0 0 0 0 0 0 0 0 0 0 1 0 0 0 0 0
91 25 15020 0 0 1 0 1 1 1 1 0 0 0 0 1 0 0 0 1 0 1 0 0 0 1 1 1
92 25 28381 0 1 1 1 1 1 1 1 1 1 1 1 1 1 1 1 1 1 1 0 0 1 0 1 1
93 25 22261 0 1 0 0 0 1 1 0 1 0 0 1 1 1 1 1 1 0 1 0 1 0 0 0 0
94 25 29482 1 1 1 1 1 1 0 1 1 1 1 0 1 1 1 0 1 1 1 0 1 1 1 1 1
95 25 17686 0 1 1 0 1 1 1 0 0 1 0 0 0 0 1 0 0 0 1 0 1 0 0 1 0
96 25 21147 0 0 1 1 1 0 1 0 1 0 1 0 1 0 0 1 0 1 1 0 1 0 1 0 1
97 25 32194 1 1 1 1 1 1 1 1 0 1 1 1 1 1 1 1 1 1 1 1 1 1 1 1 1
98 25 15321 0 1 0 1 0 0 0 0 0 1 0 0 1 1 1 1 0 0 1 1 1 0 1 0 0
99 25 20396 1 1 1 1 0 0 0 1 1 0 1 0 1 0 1 0 0 0 0 1 1 1 0 0 0
100 25 32048 1 1 0 1 1 1 1 1 1 1 0 1 1 1 1 1 1 1 1 1 1 1 0 0 1
101 25 18916 0 1 0 1 0 1 1 0 0 1 1 1 1 1 1 1 1 1 1 1 1 1 1 1 0
102 25 8613 0 1 0 0 0 0 0 0 1 0 0 0 1 0 0 0 0 0 0 0 0 1 0 0 0
103 25 24468 1 1 0 0 1 1 0 1 0 1 0 0 1 1 1 1 0 1 0 1 1 1 0 0 0
104 25 29041 1 1 1 1 1 1 1 1 1 1 1 1 1 0 0 1 1 1 1 1 1 1 1 1 1
105 25 28182 1 1 1 1 1 1 1 0 0 1 1 1 0 1 1 1 1 1 1 1 1 1 1 1 1
106 25 23149 0 1 0 1 1 1 0 1 1 1 0 1 1 1 0 1 1 1 1 0 1 0 0 1 0
107 25 29010 1 1 0 1 1 1 0 1 1 0 1 1 1 1 0 0 1 0 1 1 0 1 1 1 1
108 25 21296 0 1 0 0 1 1 1 0 0 1 1 0 1 0 1 0 0 1 1 1 1 1 0 0 1
109 25 9960 0 0 0 1 1 0 0 0 1 0 0 0 0 0 0 1 0 0 0 0 1 1 0 1 0
110 25 18285 0 0 0 1 0 1 0 0 1 1 1 1 1 0 0 0 0 1 0 0 1 1 0 0 0
111 25 31536 1 1 1 1 1 1 1 1 1 1 0 1 1 1 1 1 1 1 1 1 1 1 1 1 1
112 25 16454 1 1 0 0 1 0 1 1 1 0 0 0 1 0 1 0 1 0 1 0 0 0 1 0 1
113 25 22095 0 1 1 1 1 0 1 1 0 1 1 1 1 1 0 1 1 1 1 1 1 1 1 1 0
114 25 22149 1 0 0 1 1 0 0 1 0 0 0 1 0 0 1 1 0 1 1 1 0 1 1 0 1
115 25 4827 0 0 0 0 1 0 0 0 0 1 0 0 0 0 0 0 0 0 0 0 0 1 0 0 0
116 25 23029 0 1 1 1 1 0 0 1 0 1 0 1 1 1 0 0 1 1 1 1 1 0 1 1 1
117 25 27476 1 1 1 1 1 1 0 1 1 1 1 1 1 0 0 1 1 1 1 1 1 1 0 1 0
118 25 15383 0 0 0 1 0 0 0 0 1 0 1 1 0 1 0 0 1 1 1 1 0 1 0 0 0
119 25 27821 1 1 1 1 1 1 1 1 1 1 1 1 1 1 1 1 1 1 1 1 1 1 0 1 1
120 25 29106 1 0 1 1 1 1 1 1 1 1 1 1 1 1 1 1 0 0 1 1 1 1 1 0 1
121 25 28303 1 1 1 1 1 1 1 1 1 1 1 0 0 1 1 1 1 0 1 1 1 1 1 1 0
122 25 24422 1 0 1 1 1 1 1 1 1 1 0 1 1 1 0 0 1 0 0 0 0 1 0 0 1
123 25 9453 0 0 0 0 0 1 0 1 0 0 0 1 0 0 1 0 0 1 0 0 0 1 0 0 1
124 25 30269 1 1 1 1 1 1 0 1 1 1 1 1 0 1 1 1 1 1 1 1 0 1 1 1 1
125 25 24315 1 1 1 1 0 1 1 0 0 0 1 0 0 0 1 1 1 1 0 1 1 1 1 1 1
126 25 32295 1 1 1 1 1 1 0 1 0 1 1 1 1 1 1 1 1 1 1 1 1 1 1 1 1
127 25 17880 1 1 1 0 0 0 1 1 0 1 0 1 1 1 1 1 1 1 0 0 1 0 1 0 0
128 25 27272 1 1 0 0 0 1 1 1 1 1 1 1 0 0 0 0 1 1 1 0 1 1 1 1 1
129 25 23171 1 0 0 0 0 0 1 0 0 0 1 1 1 1 1 1 1 1 1 0 1 0 1 0 1
130 25 18582 0 1 0 1 0 1 1 0 0 0 0 1 1 0 0 1 0 1 0 1 1 0 0 1 0
131 25 37510 1 1 1 1 1 1 1 1 1 1 1 0 0 1 1 0 1 1 1 1 0 0 1 1 1
132 25 23870 1 1 1 0 1 1 1 0 1 0 1 0 1 1 1 1 1 1 0 1 1 1 0 1 1
133 25 18651 0 0 0 1 1 1 1 0 1 0 0 0 0 1 1 1 0 1 1 0 1 1 0 1 0
134 25 27849 1 0 0 1 1 1 0 1 0 1 1 1 1 1 1 0 1 1 0 1 1 1 0 1 0
135 25 34936 1 1 1 1 1 1 1 1 1 1 1 1 1 1 1 1 1 1 0 1 1 1 1 1 1
136 25 28091 1 1 1 1 1 1 1 1 1 1 1 1 1 1 1 0 1 0 1 1 1 0 1 1 1
137 25 26545 1 0 0 0 1 1 1 0 1 1 0 1 1 1 0 1 1 0 1 0 1 1 1 0 0
138 25 6272 0 0 0 0 0 1 0 0 0 0 1 0 0 1 1 0 1 0 0 0 0 0 0 0 0
139 25 27859 1 1 1 1 1 1 1 1 1 1 1 1 1 1 1 1 1 1 1 1 0 0 1 1 1
140 25 26517 1 1 1 0 1 1 1 0 0 0 1 0 1 1 1 0 0 1 1 0 1 1 1 1 1
141 25 27962 1 1 1 1 0 0 1 1 1 1 1 1 1 0 1 0 1 0 1 1 0 1 1 1 1
142 25 856 0 0 1 0 0 0 0 1 0 0 0 0 0 0 0 0 0 0 0 0 0 0 0 0 0
143 25 21059 0 1 0 0 1 0 1 1 1 0 1 0 1 0 1 1 1 1 1 1 1 1 0 0 0
144 25 19045 0 1 1 0 1 0 0 1 1 1 1 0 1 1 1 0 1 0 0 1 1 1 0 1 1
145 25 25484 1 1 1 0 1 0 1 1 1 1 1 1 1 1 1 1 1 1 1 1 0 0 0 1 1
146 25 15477 0 0 0 0 0 0 0 1 1 0 1 0 1 0 1 1 1 0 0 0 1 0 1 0 1
147 25 22113 0 1 0 0 1 1 0 0 1 1 0 1 1 1 1 1 1 0 1 1 1 1 0 0 0
148 25 27624 1 1 1 1 1 1 1 1 0 1 1 1 0 1 1 1 1 1 1 1 1 1 1 0 1
149 25 21446 1 1 1 1 1 1 1 1 1 1 1 1 1 1 1 1 1 1 1 1 1 1 1 0 1
150 25 29812 0 0 1 1 1 1 1 1 1 1 1 0 1 0 0 0 1 0 0 1 1 1 0 1 1
151 25 33003 1 1 1 1 1 1 1 1 1 1 1 1 1 1 1 0 0 1 1 1 1 1 1 1 0
152 25 32197 1 1 1 1 1 1 0 1 1 1 1 1 1 1 1 0 0 1 1 1 0 1 1 1 0
153 25 3424 0 0 0 0 1 0 0 0 1 0 0 0 0 0 0 1 0 0 0 0 0 0 0 0 0
154 25 28988 0 1 0 1 1 1 1 0 1 1 1 1 1 0 1 1 1 1 1 1 1 1 1 1 1
155 25 26489 0 1 1 1 1 0 1 0 1 0 1 0 1 1 1 0 1 1 0 1 0 1 1 0 1
156 25 15507 1 0 0 1 1 0 0 1 1 0 0 1 1 1 0 1 0 0 0 1 0 0 0 0 0
157 25 25957 1 0 1 1 1 1 1 1 1 1 1 1 1 1 0 0 0 0 1 1 1 1 1 0 1
158 25 17589 1 0 0 1 0 1 0 1 0 1 1 1 1 0 0 1 1 1 1 0 0 1 1 1 0
159 25 30994 0 1 1 1 1 1 1 1 1 1 1 1 1 1 0 1 0 1 1 1 1 1 1 1 0
160 25 30865 1 1 0 0 1 1 1 1 0 1 1 1 0 0 1 1 1 1 1 1 1 0 1 1 0
161 25 16520 1 1 1 1 0 1 1 0 1 1 0 0 0 0 0 0 0 1 1 1 0 1 0 0 0
162 25 21691 1 1 0 0 1 1 1 0 1 1 0 0 1 1 0 1 0 0 0 1 1 0 1 0 1
163 25 31315 1 1 1 1 0 0 1 1 1 0 1 1 1 1 1 1 1 0 0 1 1 1 1 1 1
164 25 6419 0 0 0 0 0 0 0 1 0 1 0 1 0 0 0 0 0 0 0 0 0 1 0 0 0
165 25 21927 1 1 1 1 0 1 1 0 1 0 1 0 0 1 0 0 0 0 0 1 1 1 0 1 1
166 25 9232 1 0 1 0 0 0 0 0 0 0 1 0 0 1 0 0 0 1 0 0 0 0 0 0 1
167 25 17580 1 1 0 1 0 0 1 0 1 0 0 0 0 0 1 1 0 1 1 0 1 0 1 1 0
168 25 19952 1 1 1 1 0 1 1 1 0 0 0 0 1 1 0 1 1 0 1 0 0 0 1 0 1
169 25 8972 0 0 0 1 1 0 1 0 0 0 1 0 0 0 0 0 1 1 0 1 0 0 0 1 0
170 25 31886 0 1 1 1 1 1 1 1 1 0 0 0 1 1 1 1 1 1 1 1 1 1 0 1 0
171 25 21971 1 0 1 1 0 0 1 1 1 1 1 1 1 1 1 0 0 1 0 0 0 0 1 0 1
172 25 22290 1 1 0 1 0 1 1 1 1 0 0 0 1 1 1 0 0 1 0 0 1 0 1 1 0
173 25 29420 1 1 1 1 0 1 1 1 1 1 1 1 1 1 1 1 1 1 1 1 1 0 1 1 1
174 25 30145 1 1 1 1 1 0 1 1 1 0 1 1 1 0 1 1 1 1 1 1 1 1 1 1 1
175 25 27262 1 1 1 1 1 1 0 1 1 1 1 0 1 0 0 1 0 1 0 1 1 1 0 0 1
176 25 27479 1 0 1 1 1 1 1 0 1 1 1 1 0 1 1 1 1 1 1 1 1 0 1 1 1
177 25 31290 1 1 1 1 1 1 1 1 1 1 1 1 1 1 1 1 1 1 0 1 1 1 1 1 1
178 25 24267 1 0 1 1 0 1 0 1 1 0 1 0 1 0 1 1 1 1 1 1 1 1 1 1 0
179 25 1895 0 0 0 0 0 0 0 0 0 0 0 0 0 0 0 0 0 0 0 0 0 0 0 0 1
180 25 25444 1 0 1 1 1 1 0 1 0 0 0 1 1 1 1 1 1 1 0 1 1 0 1 0 0
181 25 3837 0 1 0 0 0 0 1 0 0 1 0 0 0 0 0 0 0 0 0 0 0 0 0 0 0
182 25 26794 1 1 0 1 1 1 1 1 1 0 1 1 0 1 1 1 1 1 1 1 0 1 1 1 1
183 25 20247 0 1 1 1 1 1 0 1 1 1 1 1 1 0 0 0 0 1 0 0 1 0 1 0 1
184 25 22016 1 0 1 0 1 0 1 0 0 0 1 0 1 1 1 0 0 1 1 0 0 0 1 1 1
185 25 8118 0 0 0 1 1 0 0 0 0 0 0 0 0 0 0 1 0 0 0 0 0 0 0 0 1
186 25 35066 1 1 1 1 1 1 1 1 1 1 1 1 0 0 1 1 1 1 1 1 1 1 1 1 1
187 25 15284 0 1 1 0 0 0 0 1 1 1 0 0 1 1 1 0 1 0 1 0 1 0 0 0 1
188 25 28918 1 1 1 1 1 0 1 1 0 1 0 1 0 1 1 1 1 1 1 1 0 0 1 0 1
189 25 25605 1 0 1 0 0 0 1 0 1 0 1 0 1 1 1 0 1 0 1 1 1 1 1 1 1
190 25 30668 1 1 1 1 1 1 1 0 0 0 0 0 1 0 1 1 1 1 1 1 1 1 1 1 1
191 25 27092 0 1 1 0 0 1 1 1 1 0 1 1 0 1 0 0 1 0 1 1 1 1 1 1 0
192 25 23961 1 0 0 0 1 0 1 0 0 1 1 0 0 1 1 0 0 0 1 1 0 1 1 1 1
193 25 22556 1 0 0 1 0 0 1 1 1 0 1 1 0 0 0 1 1 0 1 0 1 1 0 1 0
194 25 32533 1 1 1 1 1 0 1 1 1 1 1 1 1 1 1 1 1 1 0 0 1 1 1 1 1
195 25 15820 0 1 0 1 1 0 1 0 0 0 1 1 1 0 0 1 0 1 1 0 1 1 0 0 0
196 25 18473 1 0 0 1 1 0 0 0 0 1 1 1 1 1 1 0 1 1 0 0 1 1 0 1 0
197 25 32282 1 1 1 1 0 1 1 1 1 1 0 1 1 1 0 1 1 1 1 0 1 1 1 1 1
198 25 29117 1 1 1 1 1 1 0 1 0 0 1 0 0 1 1 1 0 1 1 0 1 0 1 1 1
199 25 17114 0 1 0 0 0 1 0 0 1 0 0 1 1 0 0 0 1 0 0 1 1 1 1 1 1
200 25 18896 0 1 1 0 1 1 0 1 1 0 0 0 0 0 0 0 1 0 0 1 1 0 1 1 1
201 25 29086 1 1 1 1 1 1 1 1 1 1 1 0 0 0 1 1 1 1 1 1 1 1 1 1 1
202 25 25731 0 1 1 1 1 1 1 1 1 0 1 1 0 0 1 0 1 1 1 1 1 1 1 1 1
203 25 20367 1 1 1 1 0 0 1 1 0 1 0 1 0 0 0 1 1 1 1 0 1 0 1 0 0
204 25 28265 1 1 0 1 1 0 0 1 1 1 0 1 0 0 1 1 1 1 1 1 1 1 0 1 0
205 25 21277 0 0 1 1 0 0 1 0 0 1 0 1 1 1 0 1 1 0 1 0 1 1 0 1 1
206 25 20247 1 1 0 1 0 0 0 0 1 1 1 0 1 0 0 0 0 1 1 0 0 1 1 1 0
207 25 22741 1 1 1 1 0 0 1 1 1 0 1 1 1 1 1 1 1 1 1 0 1 1 1 1 1
208 25 21240 1 1 1 1 1 1 0 1 1 1 1 0 0 1 0 1 0 0 1 1 1 1 1 1 1
209 25 33132 1 1 0 1 1 1 1 1 0 1 0 1 1 1 1 1 1 0 1 1 1 1 0 1 1
210 25 18308 0 1 0 0 0 1 0 1 1 0 0 1 0 1 1 1 0 0 0 1 1 0 0 1 1
211 25 31011 1 1 0 1 1 1 1 1 1 1 1 1 1 1 1 1 1 1 1 1 1 1 1 1 1
212 25 18377 1 1 1 0 1 1 1 0 0 0 0 0 0 0 1 1 1 1 1 0 0 0 0 1 1
213 25 4673 0 0 1 0 1 1 0 0 0 0 0 0 0 0 0 0 0 0 0 0 0 0 0 1 0
214 25 35222 1 1 1 1 1 1 1 1 1 0 1 1 1 1 1 1 1 1 1 1 1 1 1 1 1
215 25 18727 1 0 1 1 1 0 0 1 1 0 0 0 1 1 0 1 0 1 0 1 0 0 0 0 1
216 25 17164 1 1 0 0 0 1 0 1 0 1 0 0 1 1 1 0 1 1 0 0 1 0 0 0 1
217 25 3701 0 0 1 0 0 0 0 0 0 0 0 0 0 0 0 0 0 0 0 0 0 1 0 0 0
218 25 21243 1 0 0 0 0 1 1 0 1 1 1 0 1 1 1 1 0 0 0 1 0 1 0 0 1
219 25 9672 1 0 0 0 0 0 0 0 0 0 0 1 1 1 1 0 1 0 0 1 0 0 0 0 0
220 25 26456 0 1 1 1 1 1 0 1 1 0 1 0 0 1 1 1 0 1 1 1 0 1 0 1 0
221 25 27162 0 0 0 1 1 1 1 1 0 1 1 1 1 1 1 1 0 1 0 0 1 1 1 1 0
222 25 23258 0 1 1 1 1 1 1 0 0 0 1 0 1 1 0 1 1 0 1 0 0 1 1 1 0
223 25 31441 1 1 0 1 1 1 1 1 1 1 1 1 1 1 0 1 1 1 1 1 1 1 0 1 1
224 25 16181 1 0 1 1 1 0 0 1 1 1 1 1 0 0 0 0 0 1 0 0 1 1 0 0 0
225 25 14294 1 0 0 0 0 1 1 0 0 0 1 1 0 0 0 0 1 1 0 1 0 0 0 0 1
226 25 12952 1 1 0 1 0 1 1 0 0 0 1 0 0 1 0 0 0 1 0 0 1 1 0 1 0
227 25 28718 1 1 1 1 1 1 1 1 1 1 1 1 1 1 1 1 1 1 1 1 1 1 0 1 1
228 25 12342 0 1 0 1 0 0 0 1 0 1 0 1 0 0 1 0 0 0 1 0 1 0 0 1 0
229 25 29617 0 0 0 1 0 1 1 0 1 1 1 1 1 1 1 1 1 1 1 1 1 1 0 1 0
230 25 24404 1 0 1 1 1 0 1 1 1 1 1 1 1 1 0 1 0 1 0 0 0 1 1 1 0
231 25 24634 0 0 0 0 1 1 1 1 0 0 1 1 1 1 1 1 1 1 0 1 0 0 1 0 0
232 25 14881 0 0 0 0 1 0 1 1 0 1 1 1 1 0 0 0 1 0 1 1 0 0 1 0 1
233 25 26155 1 0 1 1 1 0 1 1 0 1 0 0 0 0 1 0 0 1 0 1 1 1 1 1 1
234 25 27255 1 0 1 1 1 1 1 1 0 1 0 1 0 1 1 1 1 1 1 1 1 1 1 1 0
235 25 25502 1 1 1 1 1 1 1 1 0 1 0 0 1 1 1 1 1 1 1 1 1 1 1 1 1
236 25 29498 1 1 1 1 1 1 1 1 1 1 1 1 0 1 0 1 1 0 1 0 1 1 1 1 0
237 25 25158 1 1 0 0 0 0 0 1 1 1 1 1 1 1 0 1 1 1 1 0 0 1 1 1 0
238 25 23240 1 1 1 0 1 1 1 0 1 0 1 0 1 0 1 1 0 0 0 1 1 0 0 0 1
239 25 28578 1 1 1 1 1 1 1 1 1 1 0 1 1 1 1 1 1 1 1 1 0 1 0 1 0
240 25 28358 1 1 1 1 1 1 1 1 0 0 1 0 1 1 0 1 1 0 1 0 0 1 1 1 1
241 25 25261 0 1 1 1 1 1 1 1 1 1 1 1 1 1 1 1 1 1 1 0 1 1 1 1 1
242 25 17372 1 1 0 1 1 1 1 0 0 1 0 0 1 0 1 0 1 0 1 1 0 0 0 0 1
243 25 11981 0 0 0 0 0 1 1 0 0 0 1 0 0 0 0 1 1 1 0 0 1 0 1 1 0
244 25 22696 1 0 1 0 0 0 1 1 1 1 0 0 0 0 0 1 1 1 1 0 1 0 1 1 0
245 25 21278 1 1 1 0 0 0 1 1 0 0 0 1 1 0 0 1 0 1 1 1 0 1 0 0 1
246 25 29573 0 1 1 1 1 1 1 1 0 0 0 0 1 0 1 0 1 1 1 1 1 1 1 1 1
247 25 14325 0 0 1 0 1 0 0 0 1 1 0 1 1 0 0 0 0 1 1 1 0 0 1 1 0
248 25 23935 1 0 0 0 1 1 1 0 0 1 0 0 0 0 1 1 1 1 1 1 1 1 0 0 1
249 25 27088 1 1 1 1 1 1 1 1 1 1 1 1 1 1 1 1 1 1 1 1 1 0 0 1 1
250 25 28985 0 0 0 1 1 0 1 1 1 0 1 1 1 1 1 1 0 1 1 0 1 1 1 1 1
251 25 29706 1 1 1 0 1 1 1 0 0 0 1 1 1 1 1 0 1 1 1 1 0 1 1 1 1
252 25 27548 1 1 1 0 1 1 0 1 1 1 1 0 1 1 1 1 1 1 1 0 0 0 1 1 1
253 25 13725 0 1 0 1 0 1 1 1 0 0 0 1 0 1 0 0 0 0 0 0 0 1 1 1 0
254 25 26452 1 0 1 1 0 1 1 1 0 1 0 1 1 0 1 1 1 1 1 0 0 1 1 0 0
255 25 23443 0 1 0 1 0 1 1 1 0 0 0 1 1 1 0 0 1 0 1 1 0 1 1 1 1
256 25 14506 1 1 0 0 0 1 0 0 0 0 0 0 1 0 1 1 0 1 1 1 0 0 1 0 1
257 25 28949 0 1 1 1 0 1 1 0 1 1 1 1 0 1 1 1 1 1 1 1 1 1 1 1 1
258 25 17488 1 0 0 1 0 1 1 1 0 1 0 0 0 1 0 0 0 1 0 0 1 0 1 1 0
259 25 7493 0 0 0 0 0 1 0 0 0 0 0 0 0 1 0 1 1 0 0 0 0 0 1 0 0
260 25 16315 0 1 0 0 0 1 0 0 1 1 0 1 0 1 0 0 1 0 0 1 1 0 0 1 0
261 25 25733 1 1 0 1 1 1 1 1 1 0 0 1 1 1 1 1 1 1 1 1 1 0 1 1 1
262 25 13658 0 0 0 1 0 1 1 1 0 0 1 0 0 1 0 0 0 0 0 0 0 1 1 0 1
263 25 15106 1 0 0 0 1 1 0 0 1 1 1 0 0 0 0 0 1 0 0 1 0 1 0 1 0
264 25 31707 1 0 0 1 1 1 1 1 1 0 1 1 1 1 0 1 1 1 1 1 1 1 1 1 1
265 25 16187 1 0 1 0 1 1 1 0 0 0 0 0 0 0 0 1 1 1 0 0 1 0 1 0 1
266 25 22016 1 0 0 1 1 0 1 1 1 1 1 1 0 0 0 1 1 1 0 0 0 0 0 0 0
267 25 24596 1 0 1 0 1 1 0 0 1 0 1 1 1 1 1 1 1 1 0 1 1 1 1 0 1
268 25 25131 1 1 0 0 0 0 1 1 0 0 1 1 1 1 1 1 0 0 1 1 0 0 1 1 1
269 25 33523 1 1 1 1 1 1 1 1 1 1 1 1 1 1 1 1 1 1 1 1 1 0 1 1 1
270 25 34099 1 1 1 1 1 0 1 1 1 1 1 1 1 1 1 1 1 1 1 1 1 1 0 1 1
271 25 27500 1 1 1 0 0 0 0 0 1 0 1 1 1 1 1 1 1 0 1 1 1 1 0 1 1
272 25 25967 0 1 1 1 1 1 0 1 1 1 1 1 0 1 1 1 1 1 1 1 1 1 1 1 1
273 25 33287 1 1 1 1 1 1 0 1 1 0 1 1 0 1 1 1 1 1 1 1 1 1 1 1 1
274 25 16713 0 0 1 0 1 0 1 1 0 1 1 1 0 0 1 0 0 0 0 0 1 1 0 0 0
275 25 23967 0 0 1 1 0 1 1 0 1 1 1 0 1 0 1 0 1 1 1 0 0 1 1 0 1
276 25 27868 1 1 1 0 0 1 0 0 1 1 0 1 1 1 0 1 0 1 1 1 0 1 1 0 1
277 25 26899 1 1 1 1 1 1 1 1 1 1 1 1 1 1 1 1 1 1 0 1 1 1 1 1 1
278 25 21041 1 0 1 1 0 0 1 1 1 0 0 0 1 0 1 0 1 0 1 1 0 0 0 0 1
279 25 17486 1 1 0 1 0 1 0 0 1 1 1 1 1 1 1 1 0 1 0 0 0 0 0 1 1
280 25 25483 0 0 0 1 1 1 0 1 1 1 1 1 1 1 1 1 0 1 0 1 0 0 1 1 1
281 25 12244 1 1 0 0 0 1 0 1 0 0 1 0 0 0 0 0 0 0 0 0 1 0 0 0 0
282 25 16450 1 0 0 1 0 0 0 0 0 1 0 0 0 0 1 0 0 1 1 1 0 0 1 1 1
283 25 16635 1 0 0 0 1 1 0 0 0 0 0 1 1 0 0 1 0 0 1 1 0 1 0 1 1
284 25 30291 1 1 1 1 0 1 1 1 1 1 1 1 1 0 1 1 1 1 1 1 1 0 1 1 1
285 25 16892 0 0 1 1 0 0 1 0 1 1 1 0 0 1 1 1 0 0 0 0 0 0 1 0 0
286 25 26670 1 1 1 1 0 1 1 0 1 1 1 1 0 1 1 1 1 1 1 1 0 1 1 0 1
287 25 28558 1 0 1 1 1 1 1 1 1 1 0 0 1 1 1 1 1 1 1 1 1 1 1 1 1
288 25 31375 1 1 1 1 1 1 1 1 1 1 1 1 1 1 1 0 1 1 1 1 1 0 0 0 1
289 25 30076 1 0 1 1 0 1 0 1 1 1 1 0 0 1 0 1 1 1 1 1 1 0 1 1 1
290 25 28556 1 1 1 1 1 1 1 0 0 1 1 1 1 0 1 1 1 1 0 1 1 0 0 0 1
291 25 13068 0 1 1 0 1 0 0 0 0 1 0 1 0 0 0 0 1 0 0 0 1 0 1 0 1
292 25 20821 0 1 1 0 1 1 1 1 1 0 1 0 0 0 1 0 1 0 0 1 0 0 1 0 0
293 25 4335 0 0 0 0 0 1 0 0 0 0 0 0 0 0 1 0 0 0 0 0 0 0 0 0 0
294 25 30378 1 1 1 0 1 1 1 1 1 0 0 1 1 0 1 1 0 1 1 1 1 0 1 1 0
295 25 20300 0 0 0 1 0 1 0 0 1 1 0 1 1 1 1 0 0 1 1 1 0 0 1 1 1
296 25 19645 1 0 1 1 1 0 0 0 1 1 1 0 0 1 0 0 1 0 0 0 0 0 1 1 1
297 25 23868 1 1 1 0 1 1 1 0 1 1 1 0 1 1 1 1 0 0 1 0 1 1 1 1 1
298 25 17187 1 1 1 0 0 0 1 1 0 0 0 1 0 0 0 0 1 0 0 0 1 1 0 1 0
299 25 15358 1 0 0 1 0 1 1 0 1 1 1 0 0 1 0 1 0 1 1 0 0 1 0 0 0
300 25 24983 1 1 1 1 1 0 1 0 1 1 1 1 1 1 1 0 1 1 0 1 0 1 1 1 1
301 25 7858 0 0 0 0 0 1 0 0 0 0 0 1 0 0 0 0 0 0 1 0 0 1 0 0 0
302 25 14688 0 1 0 1 0 0 0 0 0 0 0 1 0 0 0 1 0 1 1 0 1 1 0 0 1
303 25 30717 0 1 0 1 1 0 1 1 0 0 1 1 1 0 1 1 1 1 0 1 1 1 1 1 1
304 25 13026 0 1 0 0 0 0 0 0 0 0 0 0 0 0 1 1 0 0 1 0 1 0 1 0 0
305 25 25471 1 1 0 1 1 1 1 1 1 1 1 1 1 1 0 1 0 1 1 1 1 1 1 1 1
306 25 18772 0 0 1 1 0 0 0 0 0 0 1 1 1 1 1 0 1 0 1 1 1 0 0 0 1
307 25 30030 0 1 0 1 1 1 1 1 1 1 1 1 1 1 1 1 1 1 1 1 1 1 1 1 1
308 25 23966 1 1 0 0 1 1 1 0 1 1 1 1 0 0 1 1 1 1 1 1 1 1 1 1 0
309 25 30792 1 1 1 0 1 1 1 1 1 0 1 1 1 1 1 1 1 1 1 1 1 1 1 1 0
310 25 28124 1 1 1 1 1 1 0 1 1 1 0 1 1 1 1 1 1 0 1 1 1 1 0 0 1
311 25 10061 0 0 0 0 0 0 1 0 0 0 0 0 1 1 1 0 0 0 0 0 1 0 0 0 1
312 25 21657 1 0 1 0 1 1 1 0 1 1 0 0 1 0 1 0 1 0 1 0 0 1 1 0 0
313 25 18762 0 1 0 0 0 0 1 1 1 0 0 0 0 0 1 1 1 1 1 1 1 1 0 0 0
314 25 32730 1 1 1 1 1 0 1 0 1 0 1 1 1 0 1 1 1 1 1 1 1 0 1 1 0
315 25 23192 1 1 1 1 1 0 0 1 1 0 1 1 1 1 1 0 1 1 0 0 0 1 1 1 1
316 25 27143 1 1 0 1 0 0 1 0 1 0 1 1 1 1 1 1 0 1 1 1 0 1 0 0 0
317 25 15253 0 0 1 0 0 0 1 0 0 1 0 0 1 0 0 0 0 1 0 1 0 1 1 0 1
318 25 28195 0 1 1 0 1 0 1 0 1 0 1 1 1 1 1 1 1 0 1 1 0 0 1 0 1
319 25 31209 0 1 1 1 1 1 1 0 1 1 1 1 1 1 1 1 1 1 1 1 1 1 1 1 1
320 25 24292 1 1 1 0 0 0 0 1 0 1 1 0 0 1 1 1 1 1 1 1 0 1 1 0 1
321 25 15007 1 1 0 1 1 0 0 1 0 0 0 1 0 0 0 1 1 0 1 0 0 0 1 0 1
322 25 21018 1 0 1 1 1 1 1 1 1 1 0 1 1 0 0 0 1 0 0 1 1 1 1 0 0
323 25 29960 1 0 1 1 1 1 1 1 1 1 1 1 1 1 1 1 1 1 0 1 1 1 1 1 0
324 25 24254 1 1 1 0 1 1 1 1 1 1 0 0 1 0 1 1 1 0 1 1 1 1 0 1 1
325 25 9971 1 0 0 0 0 0 1 0 0 0 1 0 0 0 0 0 1 0 0 1 0 0 0 0 1
326 25 24402 1 1 0 1 1 1 1 0 0 1 1 0 0 1 1 0 1 1 1 1 1 1 1 1 1
327 25 24930 1 1 1 1 1 0 0 1 1 0 0 1 1 0 1 1 1 0 1 1 1 0 1 0 0
328 25 15532 1 1 0 1 1 0 1 1 0 0 0 1 1 0 0 0 1 0 0 0 1 0 0 0 0
329 25 26117 1 0 1 0 0 1 1 1 0 1 1 1 1 0 0 1 1 1 1 0 1 1 1 0 1
330 25 21923 0 1 1 1 0 1 0 1 1 0 1 1 1 1 0 1 1 1 0 1 1 1 0 0 0
331 25 33266 0 1 0 1 1 1 1 1 1 1 1 1 1 1 0 1 1 1 0 1 1 1 0 1 0
332 25 35082 1 1 1 0 1 1 1 1 1 1 1 1 1 0 1 1 1 1 1 1 1 1 1 1 1
333 25 11550 0 0 1 0 0 0 0 1 0 0 0 0 0 1 0 0 0 1 1 0 1 0 0 0 0
334 25 28675 1 1 1 1 0 1 1 1 1 1 0 1 1 1 1 1 1 1 1 1 1 0 1 1 0
335 25 12847 0 0 1 0 1 1 0 0 0 0 0 1 1 0 1 0 1 0 0 0 1 0 0 1 0
336 25 20936 1 1 1 0 0 1 1 1 1 1 1 0 1 1 0 0 0 0 0 1 0 1 1 0 1
337 25 21839 1 0 1 0 1 0 1 0 1 1 1 1 0 0 0 1 0 1 0 1 0 1 0 0 0
338 25 20493 0 0 1 1 0 1 1 1 0 1 1 1 1 1 0 1 0 0 0 1 0 0 0 1 1
339 25 21465 1 1 0 1 1 1 1 0 1 0 1 1 1 1 1 1 1 0 1 1 0 1 0 1 0
340 25 15165 1 1 0 0 0 1 0 1 0 0 1 0 0 0 0 0 0 0 0 1 1 0 0 1 1
341 25 7470 0 0 0 0 0 0 1 0 0 0 0 0 0 1 0 1 0 1 0 0 0 0 0 0 0
342 25 26198 0 1 0 1 1 1 1 0 1 0 1 1 1 1 1 1 1 1 1 1 0 1 0 0 1
343 25 19212 1 1 0 0 0 0 1 0 0 1 1 1 1 0 0 1 1 0 1 0 0 1 0 1 1
344 25 24003 1 1 1 1 0 0 0 1 1 0 1 0 1 0 1 1 1 1 1 0 1 0 1 0 1
345 25 22314 1 0 1 1 0 0 0 0 0 1 1 0 0 0 1 1 1 1 1 0 1 1 0 1 1
346 25 20404 1 0 1 0 1 1 0 0 1 1 1 1 0 1 0 0 1 0 0 0 0 1 0 0 0
347 25 20268 1 1 0 0 0 1 1 1 0 0 0 1 1 1 0 0 1 0 0 1 0 1 1 0 1
348 25 27574 1 1 1 0 1 1 0 1 1 1 1 1 1 1 1 1 1 1 1 1 1 1 1 1 0
349 25 14799 1 1 1 0 0 0 0 0 0 0 0 1 1 0 0 0 0 0 1 1 0 0 0 0 1
350 25 19581 1 0 1 1 1 0 1 0 1 1 1 1 1 0 1 0 1 1 1 1 1 0 1 0 1
351 25 28404 1 1 0 1 0 1 0 1 0 1 1 1 1 1 1 1 1 1 1 0 1 1 1 1 1
352 25 19235 0 0 1 0 1 0 0 1 1 1 0 1 0 1 0 0 1 1 0 0 1 1 1 1 0
353 25 24736 1 0 1 1 1 1 1 1 1 1 0 1 0 1 1 1 1 1 1 1 1 1 1 1 0
354 25 18933 1 1 1 0 0 0 1 0 0 0 0 0 1 1 0 1 0 1 0 0 1 0 0 1 0
355 25 17708 0 0 0 0 0 1 0 1 0 1 1 0 0 1 1 0 0 1 1 0 1 0 0 1 0
356 25 15436 0 0 1 0 1 0 0 0 1 0 1 0 0 0 1 0 1 0 1 0 0 1 0 1 1
357 25 25969 0 1 0 0 1 1 1 1 0 0 1 1 1 1 0 0 1 0 1 0 1 1 1 1 1
358 25 17973 1 1 1 1 1 0 1 1 1 1 0 0 1 0 1 0 1 0 0 1 1 1 1 0 0
359 25 29149 0 1 0 0 1 1 1 0 1 1 1 1 0 1 0 0 1 1 1 1 1 1 1 1 1
360 25 27491 0 0 1 1 1 1 0 1 1 1 0 1 1 1 1 1 0 0 1 1 1 1 1 1 0
361 25 13301 0 0 0 0 1 1 1 0 0 1 1 1 0 1 1 0 0 0 0 0 1 0 0 0 0
362 25 13851 0 0 0 0 0 1 0 0 0 1 0 0 0 0 1 0 1 1 1 0 1 1 0 0 0
363 25 29728 1 0 1 1 1 0 1 1 1 1 0 1 1 1 1 1 0 1 1 1 0 1 0 1 1
364 25 12977 0 1 0 0 0 0 0 1 0 1 0 0 0 0 1 1 0 0 0 0 1 1 0 0 0
365 25 23941 1 0 1 1 1 0 1 0 0 1 1 0 0 0 0 1 1 0 1 0 1 1 1 0 1
366 25 28686 1 1 1 0 1 1 1 0 1 0 1 1 1 1 0 1 1 1 1 1 1 1 1 1 1
367 25 25052 0 1 0 0 1 1 0 1 1 0 1 1 1 0 0 1 0 1 1 1 1 1 1 0 1
368 25 958 0 0 0 0 0 0 0 0 0 0 0 0 0 0 0 0 0 1 0 0 0 1 0 0 0
369 25 28166 1 1 1 1 1 1 1 1 1 1 1 1 1 1 1 1 1 1 1 1 1 1 1 0 1
370 25 27482 1 0 0 0 0 1 0 1 1 1 0 0 1 1 0 1 1 1 1 1 1 1 1 1 1
371 25 27252 0 0 1 1 1 1 1 1 1 1 0 1 1 1 1 0 1 1 1 1 1 1 0 0 1
372 25 29638 0 0 1 1 1 1 1 1 1 1 1 1 1 1 1 1 1 0 1 1 1 1 1 1 1
373 25 35852 1 1 1 1 1 0 1 1 1 1 0 1 1 1 1 1 1 1 0 1 1 1 1 1 1
374 25 13991 1 1 0 0 0 0 0 1 0 0 0 0 0 0 1 1 1 0 0 1 0 0 1 1 1
375 25 23743 0 0 0 1 1 1 1 1 1 0 1 0 1 1 1 1 1 1 1 1 0 0 0 1 1
376 25 19882 0 0 0 1 1 1 0 1 1 0 0 0 1 1 0 0 0 1 1 1 0 0 1 0 1
377 25 17956 0 1 1 0 0 1 0 0 0 0 0 1 1 1 0 1 1 0 0 1 0 1 0 1 1
378 25 21102 1 1 1 0 0 0 0 0 1 1 1 1 0 1 0 0 0 0 1 1 1 1 0 1 0
379 25 19189 1 0 0 1 1 1 0 0 0 1 1 0 1 0 1 0 0 0 0 1 1 1 1 0 0
380 25 31174 1 1 1 0 1 1 1 1 1 0 0 1 1 1 1 1 1 1 0 1 1 1 1 1 1
381 25 4264 0 1 0 0 0 1 0 0 0 0 0 0 0 0 0 0 0 0 0 0 0 0 0 1 0
382 25 27533 0 1 1 1 1 1 1 1 1 1 0 1 1 0 0 1 1 1 1 0 1 1 1 0 1
383 25 4399 0 0 0 0 0 0 0 1 0 0 0 0 0 0 1 0 0 0 0 0 0 0 0 0 0
384 25 34112 1 1 1 1 1 1 1 1 1 1 1 1 1 1 1 1 1 1 1 1 1 1 1 1 0
385 25 24836 1 1 1 0 0 0 1 0 1 1 1 1 1 1 1 1 0 1 1 0 1 1 1 0 0
386 25 27720 1 1 1 1 1 0 1 0 1 0 1 1 0 0 0 1 1 1 0 0 1 0 0 1 0
387 25 26957 1 0 1 1 1 1 1 1 1 1 1 1 1 1 1 1 1 1 1 1 0 1 1 1 1
388 25 29001 1 0 1 1 1 1 1 1 1 1 1 1 1 1 1 1 1 0 1 1 1 1 1 1 1
389 25 22289 1 0 0 1 0 1 0 1 0 1 1 1 0 1 0 0 1 0 0 1 1 1 0 1 1
390 25 28210 1 1 1 1 1 1 1 1 1 1 1 1 1 1 0 0 1 1 1 1 1 1 1 1 1
391 25 16575 0 1 0 1 1 0 0 0 0 0 1 0 0 1 1 1 0 1 0 0 0 1 0 0 1
392 25 25804 1 1 0 1 0 1 1 1 1 1 1 1 1 1 0 0 1 1 1 1 1 1 1 0 0
393 25 28693 1 1 1 1 1 1 1 1 1 1 1 1 1 1 1 1 1 1 1 0 1 1 0 1 1
394 25 29634 1 1 0 1 1 0 1 1 1 1 0 0 1 1 1 1 1 1 1 0 1 1 1 1 1
395 25 6450 1 1 0 0 0 0 0 0 0 0 0 0 0 0 0 1 0 0 0 0 0 0 0 0 1
396 25 28979 1 1 1 1 1 1 0 1 1 1 1 1 0 0 1 1 1 0 0 1 1 1 1 0 1
397 25 14098 0 1 1 1 0 0 1 0 1 1 0 0 0 0 0 0 1 0 1 0 1 0 1 1 0
398 25 25466 1 1 1 1 1 1 0 1 1 1 1 1 1 1 1 1 1 1 0 1 1 0 1 1 0
399 25 23578 0 1 1 0 1 0 1 1 1 0 1 0 0 0 1 1 1 1 0 0 1 1 1 1 0
400 25 25592 1 1 1 1 0 1 1 1 1 0 1 0 1 0 1 1 0 1 1 1 1 0 1 1 0
401 25 29973 1 1 1 1 1 1 1 1 1 1 1 1 1 1 0 1 1 1 0 0 0 1 1 0 0
402 25 34395 1 0 1 1 1 1 1 1 1 1 1 1 1 1 1 1 1 1 1 1 1 1 1 1 1
403 25 17530 0 0 1 0 1 1 0 0 0 0 1 0 0 1 0 1 0 0 1 1 0 0 0 1 1
404 25 24681 1 1 1 1 1 1 1 1 1 1 1 1 1 1 1 1 1 1 1 1 1 1 1 1 0
405 25 31005 1 0 1 1 1 1 1 1 1 0 1 1 1 1 1 1 0 1 1 1 1 1 1 1 1
406 25 30766 0 1 1 1 1 1 1 1 1 0 1 1 1 1 0 1 1 1 1 1 1 1 0 1 1
407 25 26945 1 1 0 1 1 0 0 1 1 0 1 1 1 0 1 0 1 1 1 1 0 1 1 1 1
408 25 18736 1 0 0 0 0 1 1 0 1 1 0 0 1 0 1 1 1 1 0 1 0 1 0 0 0
409 25 11302 1 0 0 0 0 0 0 1 0 1 0 0 0 0 0 0 0 0 0 0 0 1 1 0 1
410 25 22316 0 1 1 0 1 1 1 0 1 1 0 1 0 1 1 1 0 1 1 1 1 0 1 0 1
411 25 15567 0 0 1 0 0 0 0 1 1 0 0 1 0 1 1 0 1 1 1 0 0 1 1 0 0
412 25 18371 0 0 0 0 1 0 1 1 0 1 1 1 0 0 1 1 0 1 1 0 1 1 1 0 0
413 25 31009 1 1 1 0 1 1 1 1 0 0 1 1 1 1 1 1 1 1 1 1 0 0 1 1 1
414 25 9789 1 0 0 0 0 0 0 0 0 1 0 1 0 0 0 1 1 0 0 1 0 1 0 1 0
415 25 9812 1 0 0 0 0 0 1 1 0 0 0 0 0 0 0 0 0 0 0 0 0 0 1 0 1
416 25 11849 1 0 0 0 0 0 0 1 0 0 0 1 0 1 0 0 0 0 1 0 1 1 0 0 0
417 25 11538 1 0 1 1 1 0 0 1 1 1 0 1 0 0 0 1 0 0 0 0 0 0 0 0 0
418 25 14543 0 0 0 1 0 0 0 0 0 0 1 1 1 0 0 0 1 0 1 1 0 1 1 0 1
419 25 19774 1 0 1 0 0 1 1 1 1 1 0 0 0 1 1 1 1 0 0 0 1 0 0 0 1
420 25 20905 0 0 1 1 0 1 0 1 0 1 0 0 1 1 1 0 0 1 1 0 1 0 0 1 1
421 25 28846 1 0 0 1 1 1 1 0 1 1 0 1 1 1 1 0 1 1 1 1 0 1 0 1 1
422 25 29340 1 0 0 1 1 0 1 0 0 0 1 0 1 1 0 1 1 1 1 1 0 1 0 1 1
423 25 21428 1 1 0 1 1 0 0 1 1 0 1 0 0 1 0 0 1 0 1 0 1 0 1 1 1
424 25 9056 0 1 0 0 0 0 0 0 0 0 0 0 0 0 0 0 0 1 0 1 1 0 0 0 1
425 25 36675 1 1 1 0 1 1 0 1 1 1 1 1 1 0 1 1 1 1 1 1 0 1 1 1 1
426 25 17480 1 0 1 0 0 0 0 0 0 0 0 1 1 1 0 1 0 1 0 1 0 1 1 1 1
427 25 13667 0 1 1 0 0 0 0 1 1 0 0 0 1 0 0 1 1 0 0 0 0 1 0 1 0
428 25 30023 1 1 0 1 1 1 1 1 1 1 1 1 1 1 1 1 1 0 0 1 1 1 1 1 1
429 25 29237 0 1 0 0 1 1 1 0 0 1 1 1 1 1 0 1 1 1 1 0 1 1 1 0 1
430 25 5604 0 0 0 0 0 0 0 0 0 0 0 0 0 1 0 0 0 1 0 0 1 0 0 0 0
431 25 27548 1 1 1 1 1 1 1 1 0 1 0 1 1 1 0 1 0 0 0 1 1 0 1 1 1
432 25 30749 0 1 0 1 0 1 1 0 0 1 1 1 1 1 1 1 1 1 1 1 1 1 1 1 1
433 25 33213 1 1 1 1 1 1 1 1 1 1 1 1 1 1 1 1 1 0 1 1 1 1 1 1 1
434 25 10778 0 0 0 0 0 0 0 0 1 0 1 0 1 1 1 0 0 0 0 0 0 0 0 0 0
435 25 22040 1 1 0 1 0 1 1 0 1 0 1 0 0 0 1 0 0 1 0 1 1 1 0 1 1
436 25 25021 1 0 1 0 0 1 0 1 1 0 1 1 0 0 0 1 1 1 1 1 1 1 1 1 1
437 25 29386 1 1 1 1 1 1 0 0 1 0 1 1 1 1 0 1 0 1 1 1 0 0 1 1 1
438 25 19525 0 0 1 1 0 0 1 0 0 0 1 0 1 1 0 0 0 0 1 0 1 1 1 1 0
439 25 29755 1 1 1 1 1 1 1 1 1 1 1 1 1 1 1 1 1 1 1 1 1 1 1 1 0
440 25 7636 0 1 0 0 0 0 0 1 0 0 1 0 0 0 0 0 0 1 0 0 0 1 0 0 0
441 25 21139 0 0 1 1 1 1 1 1 1 1 1 1 0 1 1 0 1 1 1 0 1 0 1 1 1
442 25 27272 0 1 1 0 1 1 1 1 1 1 1 1 1 1 1 0 1 1 1 1 1 1 0 0 1
443 25 22341 1 1 1 1 0 0 1 0 0 0 1 0 1 0 1 0 0 1 0 1 1 1 1 0 1
444 25 21337 1 1 0 0 0 0 0 0 1 0 0 0 1 0 0 1 1 0 1 1 1 1 0 1 0
445 25 21573 1 0 1 1 0 0 0 1 1 0 0 1 1 1 1 0 1 0 0 0 1 0 0 1 0
446 25 27610 1 1 0 1 0 0 0 1 1 0 1 1 1 1 1 1 0 1 0 1 0 1 1 1 1
447 25 11260 0 0 0 0 0 0 0 0 1 0 0 1 1 0 1 0 0 0 0 0 1 1 1 0 0
448 25 7974 0 0 1 0 1 0 0 1 0 1 1 0 0 0 0 0 1 0 1 0 0 0 1 0 0
449 25 21397 1 1 1 1 0 0 1 0 1 1 0 1 1 1 1 1 0 1 1 0 1 1 1 1 1
450 25 20119 1 1 1 0 1 0 0 0 1 1 1 0 0 1 0 1 1 1 1 1 1 1 1 0 1
451 25 10120 1 0 1 0 0 1 0 0 0 0 0 0 1 1 0 0 0 1 0 0 0 0 1 1 0
452 25 31092 1 1 1 1 1 1 1 1 1 1 1 1 0 1 1 1 1 1 0 1 1 0 0 1 1
453 25 27852 1 1 1 1 1 1 1 1 1 1 1 1 1 1 1 0 1 1 1 1 1 1 0 1 1
454 25 33344 1 1 1 1 1 1 1 1 1 1 0 1 1 1 1 1 1 1 1 1 1 1 1 1 1
455 25 12593 0 1 0 1 0 0 0 1 0 1 0 0 1 1 0 1 0 1 1 0 0 0 0 0 0
456 25 27043 0 1 0 1 1 1 1 1 1 0 1 1 1 1 1 0 1 1 0 1 1 1 0 1 1
457 25 15701 0 1 1 1 0 1 0 1 0 0 1 0 1 0 1 1 1 1 0 1 0 0 0 0 0
458 25 27157 0 0 1 0 0 0 1 1 0 1 1 0 0 1 1 1 1 0 1 1 0 1 0 1 1
459 25 27907 1 1 1 1 1 0 1 1 1 1 1 1 1 0 1 0 1 0 1 1 0 1 1 0 1
460 25 24973 1 0 0 1 1 1 0 1 1 0 1 0 0 1 1 1 0 1 1 1 1 0 1 1 0
461 25 27938 0 1 1 0 0 0 0 0 1 1 1 1 0 1 1 1 1 1 1 1 1 1 1 1 1
462 25 31037 1 1 1 1 1 1 1 1 1 1 1 0 1 1 1 1 1 1 1 1 1 1 1 1 1
463 25 25251 1 1 1 1 1 0 0 1 0 1 1 0 1 1 1 1 0 0 0 0 1 0 1 1 0
464 25 14818 1 1 1 1 1 1 1 1 0 0 1 0 0 0 0 1 0 0 0 0 1 1 1 0 0
465 25 13051 0 0 1 0 0 1 0 0 0 0 1 1 0 0 1 0 0 0 1 0 0 1 0 0 0
466 25 15651 0 1 1 0 0 1 0 1 1 1 0 0 0 0 0 0 1 0 1 1 0 0 0 0 1
467 25 0 0 0 0 0 0 0 0 0 0 0 0 0 0 0 0 0 0 0 0 0 0 0 0 0 0
468 25 29995 1 1 1 0 1 0 1 1 1 0 1 0 1 0 1 1 1 0 1 0 0 1 1 1 1
469 25 2557 0 0 0 0 0 0 0 0 0 0 0 0 1 0 0 1 0 0 0 0 1 0 0 0 0
470 25 31465 0 1 1 1 1 1 1 1 1 1 1 0 1 1 1 1 1 1 1 1 1 0 1 1 1
471 25 28998 1 1 1 1 0 1 1 1 1 1 1 0 0 1 0 1 1 1 1 0 0 1 0 1 1
472 25 28265 1 1 1 1 0 0 1 0 1 0 1 0 1 1 1 0 1 1 1 1 1 1 1 1 0
473 25 23767 1 1 1 1 0 1 0 1 0 1 1 1 1 0 1 1 1 1 1 1 0 1 0 1 0
474 25 17536 1 1 0 1 0 1 1 0 0 0 1 1 0 0 0 0 1 0 0 1 1 0 0 0 0
475 25 1433 0 0 0 0 0 0 0 0 0 1 0 0 0 0 0 0 0 0 0 0 0 0 0 1 0
476 25 7709 0 0 0 0 0 1 0 0 1 0 1 0 0 0 0 0 0 1 0 0 0 0 0 1 1
477 25 28815 1 1 1 1 1 1 1 0 1 1 1 1 1 1 1 1 1 1 0 1 1 1 1 1 1
478 25 9157 0 0 0 1 0 1 0 1 0 0 0 0 0 0 1 0 0 0 0 0 0 1 0 1 0
479 25 22266 1 1 1 1 1 0 1 0 1 1 1 0 1 1 0 1 1 1 1 1 0 0 0 1 0
480 25 21118 0 1 1 1 0 1 0 0 1 0 1 0 0 1 0 1 0 0 0 1 1 1 1 1 1
481 25 28569 1 1 1 0 0 1 1 1 1 0 1 1 1 1 1 1 1 1 1 0 0 1 1 0 0
482 25 30495 1 1 1 1 1 1 1 1 1 1 0 1 1 1 1 1 0 1 1 1 1 0 1 1 1
483 25 30666 1 1 1 1 1 1 1 1 1 1 1 1 1 0 1 1 1 1 1 1 0 1 1 1 1
484 25 23201 1 1 1 0 1 0 0 0 1 1 1 1 0 0 0 1 1 1 1 0 0 1 0 0 0
485 25 27582 0 1 1 1 1 1 1 1 1 1 1 1 1 1 1 1 1 1 1 1 1 1 1 1 1
486 25 3913 0 0 0 0 0 0 0 1 0 0 0 0 0 0 0 0 0 0 1 0 1 0 0 0 0
487 25 18051 0 0 0 1 0 0 1 0 1 0 1 0 0 1 0 1 1 1 1 1 1 0 1 0 0
488 25 32831 0 1 1 1 1 0 1 1 1 1 1 1 1 0 1 1 1 1 1 1 1 1 1 1 1
489 25 25727 1 0 0 0 0 1 1 1 1 1 1 1 1 0 1 1 1 1 1 1 1 1 1 1 1
490 25 22074 0 0 0 1 1 0 1 1 1 1 1 0 1 1 1 1 0 0 1 1 1 1 0 0 0
491 25 11353 1 0 1 1 0 0 1 0 0 0 0 1 1 0 1 1 0 0 1 1 0 0 0 0 0
492 25 28697 1 1 1 1 0 1 1 1 0 1 1 1 1 1 0 1 1 1 1 1 1 1 1 1 0
493 25 29910 0 0 1 1 1 1 1 1 1 0 1 1 1 0 1 1 0 1 1 0 1 0 1 1 1
494 25 22575 1 1 0 1 1 1 1 1 1 0 1 1 1 1 1 0 1 0 1 1 1 0 1 1 1
495 25 10557 0 1 0 0 0 1 0 0 0 1 0 0 1 0 0 0 0 0 0 0 1 1 1 0 0
496 25 31212 1 1 1 1 1 0 1 1 1 1 1 1 1 1 1 0 1 1 1 1 1 1 1 1 0
497 25 21950 0 1 1 0 0 1 1 1 1 1 1 1 0 1 1 1 0 1 1 0 0 0 0 1 1
498 25 28517 1 1 0 0 1 1 0 0 1 1 1 1 0 1 1 1 1 0 0 0 1 1 1 1 0
499 25 27139 1 1 0 1 1 1 1 1 1 1 1 1 1 1 1 1 1 0 1 0 1 1 1 1 1
500 25 25580 1 1 1 1 1 1 1 1 1 1 1 1 0 1 1 1 1 1 1 1 1 1 1 1 1
