1 30 15277 1 1 0 1 1 1 0 0 1 0 1 0 0 1 1 0 0 0 0 1 0 0 0 0 1 0 1 0 1 0
2 30 31896 1 1 1 1 0 0 1 1 0 1 1 0 0 1 1 0 0 1 1 1 1 0 1 0 0 1 1 0 1 0
3 30 21793 0 1 0 1 0 0 0 0 1 1 1 0 1 0 0 1 0 0 1 0 0 1 0 1 1 0 1 0 0 1
4 30 39084 1 1 1 1 0 1 1 1 1 1 1 1 1 0 1 1 1 1 1 1 1 1 1 1 1 1 1 1 1 1
5 30 38648 1 1 1 0 1 1 1 1 1 1 1 0 1 1 1 1 1 0 1 1 1 1 1 1 1 0 1 1 1 0
6 30 27462 0 0 0 1 0 1 1 1 0 1 1 1 1 1 1 1 1 0 1 1 0 0 1 1 0 1 0 0 1 1
7 30 35616 1 1 0 1 0 1 1 1 1 1 0 1 0 1 1 1 1 1 0 0 0 1 1 1 0 1 1 1 1 0
8 30 31564 1 1 1 1 1 1 0 1 1 1 1 1 1 1 0 1 1 1 0 1 1 1 0 1 1 1 0 1 0 1
9 30 11759 0 0 1 0 0 1 0 0 0 0 1 0 0 0 0 0 0 0 0 1 0 0 1 0 0 0 1 1 0 0
10 30 0 0 0 0 0 0 0 0 0 0 0 0 0 0 0 0 0 0 0 0 0 0 0 0 0 0 0 0 0 0 0
11 30 16776 0 0 0 0 1 1 0 0 1 1 1 0 0 0 0 1 1 0 1 0 0 0 0 0 1 0 0 0 0 1
12 30 32396 1 1 1 0 1 1 1 0 0 1 1 0 1 0 1 0 1 1 0 1 1 0 1 1 1 1 0 1 1 1
13 30 30569 1 1 1 1 1 1 0 1 0 0 0 0 1 1 1 0 1 0 0 0 1 0 1 0 1 0 1 1 0 1
14 30 33708 1 1 1 1 1 1 1 1 1 1 0 1 1 0 0 1 1 1 0 1 1 0 1 0 0 1 1 0 1 1
15 30 40768 1 1 1 1 1 1 1 1 0 1 1 1 1 1 1 1 1 1 1 1 1 1 0 1 1 1 1 0 1 0
16 30 37169 0 1 1 1 0 0 1 1 0 1 1 1 1 1 1 1 1 1 0 1 1 1 1 1 1 1 1 1 0 1
17 30 29847 1 0 0 1 1 0 0 0 1 1 1 1 1 0 0 0 0 1 1 1 1 1 0 1 1 1 1 1 0 0
18 30 32811 0 1 1 1 1 1 1 0 1 1 0 1 1 1 1 0 1 0 1 1 0 1 0 0 1 1 1 0 1 0
19 30 35699 1 1 1 1 0 1 1 1 1 1 1 1 1 1 1 1 1 1 1 1 0 1 1 1 1 1 0 1 1 1
20 30 34399 1 1 1 1 1 1 1 0 1 1 1 0 1 1 1 1 1 1 1 1 1 1 1 1 1 1 1 1 1 0
21 30 0 0 0 0 0 0 0 0 0 0 0 0 0 0 0 0 0 0 0 0 0 0 0 0 0 0 0 0 0 0 0
22 30 35711 1 1 1 1 1 1 1 1 1 1 1 0 0 1 1 1 1 1 1 0 1 1 1 1 1 1 0 0 1 1
23 30 27549 1 1 1 1 1 0 1 1 0 1 1 0 0 1 1 1 0 1 0 1 1 0 1 1 0 0 0 1 1 1
24 30 14432 0 1 0 0 0 1 0 0 1 0 1 0 1 0 0 1 0 0 0 1 1 0 0 0 0 1 0 1 0 1
25 30 15994 1 0 1 0 0 0 1 1 1 0 1 0 0 0 0 1 0 1 0 0 0 0 0 1 1 1 0 0 0 1
26 30 16479 0 0 0 1 0 0 0 0 1 0 0 1 0 1 0 0 0 0 1 1 1 0 0 1 1 0 1 1 0 1
27 30 8142 1 0 0 1 0 0 0 0 0 1 0 0 0 0 1 0 0 1 0 0 0 0 0 0 0 1 0 0 0 1
28 30 12189 0 0 0 0 0 0 0 1 1 1 0 0 0 1 0 1 0 0 0 0 0 0 0 1 0 1 0 0 1 0
29 30 20422 0 1 1 1 1 1 0 0 0 0 0 1 0 1 0 1 1 0 0 1 1 0 0 0 1 0 0 0 1 1
30 30 29063 1 1 0 1 1 0 1 1 1 1 1 1 0 1 1 1 1 1 1 1 1 1 1 1 1 1 1 1 1 0
31 30 31068 1 1 1 1 0 1 1 1 1 1 1 1 0 1 1 1 1 1 1 1 1 1 1 0 1 1 1 1 0 1
32 30 37265 0 1 1 1 1 1 1 0 1 1 1 1 0 1 0 0 1 1 1 1 0 1 0 1 1 0 1 1 1 1
33 30 14135 1 0 1 0 0 0 0 1 0 0 1 0 1 0 1 0 0 0 0 0 0 0 0 1 1 0 0 0 0 0
34 30 25890 0 1 0 0 0 0 1 1 1 1 1 1 0 1 1 1 1 1 0 0 0 1 0 0 1 0 1 1 0 1
35 30 33964 1 1 1 1 0 1 1 1 1 1 0 1 0 1 0 1 1 1 0 1 1 0 1 1 1 1 1 0 1 1
36 30 14978 0 0 1 0 0 1 0 0 0 0 1 0 1 0 0 0 0 0 1 0 0 0 1 1 1 0 0 1 1 0
37 30 22208 1 1 1 0 1 0 0 0 0 1 1 0 1 1 0 0 0 1 0 0 0 1 0 0 0 1 0 0 1 1
38 30 0 0 0 0 0 0 0 0 0 0 0 0 0 0 0 0 0 0 0 0 0 0 0 0 0 0 0 0 0 0 0
39 30 14509 0 0 1 1 0 0 0 1 1 0 0 0 0 1 1 0 0 0 0 0 0 1 1 0 1 0 0 0 1 0
40 30 36272 1 1 1 1 1 1 1 1 1 1 1 1 0 1 0 1 1 0 1 1 1 1 1 1 1 1 1 1 1 1
41 30 32121 1 1 1 1 0 1 1 1 1 1 1 1 1 0 0 1 1 1 1 0 1 1 1 1 0 1 1 1 1 1
42 30 18994 1 1 0 0 1 0 0 1 0 0 1 0 1 0 1 1 1 1 0 0 0 0 1 0 1 0 0 1 0 0
43 30 12219 0 0 0 1 0 0 0 0 1 0 0 0 0 0 0 0 1 1 0 0 0 1 1 0 0 0 0 1 1 0
44 30 29512 1 1 1 1 1 0 1 1 1 0 1 1 1 1 1 1 1 1 1 1 1 1 0 1 1 1 1 1 1 1
45 30 36706 1 1 1 1 1 1 1 0 0 1 1 0 1 1 1 1 1 0 1 1 1 1 0 1 0 1 1 1 0 1
46 30 21703 1 0 0 0 1 0 1 1 0 1 0 1 0 1 0 0 0 0 1 1 0 0 0 0 1 0 0 1 0 0
47 30 39831 1 1 0 1 1 1 1 1 1 1 1 1 1 1 0 1 1 1 0 1 1 1 1 1 1 1 1 0 1 1
48 30 23288 1 1 0 0 0 0 0 0 0 0 0 1 1 1 1 1 0 1 1 1 1 1 1 1 0 0 0 0 1 1
49 30 8590 0 1 1 1 0 0 0 1 0 0 0 0 0 0 0 0 1 1 0 0 0 0 0 0 0 0 0 0 0 0
50 30 30210 1 1 1 1 1 0 1 1 1 1 1 1 1 1 1 1 1 1 1 1 1 1 0 1 1 1 1 1 1 1
51 30 38940 1 1 1 1 1 1 1 1 0 1 1 0 1 1 1 1 1 1 1 1 1 1 1 1 1 1 1 1 1 1
52 30 10299 0 0 0 1 0 0 0 0 0 0 1 0 0 0 1 0 0 0 1 0 0 1 0 1 0 0 0 0 0 0
53 30 24622 0 0 1 0 1 1 0 0 0 1 0 0 0 1 1 1 1 1 0 1 1 1 1 1 1 1 1 1 1 1
54 30 32585 1 1 1 1 1 1 1 0 0 0 1 1 1 1 1 1 1 0 1 1 1 1 1 0 1 1 1 1 0 1
55 30 20769 1 1 0 1 0 0 1 1 0 0 0 1 0 0 0 1 1 0 0 0 0 1 0 0 0 0 1 0 1 1
56 30 21246 1 0 0 1 1 0 1 1 1 0 1 0 1 1 0 1 1 0 0 0 1 0 1 0 0 1 1 0 0 1
57 30 37446 1 1 1 1 1 0 1 1 1 1 1 1 1 1 1 1 0 1 1 1 1 1 0 1 1 1 0 1 1 1
58 30 13386 0 1 0 1 0 0 1 0 0 0 0 0 1 1 0 0 0 0 1 0 0 0 0 0 0 0 1 0 0 1
59 30 35707 1 1 0 1 1 1 1 0 1 0 0 1 0 1 1 1 0 1 1 0 1 1 0 1 0 1 0 1 0 1
60 30 24197 1 0 0 1 0 0 1 1 1 0 0 1 1 1 1 0 0 1 0 1 1 0 0 1 0 1 1 1 1 0
61 30 38263 1 1 1 0 1 1 1 0 1 1 1 1 1 1 1 1 1 1 1 1 1 1 1 1 1 1 1 1 1 1
62 30 0 0 0 0 0 0 0 0 0 0 0 0 0 0 0 0 0 0 0 0 0 0 0 0 0 0 0 0 0 0 0
63 30 32013 0 1 1 0 1 1 1 1 1 1 1 1 0 1 0 1 0 1 0 1 0 1 1 1 1 0 0 0 0 1
64 30 39141 1 0 1 1 1 1 1 1 1 1 1 1 1 1 1 1 1 1 1 1 1 1 1 1 1 1 1 1 1 1
65 30 22004 0 0 0 0 1 0 1 1 0 1 0 1 0 0 0 0 0 0 1 1 1 0 1 1 0 1 0 1 0 1
66 30 43567 0 1 1 1 1 1 1 1 1 0 1 1 1 1 1 1 1 1 1 1 1 0 1 1 1 1 1 1 1 1
67 30 15550 1 1 0 0 0 1 1 0 0 1 0 1 0 0 1 0 0 1 0 0 0 0 0 0 0 1 0 0 0 1
68 30 16183 0 1 0 0 0 0 1 0 0 0 1 1 1 1 1 1 0 0 0 0 0 1 0 0 1 1 0 0 0 0
69 30 31446 1 1 0 1 1 1 1 0 1 1 0 1 1 1 1 1 1 1 1 1 1 1 1 1 1 1 0 1 1 1
70 30 28603 1 0 0 0 1 1 1 0 0 0 1 1 1 1 1 1 1 0 0 1 1 0 1 0 0 1 1 1 0 1
71 30 39202 1 1 1 1 1 1 0 1 1 1 1 1 1 1 1 1 0 1 1 1 1 1 1 1 1 1 1 1 1 1
72 30 29636 1 1 1 1 1 1 1 1 1 1 1 1 1 1 1 1 1 1 1 1 1 1 1 1 1 1 1 0 1 1
73 30 27571 0 0 0 1 1 1 0 1 1 1 1 1 1 0 0 1 0 1 1 1 1 1 1 1 1 1 1 0 1 0
74 30 32157 1 0 1 1 1 0 1 0 1 1 0 0 1 1 1 1 1 1 0 1 0 1 1 0 1 1 1 1 1 0
75 30 21305 0 0 1 0 1 0 0 0 0 0 1 0 1 0 0 0 1 1 1 0 1 1 1 0 1 0 0 1 0 0
76 30 29828 0 1 0 1 1 1 1 1 1 1 1 0 1 1 1 1 1 0 1 1 0 1 1 1 1 1 1 1 1 0
77 30 33569 1 1 1 1 0 1 1 0 1 1 0 1 1 0 0 1 0 0 0 0 1 1 1 1 1 1 1 1 1 1
78 30 30701 1 1 1 0 1 1 0 1 0 0 0 0 0 1 1 1 1 0 1 1 1 1 1 1 1 1 1 1 1 0
79 30 22409 0 1 0 1 1 0 0 0 1 0 0 1 1 1 0 1 1 0 0 1 1 0 1 1 1 0 1 1 0 0
80 30 29057 1 1 1 0 1 1 0 1 0 1 1 1 1 0 0 1 1 1 0 1 0 1 0 1 0 1 0 0 1 0
81 30 36534 0 1 1 1 0 1 1 1 1 0 1 1 1 1 0 1 0 1 1 1 1 1 1 0 1 1 1 1 1 1
82 30 34405 1 1 1 0 1 0 1 0 1 0 0 1 1 0 1 1 1 1 1 1 0 1 1 1 0 1 1 1 1 0
83 30 31580 1 1 0 0 1 1 1 0 1 0 1 1 1 0 0 1 0 1 1 1 1 0 0 0 1 1 1 0 1 1
84 30 21068 1 0 0 0 0 1 0 0 0 1 1 0 0 1 1 0 0 0 0 1 1 1 1 1 1 0 1 1 0 0
85 30 28910 1 0 1 0 1 1 1 0 1 0 1 1 0 1 1 0 1 1 0 0 0 0 1 1 1 0 1 0 1 1
86 30 35649 1 0 0 1 1 1 1 1 1 0 1 1 1 1 1 1 1 1 1 1 1 1 0 1 1 1 1 1 0 1
87 30 26652 0 0 0 0 0 1 0 1 1 1 0 1 1 0 1 0 1 1 1 1 1 1 1 0 1 0 0 1 1 1
88 30 34313 1 1 1 1 1 1 1 1 1 1 1 1 1 1 1 1 1 1 1 1 1 1 1 1 0 1 1 1 1 1
89 30 28563 1 0 0 1 1 0 0 1 1 0 0 1 1 0 1 1 1 1 1 1 0 0 1 1 1 0 1 0 0 1
90 30 20927 1 0 0 1 1 0 1 0 0 1 0 1 0 0 0 1 0 0 1 1 1 0 0 1 1 0 1 0 1 0
91 30 5407 0 0 0 0 1 0 1 0 0 0 0 0 1 0 0 0 0 1 0 0 0 0 0 0 0 0 0 0 0 0
92 30 16247 0 0 0 1 0 0 0 1 0 1 0 0 1 0 1 1 1 0 0 0 0 1 0 0 1 1 0 0 0 0
93 30 14027 0 1 0 1 0 1 0 0 0 0 1 1 0 0 0 0 0 1 0 1 0 0 1 1 0 0 0 0 0 0
94 30 24809 1 1 1 0 0 0 1 0 1 1 1 0 1 0 1 1 1 0 1 1 0 0 1 0 1 1 0 1 1 0
95 30 33502 1 1 1 0 1 0 1 1 1 1 0 1 1 0 0 1 1 1 0 1 1 0 1 1 1 0 1 1 1 1
96 30 32901 0 1 1 1 0 1 1 0 1 1 1 1 0 0 0 1 0 1 0 0 0 1 0 0 1 1 1 1 1 1
97 30 37650 1 1 1 1 1 1 1 0 1 1 1 1 1 1 1 1 1 1 1 1 1 1 1 1 0 1 1 1 1 1
98 30 35843 1 1 0 0 0 1 1 1 1 1 1 1 1 1 1 1 1 1 1 1 0 1 1 1 1 1 1 1 1 0
99 30 32792 1 1 1 1 1 1 1 1 1 1 0 1 0 1 1 1 1 1 1 1 1 1 1 1 1 0 1 1 1 1
100 30 34732 0 0 1 0 1 0 1 1 0 1 1 1 1 1 1 1 1 1 1 1 1 1 1 1 1 1 1 1 1 1
101 30 15975 0 1 0 1 0 0 0 0 0 1 1 1 1 0 0 0 0 1 0 0 0 0 0 1 0 0 1 0 1 0
102 30 29077 1 1 0 0 1 1 0 1 1 1 1 1 1 1 1 0 1 1 1 0 0 1 0 0 0 0 1 0 0 1
103 30 18895 0 0 0 1 0 1 0 1 1 0 1 1 0 0 1 0 0 1 1 0 0 1 0 0 1 1 1 0 0 0
104 30 7489 0 0 0 0 0 0 1 0 0 1 0 0 0 0 0 0 1 0 0 0 0 0 0 0 1 0 0 0 0 1
105 30 16493 1 0 0 0 0 0 0 1 0 0 1 1 0 1 1 0 0 0 0 0 0 1 0 1 1 1 1 0 0 0
106 30 17294 0 1 1 1 1 0 0 0 1 1 0 1 0 0 1 0 0 0 1 0 0 0 0 0 0 0 0 0 1 0
107 30 23638 1 0 1 0 1 1 0 1 1 1 1 1 0 0 0 0 0 1 1 1 0 0 0 0 0 1 0 0 0 0
108 30 37019 0 1 1 1 1 1 1 1 1 1 1 1 0 0 0 1 0 0 1 1 0 1 1 1 1 1 1 1 1 1
109 30 24313 0 1 1 0 0 0 0 1 0 0 1 0 0 1 1 0 0 1 0 0 1 0 1 1 1 1 0 1 1 1
110 30 4589 0 0 1 0 0 0 0 0 0 0 0 1 0 0 0 0 0 1 0 0 0 0 0 0 0 0 0 0 0 1
111 30 37986 1 1 1 1 1 1 1 1 0 1 1 1 1 1 1 1 1 1 1 1 1 1 1 1 1 1 1 1 1 1
112 30 37943 1 1 1 1 1 1 1 1 1 1 1 1 1 1 1 1 1 1 1 1 1 0 1 1 0 1 1 1 1 1
113 30 14768 0 0 0 0 0 1 0 1 0 0 1 0 0 0 0 1 0 0 1 0 0 0 0 0 1 1 0 0 0 0
114 30 35762 1 1 1 1 1 0 0 1 1 1 1 0 1 0 1 1 1 0 1 1 1 1 1 1 1 1 1 1 1 1
115 30 35785 1 0 1 1 1 0 1 1 0 1 0 1 1 1 0 1 1 1 1 1 1 0 1 1 1 1 1 0 0 1
116 30 25041 1 1 1 0 1 0 1 1 1 1 1 1 0 0 1 0 1 0 0 1 1 1 0 1 0 1 0 0 1 1
117 30 34857 1 0 0 1 0 0 1 0 1 1 1 1 1 1 1 1 1 1 1 1 1 1 1 1 1 1 1 0 0 1
118 30 16408 1 0 1 0 0 1 0 0 0 0 0 0 0 1 0 0 0 0 1 1 0 1 1 0 0 1 0 0 1 1
119 30 20222 0 1 0 0 0 0 0 1 0 0 1 0 0 1 0 0 1 1 0 1 1 0 0 0 0 0 1 0 1 1
120 30 3282 0 0 0 0 0 0 0 0 0 0 0 0 0 0 0 0 0 0 0 1 0 0 0 0 0 0 1 0 0 1
121 30 13682 0 1 1 0 0 0 0 1 0 0 0 0 1 1 0 0 0 0 1 0 0 1 1 1 1 1 0 0 0 0
122 30 37299 1 1 1 1 1 1 1 1 1 1 1 1 1 1 1 1 1 1 1 1 0 1 1 1 1 1 1 1 1 1
123 30 17043 0 0 0 1 0 0 1 1 0 0 0 1 0 1 1 1 0 1 0 0 1 1 1 0 0 0 0 0 0 0
124 30 19966 1 1 1 0 1 0 0 1 1 0 1 1 0 1 0 0 0 1 1 0 0 1 0 0 1 1 0 1 1 0
125 30 24848 1 1 1 1 1 1 1 1 0 1 0 1 0 0 1 0 1 1 1 1 0 1 0 1 1 1 0 1 1 0
126 30 23962 0 0 0 1 0 0 1 1 1 0 1 1 1 0 0 1 1 1 0 0 0 1 0 1 1 0 1 1 1 1
127 30 28945 1 1 1 1 1 1 0 0 1 1 1 0 0 0 1 1 1 0 1 1 1 0 1 1 1 0 1 1 1 0
128 30 32105 1 1 1 1 0 1 1 1 0 1 0 1 1 0 1 1 1 0 1 0 1 1 0 1 1 0 1 0 1 1
129 30 29149 1 1 1 1 1 1 1 1 1 0 1 1 1 0 1 1 1 1 0 0 1 1 1 1 1 1 1 1 1 1
130 30 6503 0 0 0 0 0 0 0 0 0 0 0 0 0 0 0 0 0 0 1 0 0 1 0 0 0 1 1 0 0 0
131 30 32604 0 1 1 1 1 1 1 1 1 1 1 1 1 1 0 1 1 1 1 1 1 1 1 1 1 1 1 0 1 1
132 30 27988 1 0 1 0 1 1 1 1 1 0 0 1 0 1 0 1 0 0 1 1 1 0 1 1 1 1 1 0 0 1
133 30 37196 0 1 1 0 1 1 1 1 1 1 1 1 1 1 1 1 1 0 1 0 1 1 1 1 1 0 1 0 1 1
134 30 28523 0 0 1 1 1 0 0 1 1 1 0 0 1 1 1 1 1 1 1 0 1 1 0 0 1 0 0 1 1 0
135 30 21271 1 1 1 1 0 0 0 0 0 0 1 1 1 0 1 0 0 0 0 0 1 1 1 1 0 0 1 0 1 0
136 30 35242 1 1 1 1 1 0 0 1 1 1 1 0 1 1 1 0 1 1 1 1 0 1 1 1 1 0 1 1 0 1
137 30 32396 1 1 1 1 1 1 1 1 1 1 1 1 1 1 1 1 1 0 1 0 1 1 1 1 1 1 1 1 0 0
138 30 38631 1 1 1 1 1 0 0 1 1 1 1 1 1 0 1 1 1 1 1 1 1 1 1 0 1 1 1 0 1 1
139 30 14865 0 0 0 1 0 1 0 1 0 1 0 0 0 1 0 0 0 0 0 0 1 0 0 0 1 1 0 1 0 0
140 30 41022 1 1 1 1 1 1 1 1 1 1 1 0 1 1 1 1 1 1 1 1 1 1 1 1 1 1 1 1 1 0
141 30 14522 0 1 0 0 0 0 0 1 0 0 0 1 0 1 0 1 0 1 1 0 1 0 0 0 1 0 0 0 0 0
142 30 15233 0 0 0 0 0 0 0 1 0 0 1 1 0 0 1 0 0 0 0 0 0 0 1 1 0 0 1 0 1 1
143 30 41269 1 1 1 1 1 1 1 1 1 0 1 1 1 1 1 1 1 1 1 1 1 1 1 1 1 1 1 1 1 1
144 30 17069 1 0 0 0 1 1 0 1 0 0 0 1 1 0 0 0 0 0 0 1 0 1 1 0 0 0 0 0 1 1
145 30 25332 1 0 1 1 0 1 0 1 1 1 1 0 1 1 1 0 0 0 0 0 1 0 1 1 0 1 0 0 1 1
146 30 34392 1 1 0 1 1 1 1 1 1 1 1 0 1 1 0 1 0 1 0 1 1 1 1 1 0 1 1 1 1 1
147 30 19216 0 0 0 1 1 1 0 0 0 0 1 1 0 1 0 0 1 1 0 1 0 1 1 0 0 0 0 0 0 0
148 30 22857 0 1 1 1 0 1 1 1 1 0 0 0 0 1 0 1 0 1 0 1 0 0 0 1 0 0 0 1 0 1
149 30 33065 1 1 0 1 0 1 1 0 0 1 1 1 0 1 0 1 1 0 1 0 1 1 1 0 1 1 1 0 1 1
150 30 36123 1 1 1 1 1 1 1 1 1 1 1 0 1 0 1 1 1 0 0 0 1 1 1 1 1 1 1 1 1 1
151 30 34321 1 1 1 0 1 0 1 1 0 1 1 1 0 1 1 0 1 1 0 1 1 1 1 1 1 0 1 1 1 0
152 30 33164 1 1 1 1 1 1 1 1 1 0 1 1 1 1 1 1 1 1 1 0 1 1 0 1 1 1 1 1 1 1
153 30 24227 1 1 0 1 1 0 0 1 1 1 1 0 1 1 1 1 1 1 0 1 1 0 1 0 0 1 0 1 0 1
154 30 38406 1 0 1 1 1 1 1 1 0 1 1 1 1 1 1 1 1 1 1 1 1 1 1 1 1 1 1 1 0 0
155 30 35326 1 1 1 1 1 1 1 1 1 1 1 1 0 1 1 1 1 1 1 1 1 0 1 1 1 1 1 1 1 1
156 30 29598 1 1 0 0 0 0 1 1 1 1 1 1 1 1 0 0 0 0 1 1 1 0 1 0 0 1 1 1 0 0
157 30 31314 1 1 1 1 0 1 0 0 1 1 0 1 1 0 1 1 1 0 1 1 1 0 1 0 1 0 1 1 0 1
158 30 34350 1 1 1 1 1 1 1 1 1 1 1 1 1 1 1 1 1 0 0 1 1 1 1 1 1 0 1 1 0 1
159 30 22956 0 1 1 0 1 0 0 0 1 1 1 1 0 1 0 1 0 1 1 0 0 0 0 0 0 0 0 0 1 0
160 30 29086 1 0 0 0 1 1 1 1 1 1 1 1 1 0 0 1 0 1 1 1 1 1 0 1 0 1 0 1 0 1
161 30 34296 1 1 1 1 1 1 1 1 1 0 1 1 0 1 0 1 1 0 1 1 0 1 1 1 1 1 1 1 1 1
162 30 42510 1 0 1 0 1 1 1 1 1 1 1 1 1 1 1 1 1 1 1 1 1 1 1 1 1 1 1 1 1 0
163 30 29037 1 1 1 1 1 1 1 1 1 1 1 1 1 1 1 1 1 1 1 0 1 1 1 1 1 1 1 1 1 1
164 30 23786 0 1 0 0 1 1 0 0 0 0 1 1 1 1 1 1 0 1 1 0 1 1 1 1 1 0 1 1 1 0
165 30 13259 0 0 1 1 0 0 0 0 0 1 0 0 0 1 1 0 0 0 0 1 0 0 0 0 0 0 0 1 1 0
166 30 30807 0 1 0 0 1 0 1 0 1 1 0 1 0 1 1 1 1 0 1 1 1 0 1 1 0 1 1 0 0 0
167 30 4377 0 0 0 0 0 0 0 1 1 0 0 0 0 0 0 0 0 0 0 0 0 0 0 0 0 0 1 0 0 0
168 30 25846 1 1 0 0 1 1 0 0 0 0 0 0 1 1 1 0 1 0 1 1 1 1 0 1 1 1 1 0 0 0
169 30 31414 1 0 1 1 0 1 0 1 1 0 1 0 1 0 1 1 0 1 0 0 1 1 0 0 1 1 1 1 1 1
170 30 29773 1 1 0 1 0 1 1 0 1 1 1 1 0 0 1 0 0 1 0 1 1 0 1 1 0 1 1 0 0 1
171 30 12907 0 0 1 0 1 0 0 0 0 1 0 0 0 0 0 1 1 0 0 0 1 0 0 1 0 0 1 0 1 0
172 30 33168 1 1 1 1 0 1 1 1 1 1 0 1 1 1 0 1 1 0 1 0 1 1 1 0 1 1 1 0 0 1
173 30 16533 1 1 1 0 0 0 0 0 0 0 1 0 0 0 0 1 0 1 1 1 0 0 0 0 1 1 0 1 0 0
174 30 15556 1 1 0 1 1 1 0 1 0 1 0 0 0 0 0 0 0 1 0 0 1 1 1 0 0 0 0 0 0 0
175 30 31523 0 1 1 1 0 0 1 0 1 0 1 1 1 1 0 1 1 0 1 0 1 1 0 1 0 1 0 1 1 0
176 30 31437 1 1 1 1 1 1 1 1 1 1 1 1 1 0 1 1 1 1 1 1 1 1 1 1 1 1 1 1 1 1
177 30 22765 1 1 0 1 0 0 0 0 1 0 0 1 0 0 1 0 1 0 0 1 0 1 1 1 0 1 1 0 0 0
178 30 31322 1 0 0 0 0 1 1 1 1 0 1 0 1 0 0 1 1 1 0 1 1 0 1 1 1 1 1 1 1 1
179 30 26913 1 1 1 0 0 0 1 0 1 1 1 0 1 1 0 0 1 0 1 0 0 1 1 0 0 0 0 1 1 1
180 30 31148 0 0 1 1 1 0 0 1 0 1 0 1 0 1 1 1 1 1 1 1 1 1 0 1 1 1 1 1 1 1
181 30 33698 1 1 1 0 1 0 1 1 1 1 1 1 1 1 1 1 0 1 1 0 1 1 1 0 1 0 1 1 0 1
182 30 30982 1 0 1 1 1 1 1 0 0 0 1 1 0 1 0 0 1 0 1 1 0 1 0 1 0 1 1 1 1 0
183 30 32196 1 1 1 0 1 1 1 0 1 0 0 1 0 1 1 0 0 1 1 1 1 1 1 1 1 0 0 1 1 0
184 30 26280 0 1 1 0 0 1 1 0 1 0 1 1 1 1 0 0 0 1 0 0 1 1 1 0 1 0 1 0 1 1
185 30 37497 0 1 1 1 1 1 1 1 1 1 1 1 1 1 1 1 1 0 1 1 1 1 1 1 1 0 0 1 1 0
186 30 23071 0 0 0 1 0 1 1 1 1 1 0 0 0 0 0 1 1 0 1 0 1 1 0 1 0 1 0 0 0 1
187 30 13427 0 0 0 0 1 0 1 0 0 0 0 1 0 0 0 0 0 0 1 1 0 0 0 0 0 1 1 0 1 1
188 30 14965 0 0 0 0 1 0 0 0 0 1 0 0 0 0 0 0 0 1 0 0 1 1 1 1 1 0 1 0 0 0
189 30 26636 0 0 1 1 0 1 1 1 0 0 1 1 0 0 1 0 1 0 1 0 1 1 0 0 1 1 0 1 1 1
190 30 25362 0 1 0 1 1 1 0 0 0 0 0 1 0 1 0 1 0 0 1 0 0 1 1 1 1 1 0 1 0 0
191 30 17693 0 0 1 0 0 1 1 0 1 0 1 0 1 0 1 1 0 0 0 0 0 0 1 0 0 1 0 0 1 0
192 30 25456 1 0 0 1 0 0 0 1 0 0 0 1 0 1 1 0 1 1 1 1 1 1 1 1 0 1 1 1 0 1
193 30 31523 1 0 1 1 0 0 0 1 1 0 0 0 0 1 1 1 1 0 0 1 1 1 1 1 1 1 1 0 1 0
194 30 33661 1 1 1 1 1 1 1 1 1 1 1 1 1 1 1 1 1 1 1 1 1 1 1 1 1 1 1 0 1 1
195 30 34469 0 1 1 1 0 1 1 0 1 0 1 1 0 1 0 0 1 0 1 1 1 1 1 1 1 1 1 1 0 1
196 30 9786 0 0 0 0 0 1 0 1 0 1 0 0 0 0 0 0 1 0 0 0 1 0 0 0 1 0 0 0 1 0
197 30 16224 0 1 1 1 0 0 1 0 0 1 0 1 0 1 0 0 0 0 1 0 0 1 0 0 0 0 0 1 0 1
198 30 26213 1 0 1 0 1 1 1 1 0 0 0 1 1 1 1 0 0 0 0 0 0 0 1 1 1 0 0 0 1 1
199 30 20252 0 1 0 0 0 0 0 1 0 0 1 0 1 0 0 1 1 0 0 0 0 1 1 0 0 0 1 1 0 0
200 30 19975 1 0 1 1 0 0 0 0 0 1 1 0 0 1 0 0 0 0 0 0 1 1 1 0 1 1 1 0 0 0
201 30 32513 0 0 1 1 1 1 1 1 1 1 1 1 1 1 1 1 1 1 0 1 0 1 1 1 1 1 1 1 1 1
202 30 29823 1 0 0 1 1 1 1 1 1 1 1 1 1 1 1 1 1 0 1 1 1 1 0 0 1 0 0 1 0 0
203 30 13956 1 0 0 1 1 1 1 1 1 0 0 0 0 0 0 1 1 0 0 0 1 0 0 0 0 0 0 0 0 0
204 30 25202 0 1 1 1 0 1 0 1 1 0 0 1 1 1 0 0 0 0 0 0 1 1 1 1 0 1 0 1 1 0
205 30 34686 1 1 1 1 0 0 1 1 1 0 1 1 1 1 0 1 0 1 1 1 0 1 0 1 1 1 1 0 0 1
206 30 40223 1 1 1 1 0 1 1 1 1 1 1 1 1 1 1 1 1 1 1 1 1 1 1 1 1 1 1 1 1 1
207 30 35276 1 1 1 0 1 1 1 1 1 1 1 1 1 1 1 1 1 1 1 0 1 1 0 1 1 1 1 1 1 1
208 30 35288 1 1 1 1 1 1 1 1 1 1 1 1 1 1 0 1 1 0 0 1 1 1 1 0 1 1 1 1 1 1
209 30 18957 1 0 0 1 0 0 1 1 1 0 1 1 0 0 1 0 0 1 0 0 1 0 1 0 1 0 1 0 0 0
210 30 28507 1 0 0 1 0 0 1 1 1 1 1 0 0 0 0 1 1 1 0 1 0 1 1 0 0 1 1 1 0 0
211 30 32183 1 1 1 1 0 1 1 1 0 0 0 1 1 1 1 1 1 1 1 1 1 0 1 1 1 1 1 1 1 0
212 30 38029 1 1 1 1 1 1 1 1 1 1 1 0 1 1 1 1 1 0 1 1 1 1 1 1 1 1 0 1 1 0
213 30 33228 1 1 0 0 1 0 1 1 1 1 1 0 1 0 0 1 1 1 1 0 1 0 1 1 1 1 1 1 1 1
214 30 18237 0 0 0 0 0 0 1 1 0 0 0 1 0 0 0 0 0 0 1 0 1 1 0 1 1 1 1 0 1 1
215 30 24042 1 0 1 0 1 0 0 0 0 1 1 1 0 0 1 1 1 1 1 1 1 1 0 1 0 1 0 0 1 0
216 30 33991 1 1 1 1 1 1 1 1 1 1 1 1 1 1 1 0 1 1 1 1 1 1 1 1 1 1 1 1 1 1
217 30 36804 1 0 0 1 1 1 1 1 1 0 1 0 0 1 1 1 1 1 1 1 1 1 1 1 1 1 1 0 1 0
218 30 36810 0 1 1 0 1 1 1 1 0 1 1 1 1 1 1 1 1 1 0 0 1 1 1 1 1 1 1 1 1 1
219 30 8743 0 0 0 0 0 0 0 0 0 0 1 0 0 0 0 0 0 1 0 0 0 0 1 1 0 0 0 0 0 0
220 30 29464 1 1 1 1 1 1 1 1 1 0 0 0 1 0 1 1 1 1 1 1 1 1 0 1 0 1 0 1 0 0
221 30 31401 1 1 1 1 1 1 1 1 1 0 1 1 1 1 1 1 1 0 1 1 1 1 1 0 1 0 1 1 1 1
222 30 30799 0 1 1 1 0 1 0 1 0 0 0 1 0 1 1 0 0 1 1 0 1 1 0 1 1 1 1 1 1 0
223 30 34123 1 1 0 0 0 1 1 1 1 1 1 0 1 0 1 1 1 1 0 1 1 0 1 1 1 1 1 1 1 1
224 30 33559 1 0 1 1 1 1 1 1 1 1 1 1 1 1 1 1 0 1 1 1 1 1 1 0 0 1 1 0 1 1
225 30 25385 0 0 1 0 0 0 0 1 1 0 1 1 1 1 1 1 0 1 1 0 1 1 0 0 1 0 0 0 1 0
226 30 9179 0 0 0 1 0 0 0 1 0 0 0 0 0 0 0 0 0 0 1 0 0 0 0 0 0 0 1 1 0 0
227 30 6189 0 0 0 1 0 0 0 0 0 0 0 1 0 1 0 0 0 0 1 0 0 0 0 0 0 0 0 0 0 0
228 30 27918 1 1 1 0 0 1 1 1 1 1 0 1 0 1 1 1 0 0 0 1 0 1 1 0 1 1 0 0 1 1
229 30 9604 0 1 0 0 1 1 0 0 0 0 1 1 0 0 0 0 0 0 0 0 0 0 1 0 0 0 1 0 0 0
230 30 34247 0 0 1 1 1 1 1 1 1 1 1 0 0 0 1 1 0 0 1 1 0 1 1 1 1 1 1 1 1 1
231 30 38819 1 1 1 1 1 1 0 1 1 0 0 1 1 1 1 0 1 1 1 0 1 0 1 1 1 1 1 1 1 1
232 30 24612 1 0 1 0 0 0 1 1 0 1 1 0 1 1 0 1 1 1 1 0 1 1 0 0 0 1 1 0 0 0
233 30 35621 1 1 1 1 1 1 1 1 1 1 1 1 0 1 1 0 1 0 1 0 0 1 0 1 1 1 1 1 1 0
234 30 27530 1 1 1 1 1 1 1 0 0 0 0 1 1 1 0 1 0 1 1 1 1 1 0 0 0 0 0 0 0 0
235 30 26155 0 0 1 1 1 1 1 0 1 1 1 0 0 1 1 0 0 1 0 1 0 0 1 1 0 0 1 1 1 0
236 30 19464 0 1 1 0 0 0 0 1 0 0 0 0 1 0 0 1 1 1 0 0 1 1 1 1 0 1 0 0 0 0
237 30 30263 1 0 0 0 1 1 0 1 1 1 1 1 1 0 1 0 1 1 0 1 0 0 1 1 1 1 0 1 0 0
238 30 17202 1 0 0 1 1 1 1 0 0 0 0 1 1 0 0 1 0 1 0 1 0 0 0 0 1 1 1 0 0 0
239 30 32332 1 0 1 0 1 1 0 0 1 1 1 0 1 1 0 1 1 0 1 0 1 1 1 1 1 1 0 0 0 1
240 30 38924 1 0 1 1 1 1 1 1 1 1 1 1 0 1 1 1 1 0 1 1 1 1 1 0 1 0 1 1 1 1
241 30 32927 1 0 1 0 0 0 1 1 1 1 1 0 1 1 1 0 1 1 0 1 1 1 0 1 1 1 1 1 0 1
242 30 13392 0 0 0 0 0 0 1 1 1 0 0 0 0 0 0 1 0 1 1 0 1 0 1 0 1 1 0 0 1 0
243 30 15793 0 0 1 0 0 0 0 0 0 0 1 0 1 0 0 1 1 0 1 0 0 0 1 1 0 1 0 0 0 1
244 30 28856 1 1 1 0 1 0 1 0 0 0 1 1 0 1 1 1 1 1 0 1 0 0 0 1 0 1 1 0 1 0
245 30 38275 1 1 1 1 1 1 0 1 1 1 1 1 1 1 1 1 1 1 1 1 1 1 1 1 1 1 1 1 1 1
246 30 38016 1 1 0 1 1 1 1 1 0 1 1 1 1 1 1 1 1 1 1 1 0 1 1 0 1 1 1 0 1 0
247 30 30355 0 0 1 1 1 1 1 1 1 0 0 1 1 1 0 0 1 1 1 1 1 1 1 0 1 1 1 0 1 0
248 30 23399 0 0 1 0 0 1 0 1 0 0 0 1 1 1 1 1 1 1 1 1 0 1 1 0 1 0 1 0 1 0
249 30 29328 0 0 1 0 1 0 1 1 1 1 0 1 1 1 1 1 1 0 1 1 0 1 1 1 1 0 1 1 1 0
250 30 29567 1 0 1 0 0 1 1 0 1 0 0 0 1 1 1 1 1 1 1 1 0 0 0 1 1 0 1 0 1 1
251 30 22952 0 1 0 1 0 1 1 1 0 1 0 1 0 0 1 1 0 1 0 1 1 0 1 0 0 0 0 0 0 0
252 30 37907 1 1 1 1 1 0 1 1 1 1 1 1 0 1 1 0 1 1 1 1 1 1 1 1 0 1 0 0 1 1
253 30 13095 0 0 0 1 0 1 0 0 0 0 0 0 1 0 0 0 1 0 0 0 0 1 0 0 0 1 0 1 0 0
254 30 26207 1 0 1 1 0 0 0 1 0 1 0 1 1 0 0 1 0 0 0 0 1 0 0 1 1 1 0 1 1 1
255 30 31625 1 0 1 1 0 1 1 0 1 1 1 1 1 1 1 1 1 1 1 0 1 1 1 1 1 1 1 1 1 1
256 30 9127 0 0 0 0 0 0 0 0 0 0 0 0 1 0 0 0 0 0 0 0 1 0 0 0 1 1 0 0 1 0
257 30 34022 1 1 1 1 1 0 1 1 0 0 1 1 0 1 1 1 1 1 1 1 0 0 1 1 1 0 1 1 1 1
258 30 32665 1 1 1 1 1 1 1 1 1 1 1 1 1 1 1 1 0 1 1 1 1 1 1 1 1 1 1 1 1 1
259 30 30768 0 1 1 1 1 0 0 1 1 0 0 1 0 0 1 1 1 1 1 1 1 0 1 0 1 1 1 0 1 1
260 30 40529 1 1 1 0 1 1 1 1 1 1 1 1 1 1 1 1 1 1 1 1 1 1 1 1 1 0 1 1 1 0
261 30 33617 1 1 1 1 1 1 1 1 1 0 1 1 1 1 1 1 1 1 1 1 1 0 1 1 1 1 0 1 0 1
262 30 39090 1 0 1 1 1 1 1 1 1 1 1 1 1 0 1 1 1 1 1 1 0 1 1 1 1 1 0 1 1 1
263 30 21424 1 0 0 1 1 0 1 1 0 0 0 0 1 0 0 1 1 0 0 0 0 0 0 1 1 0 1 1 0 1
264 30 24801 1 1 0 1 1 1 1 1 0 0 0 1 1 0 0 0 0 1 0 0 0 0 0 1 0 0 1 0 1 0
265 30 2968 0 0 0 0 0 0 0 0 1 0 0 0 0 0 0 0 0 0 0 0 0 0 0 0 0 0 0 0 1 0
266 30 42220 1 1 1 1 1 1 0 1 1 1 1 1 1 1 1 1 1 1 1 1 1 0 1 1 1 1 1 1 1 1
267 30 13809 0 1 0 0 1 0 0 1 0 0 0 0 0 0 0 1 1 1 0 0 1 0 0 0 0 0 1 1 0 0
268 30 15070 1 0 0 0 1 1 1 1 1 0 1 0 0 1 0 0 0 0 0 0 0 0 0 0 0 0 0 0 1 0
269 30 24857 0 1 1 1 1 0 0 0 1 0 1 1 0 1 0 1 0 0 0 0 0 1 0 0 1 1 1 1 1 1
270 30 29374 1 0 1 1 0 0 0 1 1 1 1 0 1 0 1 1 0 1 0 1 0 1 0 1 1 1 1 1 0 0
271 30 42033 0 1 1 1 1 1 1 0 1 1 1 1 1 1 1 1 0 1 1 1 1 1 1 1 1 1 1 1 1 1
272 30 42274 1 1 0 1 1 1 1 1 1 1 1 1 0 1 1 0 1 1 1 1 0 0 1 1 0 1 1 1 1 0
273 30 29007 0 0 1 1 1 0 1 1 1 0 1 0 0 1 0 1 1 1 1 1 1 1 0 0 0 1 0 0 0 1
274 30 22154 1 1 0 0 0 0 0 0 1 1 1 1 1 1 0 1 1 0 1 1 0 0 0 1 1 0 0 0 1 0
275 30 30761 1 0 1 1 0 1 1 1 0 1 0 1 1 1 1 0 1 1 1 1 0 0 0 1 1 0 0 1 1 1
276 30 9491 1 0 0 0 1 1 0 1 0 0 1 0 0 0 0 0 0 0 0 0 0 1 1 0 0 0 0 0 1 0
277 30 31584 1 1 1 1 1 1 1 1 0 1 1 0 0 1 1 0 1 0 0 1 0 0 0 0 1 1 1 0 1 0
278 30 16739 1 0 1 1 0 0 0 0 0 0 0 0 0 0 1 0 1 0 0 0 0 1 0 0 0 0 1 0 1 1
279 30 24242 1 0 0 1 1 1 0 1 0 0 0 1 1 0 0 0 1 1 0 0 0 0 1 1 0 1 1 0 0 1
280 30 23583 1 1 1 0 0 1 0 0 1 1 0 0 0 1 1 1 1 1 0 0 0 1 0 1 1 1 1 0 1 1
281 30 39498 1 1 1 0 1 1 1 1 1 1 0 0 1 1 1 1 1 1 1 1 1 1 0 1 1 1 1 0 1 1
282 30 14601 0 1 0 0 0 1 0 0 0 1 0 1 1 0 1 1 0 0 1 0 0 1 0 0 0 1 0 0 0 1
283 30 5610 0 0 0 0 0 0 0 0 0 0 1 0 1 1 1 0 0 0 0 0 0 0 0 0 0 0 0 0 0 0
284 30 34665 1 0 1 1 1 1 1 1 1 1 1 1 1 1 1 1 1 1 1 0 1 1 1 1 0 0 1 1 1 1
285 30 12322 0 1 0 0 0 0 0 0 0 0 0 0 0 0 1 0 0 0 1 0 0 1 0 1 0 1 0 0 1 0
286 30 33598 1 1 1 0 1 1 1 1 1 1 1 1 1 1 1 1 1 1 1 1 1 1 1 1 1 1 1 1 1 1
287 30 26124 0 0 0 0 1 0 0 1 1 1 1 0 0 1 1 0 1 1 1 1 0 1 1 0 1 0 0 0 1 1
288 30 28576 1 1 0 1 0 1 0 1 1 0 1 0 0 0 0 1 0 0 0 1 0 1 1 1 1 1 1 1 0 0
289 30 36424 1 1 1 1 1 1 1 1 1 1 1 1 1 1 1 0 1 1 1 1 1 1 1 1 1 1 1 1 1 1
290 30 25813 0 0 0 0 1 1 1 0 1 0 1 1 0 1 0 1 0 1 1 0 0 0 0 1 1 0 1 1 0 1
291 30 14155 0 0 0 0 0 0 0 1 0 1 1 0 1 0 0 0 0 0 0 0 0 0 1 0 0 0 1 1 1 0
292 30 5347 0 0 0 1 0 0 0 0 0 0 0 0 0 0 1 1 0 0 0 0 0 0 0 0 0 0 0 0 0 0
293 30 12787 0 1 1 0 0 0 0 1 0 0 1 0 1 0 0 1 1 1 1 0 0 0 0 0 0 0 0 0 0 0
294 30 31730 0 1 1 0 0 1 1 1 1 0 0 0 1 1 0 1 1 0 1 1 1 1 1 1 0 1 0 1 1 0
295 30 18178 0 1 1 1 0 0 0 0 0 0 0 0 1 0 1 0 0 1 1 0 0 0 1 1 0 1 0 0 1 0
296 30 14277 0 0 0 1 1 1 1 0 0 0 0 0 0 0 0 0 1 0 0 1 0 0 0 0 1 0 0 1 0 0
297 30 25368 0 1 0 0 1 0 1 0 1 1 0 1 1 1 0 0 1 1 0 1 0 0 1 0 1 1 1 0 0 1
298 30 34142 1 1 1 1 1 1 1 0 1 1 1 1 1 1 1 1 1 1 1 1 1 1 1 1 1 1 1 1 1 1
299 30 28201 1 1 1 0 1 1 0 1 0 1 1 1 1 1 0 1 0 0 0 1 0 0 0 1 1 1 1 1 0 0
300 30 17030 0 0 0 1 1 1 1 0 0 1 1 1 1 1 0 0 0 0 0 0 0 0 0 0 1 0 0 0 0 0
301 30 36849 0 0 1 1 1 1 1 1 1 1 1 1 1 0 1 0 0 0 1 1 1 1 1 1 0 0 1 0 1 1
302 30 25496 1 1 1 0 1 0 0 1 0 0 0 0 0 0 1 1 1 0 1 0 1 1 1 1 0 0 0 0 0 1
303 30 34202 1 1 1 0 1 0 1 1 1 1 0 1 0 1 1 0 0 1 1 1 1 0 1 1 1 0 1 1 1 1
304 30 16485 1 0 0 0 0 0 1 0 0 0 1 0 1 0 0 0 1 0 0 0 0 0 1 0 1 0 0 0 0 1
305 30 5747 0 0 0 0 0 0 0 0 0 0 0 0 1 0 0 0 0 0 0 1 0 0 0 0 0 0 1 0 0 0
306 30 32261 0 1 1 1 1 1 1 1 0 1 1 1 0 1 0 1 1 1 1 0 1 1 1 1 1 1 1 1 1 1
307 30 24305 0 1 0 0 1 1 0 1 0 0 0 1 0 0 0 0 0 1 1 1 1 1 0 0 0 1 1 1 1 1
308 30 37188 1 1 1 1 1 1 1 1 1 1 1 1 1 1 1 1 1 1 1 1 1 0 1 1 0 1 1 1 1 1
309 30 25448 0 0 1 1 0 1 1 1 1 1 0 1 1 0 1 0 0 1 1 1 1 1 1 0 0 1 1 0 0 0
310 30 32768 1 1 1 1 1 1 1 1 1 1 1 1 1 1 1 0 0 1 0 1 0 1 1 0 0 1 1 0 0 0
311 30 19354 0 1 0 0 1 0 1 1 0 1 0 0 0 0 0 0 1 0 0 1 0 1 1 1 0 1 0 1 0 0
312 30 36276 0 0 1 0 0 1 1 1 1 1 1 1 1 0 0 0 0 1 1 1 1 1 1 1 1 1 1 1 0 1
313 30 29510 1 1 0 1 1 1 1 1 1 1 1 0 1 1 0 1 1 0 0 0 0 0 0 0 1 1 0 1 0 1
314 30 36417 1 1 0 0 0 0 1 1 1 0 1 1 1 0 0 1 1 0 0 1 1 1 1 1 1 1 1 1 1 1
315 30 22831 1 1 0 1 0 0 1 1 1 1 0 0 1 1 0 0 1 0 0 1 0 0 0 1 1 0 1 1 0 0
316 30 37810 1 0 1 1 1 1 1 1 1 0 1 1 1 1 1 1 1 1 1 1 1 1 1 1 1 1 1 1 1 1
317 30 14982 0 1 0 0 1 1 0 0 0 0 0 1 0 1 0 0 0 0 0 0 1 1 1 1 0 0 1 0 0 0
318 30 27442 1 1 1 0 0 0 0 1 1 1 1 1 1 1 0 0 1 0 1 1 1 1 0 0 1 1 1 0 0 1
319 30 12649 0 1 0 0 0 0 0 1 0 0 0 0 0 0 1 0 1 0 0 0 0 1 0 0 0 1 0 1 0 0
320 30 12659 0 1 0 1 0 0 0 1 0 0 0 0 1 1 0 1 0 0 1 0 1 0 1 1 0 0 0 0 0 0
321 30 1351 0 0 0 0 0 0 1 0 0 0 0 0 0 0 0 0 0 0 1 0 0 0 0 0 0 0 0 0 0 0
322 30 34464 0 0 1 1 1 1 1 1 1 1 1 0 1 1 0 1 1 0 1 1 1 1 1 1 1 1 1 1 1 1
323 30 32052 1 0 1 1 1 1 0 0 1 1 1 1 0 1 1 1 1 1 1 0 1 1 1 0 1 0 1 1 1 0
324 30 4637 0 0 0 0 0 0 0 0 0 0 1 0 1 0 0 0 0 0 0 0 0 0 0 0 0 1 0 0 0 0
325 30 29268 0 0 1 1 1 1 0 0 0 1 0 1 1 1 1 1 0 1 0 1 0 1 1 1 0 1 0 0 1 0
326 30 32447 1 1 1 1 1 1 1 1 1 1 1 0 1 1 1 1 1 1 1 0 1 0 0 0 1 1 1 0 1 1
327 30 21448 0 1 0 1 0 1 1 0 0 0 0 0 1 0 0 1 0 1 0 1 1 0 0 1 0 0 1 1 0 0
328 30 30261 1 0 1 1 0 1 1 1 1 1 1 0 0 1 1 1 1 1 0 1 0 0 0 1 0 1 1 1 1 1
329 30 13697 1 0 0 0 0 1 1 0 1 0 0 0 0 1 0 1 0 0 0 0 1 0 0 1 0 0 0 0 1 0
330 30 21349 0 0 1 1 0 0 0 0 1 1 1 1 0 0 0 0 0 1 1 0 1 0 1 1 1 1 0 0 0 1
331 30 41500 1 1 1 1 1 1 1 1 1 1 1 1 1 1 1 1 1 1 1 1 1 1 0 0 1 1 1 1 1 1
332 30 39545 0 1 1 1 0 0 1 1 0 1 1 1 1 1 1 1 1 1 1 1 1 1 0 1 0 0 0 1 1 1
333 30 29497 0 1 1 1 1 1 0 0 1 1 0 1 1 0 1 1 0 0 1 1 0 1 1 0 1 1 0 1 0 1
334 30 27325 0 1 1 1 1 1 1 0 0 0 1 1 1 0 0 1 1 1 1 0 1 0 0 1 1 1 0 0 0 0
335 30 24355 0 1 0 1 1 1 0 0 0 1 0 1 1 1 0 0 0 1 0 1 1 0 0 0 0 1 1 0 1 1
336 30 36482 1 1 1 1 1 1 1 1 0 0 1 1 0 1 1 1 1 1 0 0 0 0 1 0 1 0 1 1 1 0
337 30 28257 0 1 1 0 0 0 0 1 1 0 1 0 0 1 0 0 1 1 1 0 0 1 1 1 0 0 1 1 0 1
338 30 30822 1 0 1 1 0 1 1 1 1 1 1 1 1 1 1 1 0 1 1 1 1 1 0 0 1 1 1 1 0 1
339 30 29006 0 1 0 0 1 1 0 1 1 0 1 1 1 0 1 1 1 1 0 1 1 0 1 1 1 0 0 1 0 0
340 30 25099 1 1 0 1 1 1 0 1 1 0 0 1 0 0 0 0 1 1 0 1 1 0 0 1 0 0 1 1 0 1
341 30 36438 1 1 1 1 1 1 1 1 1 1 1 1 1 1 1 1 0 1 1 1 1 1 1 1 1 1 1 1 1 1
342 30 32252 0 0 0 1 1 1 1 1 1 1 1 1 0 0 1 1 1 0 1 1 1 1 1 1 0 0 1 1 0 0
343 30 28775 1 1 1 0 1 1 1 1 1 1 1 0 0 1 1 1 1 1 1 1 1 1 1 1 1 1 1 1 1 0
344 30 14777 0 0 0 0 1 1 1 1 1 0 0 0 0 0 1 0 1 1 0 0 0 0 0 1 0 0 1 0 0 1
345 30 30674 1 1 1 0 1 1 0 1 0 1 0 1 1 1 1 0 1 0 1 0 0 1 0 0 1 1 1 1 1 1
346 30 4357 0 0 0 0 0 0 0 0 0 0 0 0 0 0 0 0 0 0 0 0 0 0 0 0 1 0 0 0 1 0
347 30 39423 1 1 1 1 1 1 1 0 1 1 1 1 1 1 1 1 1 1 1 1 1 1 1 1 1 1 1 1 1 1
348 30 35062 1 1 1 0 1 1 1 1 1 0 1 1 1 0 1 1 1 1 1 1 1 1 1 1 1 1 1 0 1 1
349 30 31169 0 1 1 1 0 1 1 0 1 1 0 1 0 1 1 1 1 0 1 1 1 1 1 1 1 1 1 1 0 1
350 30 32698 1 1 0 1 0 1 0 1 1 1 1 1 1 1 1 1 1 1 1 1 1 1 0 1 1 1 1 1 1 1
351 30 32835 1 1 1 1 1 1 0 1 1 1 1 1 0 1 1 0 1 1 1 1 1 0 1 1 1 1 1 1 0 1
352 30 5847 0 0 0 0 0 0 1 0 0 0 0 0 0 0 0 0 0 1 1 0 0 0 0 0 0 0 0 1 0 0
353 30 40094 0 1 1 1 1 1 1 1 1 1 1 1 1 1 1 1 1 0 1 1 1 1 1 1 1 1 1 0 1 1
354 30 23473 1 0 1 0 1 1 1 1 1 1 0 0 1 1 0 1 0 0 0 0 0 1 1 0 1 0 1 1 0 1
355 30 33989 1 1 1 1 1 1 1 1 0 1 1 1 1 1 0 1 1 1 1 1 1 1 1 1 1 1 1 1 1 1
356 30 22637 0 1 1 0 0 1 1 0 0 1 1 0 1 0 0 0 1 0 0 0 1 1 1 1 0 1 0 1 1 1
357 30 14935 0 0 1 0 0 0 1 1 0 0 0 0 1 1 0 0 0 1 0 0 1 1 0 0 0 0 1 0 1 0
358 30 38007 1 1 0 1 1 1 1 1 1 1 1 1 0 1 1 1 1 0 0 1 1 1 1 1 1 1 1 1 1 1
359 30 25074 1 1 0 0 1 1 1 0 0 0 0 1 1 1 0 1 1 1 0 0 0 0 1 0 0 0 1 0 0 1
360 30 32293 0 0 1 1 1 0 1 1 1 1 1 1 1 1 0 1 1 1 0 1 1 1 1 1 1 1 0 1 1 1
361 30 25867 1 0 0 0 1 1 0 1 1 1 1 0 0 1 0 1 1 1 1 1 0 1 1 1 0 0 0 0 1 1
362 30 25687 0 0 0 1 1 0 1 0 1 0 0 1 1 0 0 0 1 1 0 0 1 1 1 1 0 0 1 1 0 1
363 30 36638 1 1 1 1 1 1 1 1 1 1 1 1 1 1 1 1 1 1 1 1 1 1 1 1 1 0 1 1 1 1
364 30 31216 1 1 0 1 1 0 1 1 1 1 1 1 1 0 1 1 1 1 1 0 1 1 0 1 0 0 1 0 1 1
365 30 38854 1 0 1 1 1 1 1 1 1 0 1 1 1 1 1 1 1 1 1 1 1 1 1 1 1 1 1 1 1 1
366 30 33288 0 1 1 1 1 1 1 1 1 1 1 1 1 1 1 1 1 1 1 1 1 1 1 1 1 1 1 1 1 1
367 30 32073 1 0 0 1 1 1 1 1 0 0 1 0 1 1 1 1 1 1 1 1 1 1 0 1 0 0 1 1 0 1
368 30 32443 1 0 1 1 0 1 0 1 1 1 0 1 0 1 0 1 1 1 1 1 1 0 1 1 0 0 1 1 1 1
369 30 17903 0 1 0 1 0 1 0 0 0 1 0 0 0 0 1 0 1 0 0 0 0 0 1 1 1 0 1 0 0 1
370 30 25600 1 1 0 1 0 0 0 1 0 1 1 1 0 0 0 1 0 0 0 0 0 1 0 1 0 1 1 1 1 0
371 30 39745 1 1 0 1 1 1 1 1 1 0 1 1 1 1 1 1 1 1 1 1 1 1 1 1 1 1 1 1 1 1
372 30 43215 1 1 1 1 1 1 1 1 1 1 1 1 1 1 0 1 1 1 1 1 1 1 1 1 1 1 1 1 1 1
373 30 34264 0 1 1 1 1 1 1 1 1 1 1 0 1 0 1 0 1 1 1 1 0 1 1 1 1 1 1 1 1 0
374 30 39048 1 1 1 1 1 1 1 1 1 1 1 1 1 1 1 1 1 1 1 1 1 1 0 1 1 1 1 1 1 1
375 30 29638 1 1 1 1 1 1 1 1 1 1 1 1 1 1 1 1 1 1 1 1 1 0 1 1 1 1 1 1 1 1
376 30 24947 1 1 1 1 1 1 1 0 0 0 1 1 1 1 1 0 1 0 0 0 1 1 1 0 0 1 0 1 1 1
377 30 28526 1 0 1 1 1 1 1 1 0 1 0 1 1 0 0 1 0 0 1 1 1 1 0 0 1 1 0 1 0 1
378 30 30632 1 1 0 1 0 1 0 1 1 0 1 0 1 1 0 0 1 1 1 1 0 1 1 0 0 1 1 0 1 0
379 30 34757 1 1 1 1 0 1 1 1 1 1 1 1 0 1 1 1 1 1 1 1 1 1 1 1 1 1 1 1 0 1
380 30 35231 1 1 0 1 1 1 1 1 1 1 1 1 1 1 1 1 1 1 1 1 1 1 1 1 1 1 1 1 1 1
381 30 24020 1 0 1 0 1 1 0 0 1 1 0 0 1 1 1 1 0 1 0 1 1 1 1 0 1 0 0 1 1 1
382 30 20670 0 0 0 0 0 0 0 1 1 0 0 1 1 1 1 0 1 0 0 1 0 1 0 1 1 1 0 0 1 1
383 30 24245 0 0 1 1 1 0 1 1 0 0 1 0 1 0 1 0 0 0 0 1 0 0 1 1 1 1 0 0 1 0
384 30 18847 1 0 1 0 0 0 0 0 1 0 0 1 0 1 1 1 0 1 0 1 0 1 0 1 0 0 0 1 1 0
385 30 30987 0 1 1 1 1 1 1 0 1 0 0 1 0 1 1 1 1 1 0 1 0 0 1 0 0 1 1 1 1 1
386 30 10353 0 0 1 0 0 1 0 0 0 0 0 0 0 0 0 0 0 0 0 1 0 1 0 0 0 0 0 1 0 0
387 30 19527 0 0 0 0 0 1 0 1 0 1 0 0 0 0 0 1 0 0 1 0 1 1 1 1 0 0 0 0 1 0
388 30 1196 0 0 1 0 0 0 0 1 0 0 0 0 0 0 0 0 0 0 0 0 0 0 0 0 0 0 0 0 0 0
389 30 28132 1 0 1 1 0 1 1 0 1 1 1 0 1 1 0 0 1 1 0 1 1 0 0 1 1 0 1 1 0 0
390 30 43040 1 1 1 1 1 1 1 1 0 1 1 1 1 1 1 1 1 1 1 1 1 0 1 1 1 1 1 1 1 0
391 30 37368 1 1 1 1 1 1 1 1 1 0 1 1 1 1 1 1 1 1 1 1 0 1 1 1 1 1 1 1 1 1
392 30 19143 0 1 0 0 0 1 1 0 1 1 0 0 0 0 0 1 1 0 1 0 0 1 1 0 1 1 1 1 0 0
393 30 37264 1 1 0 1 1 1 0 1 1 1 0 1 0 1 1 1 0 1 1 1 0 0 1 1 1 1 1 0 1 1
394 30 29803 0 0 1 1 1 1 1 0 1 1 1 1 1 1 0 0 0 1 1 1 0 1 0 0 1 1 0 1 0 0
395 30 18305 0 1 1 1 0 0 1 0 1 0 0 0 0 0 0 0 0 1 1 0 1 1 1 0 1 0 0 0 1 0
396 30 26586 0 1 1 0 1 0 0 1 0 1 1 1 1 1 1 1 1 1 0 1 1 0 0 0 1 1 0 0 0 0
397 30 8549 0 0 0 0 0 0 0 0 0 0 0 0 0 0 0 1 0 0 1 0 1 0 1 1 1 0 0 0 0 0
398 30 28065 1 0 1 0 0 1 1 1 0 1 1 0 1 1 1 1 1 1 0 0 1 1 0 1 0 0 1 1 1 1
399 30 25393 1 1 0 0 1 1 0 0 0 1 0 1 1 1 0 1 1 0 0 1 0 1 1 0 0 1 1 0 1 0
400 30 8468 0 1 0 0 0 0 0 0 1 0 0 0 0 0 0 0 0 1 0 1 0 0 0 0 0 1 0 0 0 0
401 30 34411 0 1 1 0 1 1 1 1 1 0 0 0 1 1 1 1 1 1 1 1 0 1 1 1 1 1 1 1 1 1
402 30 24860 1 0 0 1 1 0 0 1 1 0 0 1 1 1 1 0 0 0 1 1 0 0 1 0 1 0 1 0 1 1
403 30 36882 1 1 0 1 1 1 1 1 0 1 0 1 1 1 1 0 1 1 1 1 1 1 1 1 1 1 1 1 0 1
404 30 28467 0 0 0 0 1 0 0 0 1 1 0 0 1 1 1 1 1 0 1 0 1 1 1 0 1 1 1 1 0 1
405 30 40090 1 1 1 1 1 1 1 1 1 1 1 1 1 1 1 1 1 1 1 1 0 1 1 1 1 1 1 1 1 1
406 30 29789 1 1 0 1 1 0 0 0 0 1 0 1 1 0 1 1 0 1 0 1 1 0 1 0 1 0 1 0 0 1
407 30 28106 1 1 0 1 0 1 1 1 1 0 1 1 1 1 1 1 1 0 1 0 1 1 0 1 1 1 1 1 1 1
408 30 39375 1 1 1 1 0 0 1 1 1 1 0 1 1 1 1 1 1 1 0 1 1 1 1 1 1 1 1 1 1 1
409 30 28900 1 0 0 0 0 1 1 0 0 1 1 1 1 0 1 1 1 1 1 0 1 1 1 0 1 1 1 1 1 1
410 30 2293 0 0 0 0 0 0 0 0 0 1 0 0 0 0 0 0 0 0 0 0 0 0 0 0 0 0 0 0 0 0
411 30 20470 0 1 0 0 1 1 0 0 1 1 1 1 1 1 0 1 0 0 0 1 1 0 1 0 1 0 0 0 0 1
412 30 15104 0 0 0 0 1 1 0 0 1 0 0 1 1 0 0 0 1 0 0 1 1 0 0 0 1 0 0 0 0 0
413 30 29409 0 0 1 1 1 1 0 1 1 1 1 0 0 0 1 1 0 0 1 0 1 1 1 1 0 1 1 1 1 0
414 30 21900 0 1 1 1 1 0 0 0 1 0 1 0 0 0 0 1 1 1 1 0 0 0 0 1 1 0 0 0 1 0
415 30 4602 0 0 0 0 0 0 0 0 0 0 0 1 0 0 0 0 0 0 0 1 0 0 0 0 0 0 1 0 0 0
416 30 35649 1 0 0 1 0 1 1 1 1 1 1 1 1 1 0 1 1 1 0 0 1 1 0 0 1 1 1 1 0 1
417 30 27248 0 0 1 1 1 1 0 0 0 1 1 0 0 0 1 1 1 1 1 0 1 1 0 1 1 0 0 0 0 1
418 30 14968 1 0 1 0 1 1 0 0 1 0 0 1 0 0 0 0 0 0 0 0 0 0 0 1 1 0 1 0 0 0
419 30 29109 1 1 0 1 1 0 1 1 1 1 1 0 0 0 0 0 0 0 0 1 1 1 0 1 1 0 1 1 1 1
420 30 27450 0 1 0 1 0 1 0 0 0 0 1 0 0 0 0 1 1 1 1 1 1 1 0 1 1 0 1 0 1 1
421 30 31043 1 1 1 1 1 1 0 1 1 1 1 1 1 1 1 0 0 1 0 1 1 1 0 0 1 1 1 1 0 1
422 30 33425 1 1 0 1 0 0 0 1 1 0 1 0 1 1 1 1 1 1 1 1 1 0 0 0 1 1 1 1 1 0
423 30 3449 0 0 0 0 0 0 0 0 0 0 0 0 0 0 0 0 0 0 1 0 0 0 0 0 0 0 1 0 1 0
424 30 28707 1 1 0 1 1 0 1 1 1 0 1 1 0 1 1 0 0 1 1 1 0 0 1 0 1 1 0 1 1 1
425 30 21757 0 0 0 1 1 1 1 1 0 1 0 0 1 0 0 1 1 0 1 0 1 0 1 1 0 1 1 0 0 1
426 30 25124 1 1 0 1 0 0 1 0 0 1 1 1 1 1 1 0 0 1 0 0 1 1 0 1 1 0 0 1 1 0
427 30 18977 0 0 0 0 0 1 1 1 1 0 0 1 1 1 0 0 1 0 0 0 0 0 1 1 1 1 0 0 1 0
428 30 29862 1 0 0 1 0 1 0 0 1 1 1 1 1 1 0 1 0 0 1 1 1 1 1 1 1 1 1 1 1 1
429 30 32995 1 1 1 1 1 1 1 1 1 1 0 0 0 1 1 0 1 0 1 1 1 1 1 0 1 0 1 1 1 1
430 30 6340 0 0 0 0 0 0 0 0 1 0 0 0 0 0 0 0 0 0 0 0 0 0 1 0 1 0 0 0 0 1
431 30 28573 0 1 1 0 0 0 1 1 1 0 1 1 1 1 1 1 0 1 1 0 1 0 1 1 0 1 1 0 1 0
432 30 2286 0 0 0 0 0 0 0 0 0 0 0 0 0 0 0 0 0 0 0 0 0 1 0 0 0 0 0 0 0 0
433 30 35958 1 0 1 1 1 0 0 1 1 1 1 1 1 0 1 1 1 0 1 1 1 0 1 1 0 1 1 1 0 1
434 30 10731 0 0 0 0 1 0 1 1 0 0 1 0 0 1 0 0 0 1 0 0 0 0 0 0 0 0 0 0 0 0
435 30 25248 0 1 0 1 0 1 1 1 1 1 1 1 0 0 0 0 0 1 1 1 0 0 0 1 1 0 1 0 1 0
436 30 29522 1 1 1 1 0 1 0 1 1 1 1 0 1 1 1 1 1 0 1 0 1 0 1 1 1 1 0 0 0 1
437 30 31618 1 0 1 1 0 1 0 1 1 1 0 1 1 0 1 1 1 1 0 0 0 1 1 1 1 1 0 1 0 1
438 30 37990 1 1 1 1 1 1 1 1 1 1 1 1 1 1 1 1 1 1 1 1 1 1 1 1 0 1 1 1 1 1
439 30 32538 1 1 1 1 1 1 1 1 0 1 1 1 1 1 1 1 0 1 0 1 1 1 1 1 1 1 1 1 1 1
440 30 20749 1 1 0 0 0 0 0 0 0 1 0 0 0 1 0 0 1 0 1 1 1 1 0 1 0 0 1 0 1 1
441 30 3834 0 0 0 0 0 0 0 0 0 1 0 0 0 0 0 0 0 0 0 0 0 0 0 0 1 0 0 0 0 0
442 30 32082 1 1 0 1 0 1 1 0 0 0 1 1 1 1 0 1 0 1 1 1 1 0 1 1 1 0 1 1 1 1
443 30 34466 1 0 0 1 1 1 0 1 1 0 1 1 1 0 1 1 1 1 0 1 1 0 1 0 0 1 1 1 1 0
444 30 42656 0 1 1 1 1 1 1 1 1 1 1 1 1 1 1 1 1 1 1 1 1 0 1 1 1 1 1 1 1 1
445 30 24820 0 0 1 0 1 0 1 1 1 1 1 0 1 1 1 0 1 0 1 0 1 0 0 1 0 1 0 1 0 1
446 30 33858 1 1 1 1 1 0 1 1 1 1 1 1 1 1 1 1 0 1 1 1 1 1 1 1 0 1 1 1 1 0
447 30 9079 1 0 0 0 0 1 0 0 1 0 0 0 0 0 0 0 0 0 0 0 1 0 1 0 0 0 0 0 0 1
448 30 22194 0 0 0 1 1 0 0 1 0 1 1 1 0 1 1 0 0 1 1 0 0 0 0 0 0 1 1 1 1 1
449 30 19389 1 1 0 0 0 0 0 0 1 0 1 0 0 1 0 1 0 0 1 0 0 1 0 0 0 0 1 1 0 0
450 30 16084 1 0 0 0 0 0 1 1 1 0 0 0 0 1 0 1 1 0 0 0 1 0 1 0 0 0 0 0 0 0
451 30 20809 0 1 1 1 0 1 1 0 1 0 0 1 0 1 0 1 0 0 0 0 1 0 0 0 1 0 1 0 0 0
452 30 27077 1 0 1 0 0 1 1 1 1 1 1 1 0 0 0 0 1 1 1 0 1 0 0 0 1 1 1 0 1 1
453 30 30708 1 1 0 1 0 1 0 1 0 0 1 1 0 0 1 0 0 0 1 1 1 1 0 1 1 0 1 0 1 0
454 30 22966 0 0 1 1 0 1 1 0 1 1 1 1 0 0 0 1 1 0 0 1 1 0 0 0 0 0 1 1 1 1
455 30 8556 1 0 0 0 0 0 0 0 0 0 1 1 0 1 1 0 0 0 0 0 0 0 0 0 0 0 1 0 0 0
456 30 10700 0 0 1 0 0 1 1 0 0 1 0 1 0 0 0 0 0 0 0 0 1 0 0 0 0 0 0 0 0 0
457 30 27605 0 1 1 1 1 0 1 1 1 1 1 0 0 1 0 1 1 0 0 1 0 0 1 0 0 1 1 0 1 1
458 30 8786 0 1 1 0 0 0 0 0 0 0 0 0 0 0 0 1 0 1 1 0 0 1 0 0 1 0 0 0 0 0
459 30 33144 1 0 1 0 0 1 1 1 1 0 0 1 1 1 1 1 1 1 1 1 1 1 0 0 1 1 1 0 1 1
460 30 35445 1 1 1 1 1 1 1 1 1 1 1 1 1 0 1 1 1 1 1 1 1 1 0 1 1 1 1 1 1 1
461 30 24367 1 0 0 1 0 1 0 1 1 0 0 0 1 1 1 0 0 1 1 0 0 1 1 0 1 1 1 0 0 1
462 30 32841 0 1 0 0 1 1 0 1 1 1 0 1 0 1 1 1 1 1 1 1 1 1 0 0 1 1 1 0 1 1
463 30 27661 0 1 0 1 1 0 1 1 1 1 0 1 1 0 1 1 1 1 0 1 0 0 1 0 1 1 0 0 1 1
464 30 29312 1 1 0 1 1 1 1 1 0 1 0 1 1 1 1 0 0 1 1 1 0 0 0 0 0 1 0 1 1 1
465 30 32254 1 0 1 1 1 1 0 1 1 1 1 1 1 1 1 1 1 1 0 1 1 0 0 0 1 1 0 0 1 0
466 30 36594 1 1 1 1 1 1 1 1 1 1 1 1 1 1 1 1 1 1 1 1 1 1 1 1 1 1 1 1 0 1
467 30 41581 0 1 0 1 1 1 1 1 1 1 1 1 1 1 1 1 1 1 1 1 1 0 1 1 1 1 1 0 0 0
468 30 22478 1 1 1 0 0 0 1 1 0 1 1 1 0 0 1 0 1 0 0 1 1 0 0 0 0 1 0 0 1 0
469 30 33438 1 1 1 1 1 1 1 0 0 1 1 1 0 0 1 0 1 1 1 1 1 0 0 1 1 1 0 1 1 1
470 30 27865 1 1 1 0 0 1 0 0 1 1 0 0 1 0 1 0 1 1 1 0 0 1 1 1 1 0 0 0 1 0
471 30 20079 0 1 1 1 0 1 0 1 0 0 0 0 1 1 1 0 0 0 1 0 1 0 0 0 1 1 0 0 0 0
472 30 29753 1 1 0 1 1 1 1 1 1 1 1 1 1 1 1 1 1 1 1 1 1 1 1 1 1 1 1 1 1 1
473 30 23191 0 1 0 1 1 1 0 1 1 0 0 0 0 1 0 1 0 1 0 1 0 1 0 1 1 0 0 1 0 0
474 30 28042 1 1 0 0 1 0 0 1 1 1 1 1 0 0 1 1 0 0 1 1 0 0 1 1 0 1 1 1 1 0
475 30 30898 1 0 0 1 1 1 0 0 1 1 0 1 1 0 0 0 1 0 1 1 1 1 1 0 1 1 1 1 1 0
476 30 37056 1 1 1 1 1 1 1 0 1 1 1 1 1 1 1 1 1 1 0 1 1 0 1 0 1 1 1 1 1 1
477 30 24853 0 1 0 1 1 1 0 1 1 0 1 0 1 0 0 0 0 0 0 1 0 1 1 1 0 1 1 0 1 0
478 30 21341 1 0 1 1 1 1 0 1 0 1 1 1 0 0 1 0 0 0 0 1 0 0 1 0 0 0 1 0 0 1
479 30 39033 0 1 1 0 1 1 0 1 0 1 1 0 1 1 1 1 1 1 0 1 1 0 1 1 1 1 1 1 1 1
480 30 34444 1 1 1 1 0 0 1 0 1 1 1 0 1 1 1 1 1 1 1 0 1 1 1 1 1 1 0 0 1 1
481 30 11006 0 0 0 0 0 0 1 0 0 0 0 0 1 0 0 1 0 1 0 0 0 1 0 0 0 1 0 0 1 0
482 30 32778 1 1 0 1 1 1 1 1 0 0 1 1 1 1 1 1 1 0 0 1 0 1 0 1 0 1 1 1 1 1
483 30 38237 0 1 1 1 1 0 0 0 1 1 1 1 1 1 1 1 0 1 1 1 1 0 0 1 1 1 1 1 1 1
484 30 28980 1 0 0 1 0 0 1 0 1 0 1 0 0 1 0 1 0 0 1 1 1 1 0 0 1 1 1 1 0 1
485 30 31568 1 1 1 1 1 1 1 1 1 1 0 1 1 1 1 1 1 1 0 0 1 1 1 0 1 1 1 1 1 1
486 30 36672 0 1 1 1 1 1 1 1 1 1 1 1 1 1 1 1 1 1 1 1 1 1 0 0 1 1 1 1 0 0
487 30 37883 1 1 1 1 1 1 1 1 1 1 1 0 1 1 1 1 1 1 1 1 1 1 1 0 1 1 1 1 1 1
488 30 41535 1 1 1 1 0 1 1 0 1 0 0 1 1 1 1 1 1 1 1 1 1 1 1 1 1 1 1 1 1 0
489 30 28047 1 1 1 1 1 1 1 1 1 0 1 0 0 0 1 1 1 0 1 0 1 0 0 0 0 1 1 0 0 0
490 30 9488 0 1 0 0 1 0 0 0 0 0 0 1 1 0 0 0 1 0 0 0 0 0 0 0 0 0 0 0 1 0
491 30 26428 1 1 1 0 0 1 1 1 1 1 0 0 1 1 1 1 1 1 1 1 0 1 0 0 0 0 1 0 0 1
492 30 40342 1 1 1 1 1 0 1 1 1 1 1 1 1 1 1 1 1 1 1 1 1 1 1 1 1 1 1 1 0 1
493 30 31685 0 1 1 1 1 1 1 1 1 0 1 0 1 1 1 0 0 0 1 0 0 1 0 1 0 0 1 1 1 1
494 30 19824 0 0 0 1 0 1 1 0 0 0 0 1 0 0 1 0 1 0 0 0 0 1 1 0 0 1 0 0 1 1
495 30 34281 1 0 1 1 1 1 1 1 1 1 1 1 1 1 0 0 1 0 1 0 0 1 0 1 0 1 0 1 1 1
496 30 14519 1 1 0 0 0 0 0 0 0 1 1 0 0 0 0 1 0 1 0 0 1 0 1 0 0 0 0 0 1 0
497 30 12378 1 0 1 0 0 0 0 0 1 0 0 0 0 0 0 1 0 0 1 1 0 0 0 0 0 1 0 1 0 0
498 30 39283 1 1 1 1 1 1 1 1 1 1 1 1 1 1 1 1 0 0 0 1 1 1 0 1 0 1 1 1 0 1
499 30 14103 0 0 0 0 0 1 1 1 0 0 0 1 0 1 0 0 1 0 1 1 0 0 0 0 0 1 0 1 0 0
500 30 14155 1 0 1 0 0 1 0 0 0 0 0 0 0 0 0 1 0 1 0 0 0 0 1 0 1 0 0 0 1 0
