1 35 11542 0 1 0 0 1 0 0 0 1 0 1 0 0 1 1 0 0 0 0 1 0 0 0 0 0 0 0 0 1 0 1 0 0 0 0
2 35 27960 0 1 1 0 1 0 0 0 1 1 0 0 1 1 1 1 0 0 0 0 1 1 0 1 0 1 0 1 0 0 0 1 1 0 0
3 35 37706 1 0 1 0 0 1 0 0 1 1 0 1 0 1 1 0 1 1 1 1 1 0 1 1 1 1 0 0 1 1 1 1 1 0 1
4 35 40018 1 1 1 1 1 1 0 1 0 1 0 0 1 1 1 0 1 0 1 1 1 0 0 1 1 1 0 1 0 1 1 0 1 1 0
5 35 21486 0 0 1 1 0 0 1 0 1 0 0 1 1 1 0 0 0 0 1 0 0 0 0 0 1 0 0 0 1 0 1 1 0 0 1
6 35 4261 0 0 0 0 0 0 0 0 0 0 0 0 0 0 0 0 0 1 0 0 0 0 0 0 0 1 1 0 0 1 0 0 0 0 0
7 35 35434 0 0 1 1 0 1 1 1 0 1 0 1 1 0 1 1 1 0 1 1 1 1 0 1 1 1 1 1 1 1 1 1 1 1 0
8 35 32626 1 1 1 0 1 0 1 1 1 1 1 1 1 1 0 1 0 0 1 1 1 0 0 0 1 0 1 0 0 1 0 1 0 0 0
9 35 30187 0 1 0 1 1 1 0 1 0 0 0 0 1 0 0 0 1 1 1 1 0 1 1 0 0 1 1 0 0 1 1 1 0 0 0
10 35 39334 1 0 1 1 1 1 1 1 1 1 1 1 1 1 0 0 1 1 1 1 1 1 1 0 0 1 1 0 1 1 1 1 1 1 0
11 35 34642 1 1 0 1 0 0 1 0 0 0 1 1 1 1 1 1 1 0 1 1 0 1 0 1 1 1 0 1 0 1 0 1 1 1 0
12 35 38940 0 1 1 1 0 1 1 1 1 1 1 1 1 1 1 1 1 1 1 0 1 1 1 1 1 1 1 1 1 0 0 1 1 0 1
13 35 47442 0 0 1 1 1 1 1 1 1 0 1 1 1 1 1 1 1 1 1 1 1 1 0 0 1 1 1 1 0 1 0 1 1 1 1
14 35 39755 0 0 0 0 0 1 1 1 1 1 1 0 1 1 0 0 1 1 1 0 1 1 1 1 0 1 0 1 1 1 0 1 1 1 1
15 35 7254 1 0 0 0 0 0 0 0 0 0 0 0 0 0 1 0 1 0 0 0 0 0 0 0 0 0 0 0 0 0 0 0 1 0 0
16 35 42668 1 0 1 1 1 1 1 1 1 1 1 1 1 1 1 1 1 1 0 0 1 1 1 1 1 1 1 1 1 1 1 1 1 1 1
17 35 40131 1 0 1 1 1 0 0 0 1 1 0 0 1 1 1 1 1 1 1 1 0 1 1 1 0 1 1 1 1 1 1 0 1 1 1
18 35 45169 1 1 1 1 1 0 1 1 1 1 1 1 1 0 1 1 1 1 1 0 1 0 1 1 0 1 0 1 1 1 1 1 1 1 1
19 35 41853 0 1 0 1 1 1 1 1 0 1 1 0 1 1 1 0 1 1 1 1 1 1 1 0 1 1 1 1 1 1 1 1 1 1 1
20 35 19714 0 0 1 1 1 1 0 1 0 0 1 1 0 1 0 1 0 0 0 0 1 1 0 1 0 0 0 0 0 0 0 0 1 0 0
21 35 41070 1 1 1 0 1 1 1 1 1 1 1 0 0 1 1 0 1 1 0 1 1 0 1 1 1 1 0 1 1 1 1 1 1 0 1
22 35 34197 1 1 1 0 1 1 1 1 1 0 0 1 1 1 1 0 1 1 0 1 1 0 1 0 1 1 0 0 1 0 1 0 1 1 0
23 35 28251 0 1 1 0 1 0 1 0 1 0 0 0 1 1 0 1 1 1 1 0 0 1 1 0 1 1 1 0 1 1 0 0 1 0 0
24 35 19489 1 0 1 1 0 0 1 1 0 0 1 0 0 0 1 1 1 0 0 0 1 0 1 0 0 0 0 0 0 1 1 0 1 0 0
25 35 5857 0 0 0 0 0 0 0 0 0 0 0 0 0 1 0 1 0 0 1 0 0 1 0 0 0 0 0 0 0 0 0 0 0 1 0
26 35 20672 0 0 0 0 1 1 0 0 1 0 0 1 0 0 0 1 0 0 1 1 1 1 1 0 0 1 0 0 0 0 1 0 1 1 0
27 35 26234 1 1 1 0 0 0 1 1 1 1 0 1 0 1 1 0 1 0 1 1 0 0 1 1 0 1 0 0 0 0 0 1 1 0 1
28 35 23721 1 0 0 1 0 0 1 0 1 0 1 1 0 1 1 0 1 0 0 0 1 0 1 0 1 0 0 1 0 0 0 0 1 1 0
29 35 35772 1 1 1 0 0 1 1 1 1 1 0 1 1 0 1 1 1 1 0 0 1 1 0 1 1 1 0 1 0 1 1 1 1 0 1
30 35 33245 0 1 0 1 1 0 0 0 1 1 1 1 1 0 0 0 0 1 1 1 1 1 0 0 0 1 1 1 0 1 0 0 1 0 1
31 35 27033 0 1 1 0 1 0 1 0 1 0 1 0 0 1 0 1 1 1 1 0 1 0 1 1 0 0 0 0 0 0 0 0 0 1 1
32 35 40447 1 0 1 1 1 1 1 1 1 0 1 1 1 1 1 1 0 1 0 1 1 1 0 1 1 1 1 0 0 1 1 1 1 1 1
33 35 36787 1 0 1 1 1 1 0 1 1 1 1 1 1 1 1 1 1 1 0 1 0 1 1 1 1 1 1 1 1 1 1 1 1 0 1
34 35 35084 0 0 1 1 1 1 1 0 1 0 1 1 1 0 1 0 1 0 0 1 0 0 1 1 1 1 1 1 1 0 0 0 0 1 1
35 35 40493 1 1 1 1 1 1 1 1 1 1 1 1 1 1 1 1 1 1 1 1 1 1 1 1 1 1 0 0 1 1 1 1 1 1 1
36 35 12076 0 0 1 0 0 1 0 0 1 1 0 0 0 0 0 0 0 0 0 0 1 0 1 1 1 1 0 0 0 0 0 0 0 0 0
37 35 40635 0 1 1 1 1 1 1 1 1 1 1 1 1 1 0 1 1 1 1 1 1 0 1 1 1 1 1 1 1 1 1 1 1 1 1
38 35 23482 0 0 1 0 1 1 1 0 1 1 1 0 0 1 1 1 0 1 0 1 0 0 1 1 0 1 1 1 0 0 0 1 0 1 0
39 35 41208 0 1 1 1 0 1 1 1 1 1 0 1 1 1 1 1 1 1 1 1 1 0 1 0 1 1 1 1 1 1 1 1 1 1 1
40 35 39127 0 1 1 1 1 1 1 1 1 1 0 0 1 1 1 1 1 1 1 1 1 1 1 1 1 0 0 0 0 1 0 0 1 1 1
41 35 42886 1 0 1 1 1 1 1 1 1 1 0 1 1 1 1 1 1 1 1 1 1 1 1 1 1 1 1 1 0 1 1 1 1 1 1
42 35 44118 1 1 0 1 1 1 1 1 1 1 1 0 1 1 0 1 1 1 1 1 1 1 1 1 0 0 1 1 1 1 1 1 1 0 1
43 35 11406 0 0 0 1 0 0 0 0 0 1 0 1 0 0 0 0 0 0 0 1 0 0 0 0 0 0 1 0 0 0 1 0 0 1 0
44 35 41469 0 1 0 1 1 0 1 1 1 1 0 1 1 1 0 1 1 0 0 1 1 1 1 1 1 0 0 1 1 1 1 0 1 1 1
45 35 23604 0 1 1 0 0 1 0 0 1 0 1 0 1 1 0 1 0 0 1 1 1 1 1 1 0 0 1 0 1 1 0 0 0 1 0
46 35 7756 1 1 0 0 0 0 0 0 0 0 0 0 0 0 0 0 0 0 0 0 0 0 0 1 0 0 0 0 0 0 0 0 0 0 1
47 35 15581 1 1 0 0 0 0 1 1 0 0 1 1 0 0 0 0 0 1 0 0 1 0 0 0 0 1 0 0 0 0 1 0 0 0 0
48 35 37474 1 1 1 1 1 0 1 1 0 1 0 1 1 1 0 1 1 1 0 1 0 1 1 1 1 1 1 0 1 1 0 0 0 0 1
49 35 19245 0 1 1 0 0 0 1 1 0 0 1 0 0 1 0 1 0 1 0 1 0 0 1 1 1 0 0 0 0 1 0 0 1 0 0
50 35 45369 1 1 1 1 1 1 1 1 1 1 1 1 1 1 1 1 1 1 1 1 0 0 1 1 1 1 1 0 1 1 1 1 1 1 1
51 35 26983 0 0 1 0 0 1 0 0 1 1 0 0 0 0 1 0 0 1 0 1 0 1 0 1 1 1 1 0 0 1 1 0 0 1 0
52 35 16967 1 1 1 0 0 0 0 0 1 1 0 0 1 0 1 0 1 0 0 0 1 0 1 1 0 1 1 1 0 0 0 0 0 0 0
53 35 22012 1 1 0 0 0 0 0 1 0 1 0 0 0 1 0 1 1 0 0 0 0 1 0 0 0 0 1 0 1 0 1 1 1 0 0
54 35 20264 0 0 0 1 1 0 1 1 0 1 0 0 0 1 0 0 0 0 0 0 0 1 0 1 1 0 0 0 0 0 1 0 1 0 0
55 35 29438 0 0 0 1 1 1 1 0 0 0 1 1 1 0 1 0 0 1 1 1 0 0 0 1 1 1 0 1 0 0 1 0 1 1 1
56 35 15791 1 0 1 0 1 0 0 0 0 0 0 0 1 1 0 1 0 0 0 0 0 0 0 0 0 0 0 0 1 0 0 0 0 1 1
57 35 44228 1 1 1 1 1 0 0 1 1 1 1 1 1 1 1 1 1 1 1 1 1 1 1 1 1 1 1 1 1 1 1 1 1 1 1
58 35 29501 1 1 0 0 0 1 0 1 1 1 1 1 1 0 1 0 1 1 0 0 0 1 0 0 0 0 1 0 0 0 1 1 1 1 1
59 35 40133 1 1 1 1 1 1 1 1 0 0 1 1 1 1 1 1 1 0 1 1 1 1 0 1 1 0 1 0 1 1 0 1 1 1 1
60 35 26941 0 1 1 0 1 1 1 0 0 1 1 0 0 0 1 1 1 0 0 1 1 1 1 1 1 0 1 0 0 1 0 0 1 0 0
61 35 46591 1 1 1 1 1 1 1 1 1 1 1 0 1 1 1 1 1 1 1 1 1 0 1 1 1 1 1 1 1 1 1 1 1 1 1
62 35 30200 1 0 0 1 1 1 1 1 0 0 0 0 1 1 0 0 0 1 1 1 1 1 0 1 1 1 1 0 1 1 0 1 1 1 0
63 35 36920 1 0 1 1 1 1 1 1 1 0 1 0 1 1 1 1 1 1 1 1 0 1 0 1 0 1 1 0 1 1 1 1 1 1 1
64 35 22118 0 0 0 1 1 0 0 0 0 1 0 1 1 0 1 1 1 1 0 0 0 0 0 0 1 1 0 1 0 0 0 0 1 0 1
65 35 29995 0 1 1 1 1 1 1 1 0 1 0 0 1 0 0 1 1 0 1 0 0 1 0 0 1 1 1 1 1 1 1 0 0 0 0
66 35 37783 1 1 1 1 1 1 1 1 1 1 1 1 1 1 1 1 1 1 1 1 1 1 1 1 1 1 1 1 1 1 1 1 1 0 1
67 35 31553 1 1 1 0 1 0 0 0 1 1 0 1 0 0 1 1 1 1 1 1 0 1 0 1 0 0 0 0 1 0 0 1 1 0 1
68 35 14433 0 0 0 0 0 1 0 1 0 0 1 0 0 0 1 1 0 0 0 1 1 0 0 0 0 0 1 0 0 1 0 0 1 0 0
69 35 41199 1 1 1 1 0 1 1 0 1 1 1 1 1 1 1 1 1 1 1 1 1 1 1 1 1 1 0 1 1 1 0 1 1 0 1
70 35 34894 0 1 1 1 1 1 1 1 1 0 1 1 0 1 1 1 1 0 1 1 1 1 1 1 0 1 1 1 0 1 0 0 1 1 0
71 35 36147 0 0 0 0 1 0 1 0 0 1 0 1 1 0 1 1 1 1 1 0 1 1 1 0 1 0 1 1 1 0 0 1 0 1 1
72 35 9605 0 0 1 0 1 0 0 0 0 0 0 0 0 0 0 0 0 0 0 0 0 0 0 0 1 1 0 0 0 0 1 0 1 1 1
73 35 20534 1 0 0 0 1 1 1 0 1 0 1 0 1 0 0 0 1 1 0 0 1 0 1 1 0 0 0 0 0 1 0 0 0 0 1
74 35 29109 0 1 1 0 1 1 1 0 0 1 0 1 1 0 1 0 1 0 0 0 1 1 0 0 0 1 1 0 0 0 0 1 1 1 1
75 35 38181 0 1 1 1 1 1 0 1 1 1 1 1 1 1 1 1 1 1 1 0 1 1 1 1 1 1 1 1 1 1 1 1 0 0 1
76 35 33032 0 1 1 0 1 0 0 1 0 1 1 0 0 1 1 0 1 0 1 1 1 0 1 1 1 0 1 1 1 0 1 1 1 1 0
77 35 41172 1 1 1 1 1 1 1 0 1 1 1 0 1 1 0 1 1 1 1 0 1 1 0 1 1 0 1 1 1 1 0 1 1 1 1
78 35 38276 1 1 0 1 1 1 0 1 1 1 0 0 1 1 1 1 1 1 0 1 1 1 1 0 1 0 1 1 0 0 1 1 0 1 0
79 35 12282 0 0 0 0 0 0 1 0 1 0 1 0 0 0 0 1 0 1 1 0 0 0 0 0 0 1 0 1 0 0 1 0 0 0 0
80 35 30617 0 1 0 1 0 0 0 1 1 1 1 1 1 1 1 1 1 0 0 0 1 0 1 0 0 1 1 1 0 1 1 0 1 1 1
81 35 26518 1 1 0 1 1 1 0 1 0 0 1 0 0 0 0 0 0 1 1 1 1 0 1 0 0 0 1 1 1 1 0 1 1 0 1
82 35 20030 0 0 1 0 1 1 0 0 0 0 1 0 0 1 0 0 0 0 0 0 0 1 0 1 0 1 0 0 0 0 1 1 1 0 0
83 35 20730 1 1 0 0 0 1 0 0 0 1 0 0 0 1 0 0 0 1 0 0 0 1 1 0 0 0 1 1 1 1 0 1 1 0 0
84 35 41428 0 1 0 1 1 1 1 0 1 1 1 1 1 1 0 0 0 1 1 1 1 1 1 1 1 1 1 1 1 1 1 1 0 1 1
85 35 25508 0 0 1 0 0 1 1 1 1 0 0 1 1 0 1 0 1 0 0 0 0 1 1 0 1 1 1 0 1 0 1 1 0 1 0
86 35 10946 0 0 0 0 1 0 0 0 0 0 0 1 1 1 1 0 0 0 0 0 0 0 0 0 1 0 1 0 0 0 0 0 0 0 0
87 35 41585 1 1 1 0 1 1 1 1 1 1 1 1 1 1 1 1 1 1 1 1 1 1 1 1 0 1 1 1 1 1 1 0 1 1 1
88 35 14956 1 0 1 1 0 1 0 0 1 1 0 0 0 1 0 0 0 0 0 0 0 0 0 1 1 0 0 1 0 0 0 0 1 0 0
89 35 39334 1 1 0 1 1 1 1 1 1 0 1 1 1 1 0 1 1 1 1 1 0 1 1 1 1 1 0 0 1 1 1 0 1 1 1
90 35 31282 0 1 0 0 1 0 1 1 1 0 1 1 1 1 1 1 1 0 0 0 1 1 0 0 0 0 0 0 1 1 1 1 1 1 0
91 35 15204 1 1 1 1 0 0 0 1 0 0 0 0 0 0 0 0 0 0 0 0 0 0 0 0 1 1 0 1 0 1 1 0 0 1 1
92 35 40316 1 1 1 1 0 1 1 0 1 1 0 0 0 0 1 1 1 1 1 1 0 0 0 0 1 1 1 0 1 1 1 1 1 0 1
93 35 30323 0 0 1 0 1 0 0 0 1 1 1 1 1 1 1 1 1 0 1 0 1 0 1 1 0 1 0 0 1 0 1 1 0 0 0
94 35 25622 1 0 0 1 0 1 0 1 1 1 0 1 0 1 0 0 0 1 0 0 0 0 0 1 0 1 0 0 0 0 1 1 0 1 1
95 35 24958 1 1 0 0 0 1 1 1 0 0 0 1 0 1 1 1 0 0 1 0 1 0 0 1 0 1 0 1 0 0 0 0 0 1 1
96 35 15584 1 0 0 0 1 0 0 0 0 0 0 0 0 0 0 0 0 0 0 1 0 0 0 1 1 0 1 0 1 0 0 1 0 1 0
97 35 35877 1 1 1 0 1 1 1 1 0 0 0 0 0 1 1 1 1 0 1 1 0 0 1 1 0 1 1 0 1 1 0 0 1 1 0
98 35 11491 0 0 0 0 1 0 0 0 0 0 1 0 0 0 0 0 0 0 0 1 0 0 0 1 0 0 0 1 1 0 0 0 0 0 1
99 35 41508 1 1 1 1 1 1 0 1 0 1 1 1 0 1 1 1 1 1 1 0 1 1 1 1 1 0 0 1 0 0 0 1 1 1 0
100 35 40309 1 1 1 1 1 0 0 1 0 1 0 0 1 1 1 1 1 0 1 0 0 1 1 1 1 1 1 1 1 1 1 1 1 0 1
101 35 24033 0 0 0 1 0 1 1 1 0 0 1 1 1 0 1 0 0 0 0 0 1 1 0 0 0 0 1 0 1 1 1 0 0 0 1
102 35 2589 0 1 0 0 0 0 0 0 0 0 0 0 1 0 0 0 0 0 0 0 0 0 0 0 0 0 0 0 0 0 0 0 0 0 0
103 35 39852 1 1 1 1 1 1 1 1 1 1 1 0 1 0 1 1 1 1 1 1 1 1 1 1 0 1 1 0 1 1 1 1 1 1 0
104 35 27765 1 0 1 1 0 0 1 0 1 0 1 1 0 1 1 0 1 1 1 1 1 0 1 1 0 0 0 1 0 1 1 1 0 1 1
105 35 6428 0 0 0 1 0 0 0 0 1 1 0 0 1 0 0 0 0 0 0 1 0 0 0 0 0 0 0 0 0 0 0 0 0 0 0
106 35 32545 0 1 1 1 0 0 1 0 0 1 0 1 1 1 1 1 0 1 1 1 1 1 1 1 1 1 1 0 1 0 1 1 1 0 1
107 35 31237 1 0 1 1 1 0 1 1 1 1 1 1 0 1 1 1 0 1 1 1 1 1 0 0 1 1 1 0 1 0 0 0 0 0 0
108 35 29575 0 0 0 1 1 1 1 1 1 1 1 1 0 1 0 0 0 1 0 0 1 1 1 0 1 0 0 0 0 1 0 1 0 0 0
109 35 33308 1 1 0 1 1 1 0 0 1 1 1 1 1 1 1 0 0 1 0 1 0 0 0 1 0 1 0 1 1 1 0 1 1 1 0
110 35 21912 1 0 0 1 1 0 1 1 0 1 0 1 0 1 0 1 1 0 1 0 0 0 0 0 1 1 0 0 1 0 0 0 0 0 0
111 35 33784 1 1 0 1 1 1 1 0 0 1 1 1 0 1 1 0 1 0 0 1 1 1 1 1 1 1 1 1 1 1 1 1 1 1 1
112 35 23342 0 0 0 0 1 1 0 1 0 0 0 0 1 0 1 1 1 0 0 1 1 0 0 1 1 1 0 1 0 0 0 1 0 0 0
113 35 35022 1 0 1 0 1 0 0 1 1 1 1 1 1 1 1 1 0 0 0 0 1 1 1 0 1 0 1 0 1 1 1 1 0 1 1
114 35 41314 0 0 1 1 1 1 1 1 1 1 1 0 1 1 1 1 0 1 1 1 1 1 1 1 1 0 1 1 1 0 1 1 1 1 1
115 35 36495 1 0 1 1 0 1 0 1 1 1 1 1 0 0 0 1 1 1 1 0 1 1 0 0 1 1 0 0 1 1 1 1 1 1 1
116 35 31241 0 1 1 0 0 0 0 1 0 1 1 1 1 1 1 0 0 1 0 1 0 1 1 1 1 0 0 0 1 1 0 1 1 0 0
117 35 43563 0 1 1 1 1 1 0 0 1 1 1 1 0 1 1 1 1 0 0 1 1 1 0 1 1 1 1 1 1 1 0 0 1 1 1
118 35 37635 1 1 1 0 1 0 1 0 1 1 1 1 1 1 1 1 1 0 0 1 1 1 1 1 1 1 0 1 1 0 0 0 1 0 0
119 35 36064 0 1 1 1 0 0 1 0 1 0 1 1 1 1 1 0 1 1 1 1 1 1 1 1 0 1 1 1 0 1 0 0 1 1 1
120 35 17671 1 0 0 0 0 0 0 0 1 0 0 0 0 1 0 0 0 0 1 1 0 0 1 0 0 0 0 1 0 0 1 0 1 0 0
121 35 32592 1 0 1 1 0 0 1 0 1 1 0 1 1 0 0 1 0 1 1 1 1 1 0 1 0 1 1 1 1 0 1 0 0 1 1
122 35 18947 0 1 0 0 0 1 1 0 0 0 0 0 1 0 0 1 1 0 0 1 0 0 0 0 0 0 0 0 1 0 0 1 0 1 1
123 35 48284 1 1 1 1 1 1 1 1 1 0 1 1 1 1 1 1 1 1 1 1 1 1 1 1 1 1 1 1 1 1 1 1 1 1 1
124 35 30485 1 1 1 1 1 1 1 1 1 1 0 0 0 1 1 1 1 1 0 1 0 0 1 1 1 1 1 1 1 1 0 1 1 0 0
125 35 23929 1 0 0 1 1 0 0 0 0 0 1 0 1 1 0 1 0 0 1 1 0 0 0 0 0 0 0 1 0 1 1 1 0 0 1
126 35 26659 0 0 1 0 1 1 1 0 1 0 1 1 1 1 1 1 1 1 0 0 0 0 1 1 1 0 0 0 0 0 1 1 0 1 1
127 35 7758 0 0 1 0 0 0 0 0 0 0 1 1 0 0 1 0 0 0 0 0 0 0 0 0 0 0 0 0 0 0 0 1 0 0 0
128 35 30643 1 0 1 0 1 1 0 1 1 0 1 0 1 1 0 1 0 1 0 1 0 1 1 1 1 0 0 0 1 0 0 1 1 1 0
129 35 51627 0 0 1 0 0 1 1 1 1 1 1 1 1 1 1 1 1 1 1 1 1 1 0 0 1 0 1 1 1 1 1 1 1 1 0
130 35 36082 1 1 1 1 1 1 1 1 1 0 1 0 1 1 1 1 0 1 1 0 1 1 0 1 1 1 1 1 1 1 1 1 1 1 1
131 35 35909 1 1 1 1 0 0 1 0 1 1 1 1 1 1 1 0 1 1 1 0 1 0 1 0 1 1 0 1 1 1 1 1 0 1 1
132 35 40410 1 0 1 1 1 1 1 1 1 1 1 1 1 0 1 0 1 0 1 0 1 0 1 0 0 0 1 1 1 1 1 1 1 1 1
133 35 29908 1 1 0 0 0 1 1 0 1 1 1 0 1 0 0 0 0 1 0 1 1 1 0 0 0 0 1 0 1 1 1 1 0 0 0
134 35 38409 1 1 0 1 1 1 1 1 0 0 0 0 1 1 1 1 1 1 1 1 1 0 0 1 1 1 1 0 1 0 0 1 1 1 0
135 35 30337 1 0 1 1 1 0 1 0 0 1 1 0 1 0 0 1 1 1 0 0 1 0 0 0 0 1 0 0 1 0 0 1 1 1 1
136 35 42231 1 1 1 1 1 1 1 1 1 1 1 1 1 1 1 1 1 1 1 1 1 1 1 1 0 1 1 1 1 1 1 1 1 1 0
137 35 19835 1 1 1 0 0 1 0 0 1 0 0 0 0 0 0 0 0 0 1 1 0 0 0 1 1 1 0 1 1 0 0 0 0 0 0
138 35 14532 0 0 0 0 0 0 1 1 0 0 1 1 0 0 0 0 0 1 0 0 1 0 0 0 0 0 1 0 0 0 0 0 1 0 1
139 35 33879 1 0 0 1 1 1 1 1 1 0 1 0 1 1 1 1 0 1 1 1 1 0 0 1 0 1 1 1 0 1 0 0 1 1 0
140 35 21167 1 1 1 0 1 0 0 0 1 1 0 1 0 1 0 0 1 0 0 0 0 0 0 0 0 1 1 1 1 0 1 0 0 0 0
141 35 1674 0 0 0 0 0 0 0 0 1 0 0 0 0 0 0 0 0 0 0 0 0 0 0 0 0 0 0 0 0 0 0 0 0 0 0
142 35 42678 1 1 1 1 1 1 1 1 1 1 0 1 1 1 1 0 1 1 1 1 1 1 1 1 0 1 0 1 1 0 1 1 1 1 1
143 35 37368 0 0 1 1 0 0 0 0 1 1 0 0 1 0 1 1 0 1 1 1 1 0 0 1 1 1 1 1 1 1 1 1 1 1 1
144 35 9026 0 0 0 0 0 0 0 0 0 0 0 0 0 0 0 0 0 0 1 0 0 1 1 0 0 0 0 0 0 1 1 1 0 0 0
145 35 41237 0 0 0 1 1 1 1 1 1 1 1 1 1 1 1 1 0 1 1 1 1 0 1 1 1 1 1 1 1 1 1 0 1 1 0
146 35 39464 1 1 1 1 1 0 1 1 1 0 1 1 1 1 0 1 1 1 1 1 1 1 1 1 1 1 1 1 1 1 1 1 1 1 1
147 35 47585 1 1 1 1 1 1 1 1 0 1 1 1 1 1 1 1 1 1 1 1 1 1 1 1 1 1 1 1 1 1 1 1 1 1 1
148 35 26032 0 0 1 0 1 1 0 0 1 1 1 0 1 0 0 0 0 0 1 0 0 1 0 0 0 0 1 0 0 0 1 1 1 0 1
149 35 24646 0 1 1 0 0 0 0 1 0 1 1 1 0 1 0 0 1 1 0 1 1 1 1 1 0 1 0 0 1 0 0 0 1 1 1
150 35 24231 0 0 0 0 1 0 0 1 1 1 0 0 0 1 1 0 1 1 0 0 0 0 1 1 1 1 1 0 1 0 0 0 1 0 0
151 35 19506 0 0 1 0 0 1 0 1 0 1 0 0 0 0 1 0 0 0 0 0 1 1 1 1 0 1 1 0 1 0 1 0 0 1 0
152 35 36795 1 0 1 0 1 1 1 0 1 0 1 1 1 0 1 1 1 1 0 1 1 0 1 0 1 1 1 1 0 0 0 1 0 0 1
153 35 8593 0 0 0 0 1 0 1 0 0 0 0 0 0 0 1 1 0 0 0 0 0 0 0 0 1 0 0 0 0 0 0 0 0 1 0
154 35 28943 0 1 1 1 1 1 1 0 0 0 0 1 0 1 0 1 1 0 1 1 0 1 1 1 0 0 1 0 0 0 1 1 1 0 0
155 35 33135 0 1 1 1 1 1 0 1 1 1 0 0 1 0 1 1 1 0 1 1 0 0 1 1 0 1 0 1 0 1 1 0 0 1 1
156 35 35926 1 1 0 1 1 1 1 1 0 1 1 1 0 1 1 0 1 1 1 0 1 1 1 1 1 0 0 0 1 1 0 1 0 0 1
157 35 17075 1 0 0 0 0 1 0 0 0 0 0 1 1 1 1 0 0 1 0 0 0 1 0 0 0 0 0 0 0 0 0 0 1 1 1
158 35 37924 1 0 1 1 1 1 1 1 0 1 1 0 0 1 1 1 1 0 1 1 0 1 0 0 1 1 0 1 1 1 1 0 1 0 1
159 35 28531 1 0 0 0 1 0 1 1 0 0 1 1 1 1 0 1 1 0 0 0 0 0 1 0 1 0 1 1 0 0 1 1 0 0 1
160 35 35986 0 1 0 1 1 0 1 1 0 1 0 0 1 1 1 0 1 1 1 1 0 1 0 1 0 0 0 1 1 1 1 1 0 1 0
161 35 37409 0 1 1 0 1 0 1 1 1 0 1 1 1 0 0 0 0 0 1 1 1 1 1 1 1 1 1 0 1 1 1 1 1 1 1
162 35 29674 1 0 0 1 1 1 0 0 1 0 1 1 1 0 1 0 0 0 1 1 1 0 1 1 0 0 0 1 1 0 0 1 1 0 0
163 35 21846 0 1 0 1 1 0 0 1 1 0 0 1 1 0 1 0 0 1 0 0 1 1 1 0 0 1 1 0 0 0 1 1 0 0 0
164 35 33408 1 1 1 1 0 1 0 0 0 1 0 1 0 0 1 0 1 1 0 0 1 0 1 0 0 1 0 1 1 1 1 1 1 0 0
165 35 36091 1 1 1 1 1 1 1 1 1 1 1 1 1 1 1 1 1 1 1 1 1 1 1 1 1 0 1 1 1 1 1 1 1 1 1
166 35 42179 1 1 1 1 1 1 1 1 1 1 1 1 1 0 1 1 1 1 1 1 1 1 1 1 1 1 1 1 1 1 1 1 1 1 1
167 35 31995 1 0 1 0 0 1 1 1 0 1 1 1 1 0 0 1 0 1 1 1 0 1 1 1 0 1 1 1 0 1 1 0 1 0 1
168 35 9976 1 0 0 0 0 0 0 0 0 0 0 0 0 0 0 0 0 1 0 0 0 0 0 0 1 0 1 0 1 1 0 1 0 0 0
169 35 20015 0 0 1 0 0 0 0 0 0 1 1 0 1 0 0 1 1 0 0 0 1 0 0 1 0 1 0 1 0 0 0 0 1 0 0
170 35 40707 1 1 1 1 1 1 1 0 1 1 0 1 0 1 1 1 1 0 1 1 1 1 1 1 1 1 0 1 1 1 0 1 1 1 0
171 35 33914 1 1 0 0 1 1 1 0 0 1 0 1 1 0 1 0 1 1 0 1 1 0 0 0 1 1 1 0 0 0 1 1 0 0 1
172 35 33932 0 1 1 0 0 0 0 0 1 1 0 0 1 0 0 0 0 1 0 1 1 1 1 1 1 1 1 1 0 1 1 1 0 1 1
173 35 38293 1 1 1 1 1 1 1 1 1 1 1 1 1 1 0 1 0 1 1 1 1 1 0 1 1 1 1 1 1 1 1 1 1 1 1
174 35 28647 1 1 1 1 1 1 0 1 1 1 1 0 0 1 0 0 1 0 0 0 0 0 1 1 0 0 0 1 1 1 1 1 1 0 0
175 35 43893 1 1 1 1 1 1 1 1 1 1 1 1 1 1 1 0 1 1 1 1 1 1 1 1 1 1 1 0 1 1 1 1 1 1 1
176 35 38588 1 1 1 1 1 1 1 1 0 1 1 1 1 1 1 0 0 1 0 1 1 0 1 1 1 1 1 1 0 0 1 1 1 0 1
177 35 41622 1 0 0 1 1 1 0 1 1 1 1 1 1 1 1 1 0 1 0 1 1 1 0 1 1 0 0 1 0 1 1 1 0 1 1
178 35 24531 0 0 0 1 1 0 1 0 0 0 0 0 1 0 0 1 0 0 0 1 0 1 0 0 1 0 0 0 0 1 1 1 1 1 0
179 35 35460 0 1 1 1 1 1 1 1 1 1 1 1 1 1 1 1 1 1 1 1 1 0 0 1 1 1 0 0 1 1 1 1 1 1 0
180 35 44413 1 1 1 1 0 1 1 1 1 1 1 0 1 0 1 1 1 1 1 1 1 1 1 1 0 1 1 1 1 1 1 0 0 1 0
181 35 21571 0 1 0 1 1 0 1 0 1 1 0 0 0 0 1 0 1 1 0 0 1 0 1 0 0 0 0 1 0 0 1 1 1 0 0
182 35 37911 1 0 1 0 0 1 1 0 1 1 1 0 1 0 1 1 1 1 1 1 1 0 0 0 1 1 1 0 0 1 0 1 1 1 0
183 35 38672 1 1 1 1 1 1 1 0 0 1 1 1 1 1 1 1 0 1 0 1 1 1 1 1 0 0 0 1 1 1 1 1 1 1 1
184 35 41419 1 0 1 0 1 1 1 1 1 1 1 1 1 1 1 1 1 1 1 1 1 1 1 1 1 1 1 1 1 1 1 1 1 1 1
185 35 42161 1 1 1 0 1 1 1 1 1 1 1 1 1 1 1 1 1 1 1 1 1 1 1 1 1 1 1 1 1 1 1 1 1 1 1
186 35 23322 1 0 0 1 0 0 0 0 1 1 0 1 1 0 0 0 0 1 0 1 0 1 1 1 0 0 0 0 0 1 1 1 1 0 0
187 35 20783 0 1 0 0 1 0 1 1 1 1 0 0 0 1 0 0 1 0 0 0 0 1 0 1 0 0 0 1 1 0 0 0 0 0 1
188 35 48396 1 1 1 1 1 1 1 1 1 1 0 1 1 1 1 1 1 1 1 1 1 0 1 1 1 1 1 1 1 1 1 1 0 0 1
189 35 32332 1 0 1 0 0 0 0 1 1 0 0 1 1 1 0 1 1 1 0 1 0 1 0 1 1 0 1 0 1 0 1 1 1 0 1
190 35 35703 1 0 0 1 1 1 0 1 1 0 1 0 0 1 1 0 1 1 1 1 1 0 0 1 1 0 1 0 1 1 1 0 1 1 1
191 35 23370 0 0 1 1 1 0 0 1 0 1 0 1 1 0 0 1 0 0 0 0 0 0 0 0 1 0 1 1 0 0 0 1 1 1 0
192 35 9013 0 0 0 0 1 0 0 0 0 0 0 0 0 0 0 1 0 0 0 0 0 0 0 0 0 0 0 1 1 1 0 0 0 0 0
193 35 38872 1 1 1 0 0 0 0 1 0 1 1 0 1 1 1 1 0 1 1 0 0 0 0 1 1 0 1 1 1 1 1 1 0 1 1
194 35 46222 1 1 1 1 1 1 1 1 1 1 1 1 1 1 1 1 1 1 1 1 1 1 1 1 1 1 1 1 1 1 1 1 1 0 1
195 35 21596 1 0 0 0 0 0 0 0 1 1 0 1 0 1 0 0 1 1 0 1 0 1 0 0 1 0 0 1 1 0 1 0 0 0 1
196 35 37135 0 1 1 1 0 0 1 1 1 1 1 0 1 0 1 1 1 0 0 1 1 0 1 1 1 1 1 0 1 1 1 1 0 1 1
197 35 48202 1 1 1 1 1 1 1 1 1 1 0 1 1 1 1 1 1 1 1 1 1 1 1 1 1 1 1 1 1 1 1 1 1 1 1
198 35 37684 1 1 0 1 0 1 1 1 0 1 1 0 1 1 1 1 1 1 1 1 1 1 0 0 1 1 0 1 1 1 1 1 1 0 1
199 35 34211 1 0 1 1 1 0 1 0 1 1 0 1 1 1 1 1 1 1 0 1 1 1 1 0 1 1 0 0 1 1 1 0 1 0 1
200 35 39221 0 1 1 0 1 1 1 1 0 0 0 1 0 1 1 1 0 1 1 1 0 1 0 1 0 1 1 0 1 1 1 1 1 1 1
201 35 22873 1 0 0 1 1 0 0 0 0 0 0 0 1 0 1 1 1 1 0 0 0 0 1 0 0 1 0 1 0 1 1 1 0 1 0
202 35 42086 1 1 1 1 1 1 0 1 1 1 1 1 1 1 1 1 1 1 1 1 1 1 1 1 0 1 1 1 1 0 1 1 1 1 1
203 35 16430 0 1 1 0 0 1 1 0 0 0 1 0 0 0 1 1 0 0 0 0 0 0 0 0 1 1 0 0 0 0 0 0 1 0 0
204 35 39302 1 1 1 0 1 1 1 1 0 1 1 1 1 1 1 1 1 1 1 1 1 1 1 0 1 1 1 1 1 1 1 0 1 1 1
205 35 24398 0 0 1 1 0 0 1 0 1 1 1 0 0 0 1 1 0 1 0 0 0 0 0 0 0 1 0 1 0 0 1 0 1 1 0
206 35 43350 1 1 0 1 1 1 1 1 1 1 1 1 1 1 1 1 1 1 1 1 1 1 1 1 1 1 1 1 1 1 1 1 1 1 1
207 35 44769 1 1 1 1 1 1 1 1 1 1 0 1 1 1 1 1 1 1 1 1 1 1 0 1 1 1 1 1 1 0 1 1 1 1 1
208 35 27884 1 0 1 0 0 0 0 0 1 1 1 0 0 1 0 0 1 1 0 1 1 0 1 1 1 1 1 0 0 0 1 1 1 1 0
209 35 21093 0 0 0 0 0 0 0 1 1 1 0 0 1 1 0 1 0 0 0 1 1 0 1 0 0 0 1 0 0 0 0 1 1 1 0
210 35 20519 0 0 1 0 0 1 1 1 0 1 0 1 0 0 0 1 0 1 0 0 1 0 1 1 0 0 0 0 1 0 0 0 0 1 0
211 35 43060 1 1 1 1 1 1 1 1 1 1 1 1 0 1 1 1 1 0 0 1 1 1 1 0 1 1 1 1 1 1 1 1 1 0 1
212 35 27006 1 1 0 1 1 0 0 1 1 0 1 0 0 1 1 0 1 1 0 0 1 1 1 0 0 0 0 1 1 0 1 0 1 0 1
213 35 35301 0 1 1 1 0 1 0 1 1 0 1 1 1 0 1 1 1 1 0 1 0 0 0 1 0 0 0 1 1 0 1 0 1 0 1
214 35 30272 1 0 1 1 1 1 1 1 1 0 0 1 1 1 1 0 1 1 1 1 0 0 1 1 0 0 1 1 1 0 0 0 1 1 0
215 35 16766 0 1 0 0 0 0 0 1 1 0 1 0 0 0 0 0 0 0 0 1 0 0 0 0 0 0 0 1 0 1 0 1 0 1 1
216 35 44491 1 1 1 1 1 1 1 1 1 1 0 1 0 1 1 1 1 1 1 1 1 1 1 1 1 1 1 1 0 1 1 1 1 1 1
217 35 42708 1 1 1 1 0 1 1 1 0 1 1 1 1 1 1 1 1 1 1 1 1 1 0 1 1 1 1 1 1 1 1 1 1 0 1
218 35 35280 1 0 1 0 1 1 1 1 1 0 1 1 0 1 1 1 1 1 0 0 1 0 1 0 1 1 0 0 1 0 0 1 1 1 1
219 35 35711 1 0 1 1 1 1 1 1 1 0 1 1 0 1 1 0 1 1 1 1 1 1 1 1 1 1 1 0 1 0 1 1 1 1 1
220 35 43536 1 1 1 1 1 1 1 1 1 1 1 1 1 1 1 1 1 1 1 1 1 1 1 1 1 1 1 1 1 1 1 1 0 1 1
221 35 17797 1 0 0 0 1 0 0 0 1 0 0 1 0 1 0 1 0 0 0 0 1 1 1 0 0 1 1 0 0 0 0 1 1 0 0
222 35 41730 1 1 1 1 1 1 1 0 1 0 0 1 1 1 1 1 1 1 1 1 1 1 0 1 1 1 0 1 1 1 1 0 1 1 1
223 35 40353 0 1 1 1 1 1 1 1 1 1 1 0 1 1 1 1 1 1 1 1 1 1 1 1 1 1 1 1 1 0 1 0 1 1 1
224 35 18179 0 0 0 1 1 0 1 0 0 1 0 0 0 0 1 0 0 0 0 1 0 0 1 1 0 0 0 0 0 0 0 0 1 0 0
225 35 18178 0 0 1 1 0 0 0 0 0 0 1 1 1 0 0 0 0 0 0 1 0 1 1 1 0 1 0 0 0 1 0 0 0 0 0
226 35 29473 0 0 0 0 0 1 1 0 0 1 0 0 1 1 1 0 0 1 0 0 1 1 0 1 0 1 1 0 1 1 0 0 0 0 1
227 35 41985 1 1 0 0 0 0 1 1 1 0 1 1 1 1 1 0 1 1 1 1 1 0 0 1 1 1 1 1 1 1 1 1 1 1 1
228 35 32303 1 0 1 1 0 1 1 0 0 1 1 0 1 0 1 1 1 1 0 0 0 0 1 0 0 0 1 1 0 1 0 1 1 1 0
229 35 11054 0 0 0 0 0 0 0 0 0 0 1 0 0 0 0 0 0 0 1 0 1 0 0 1 0 0 1 0 0 0 0 0 0 0 1
230 35 39753 1 1 0 1 1 1 1 1 1 1 1 1 1 1 1 1 1 0 1 1 1 1 1 1 1 1 1 1 0 1 1 0 1 0 0
231 35 21680 0 0 1 0 0 0 1 0 0 0 1 1 0 1 0 0 0 1 0 1 1 0 1 0 1 1 0 0 0 0 1 1 0 1 1
232 35 7581 0 0 0 0 0 0 0 0 0 0 0 0 1 0 0 0 0 0 0 0 0 0 0 0 0 1 0 1 0 0 1 0 0 0 0
233 35 51158 1 1 1 1 1 1 0 1 1 1 1 1 1 1 1 1 1 1 1 1 1 1 1 1 1 1 1 1 1 1 1 1 1 1 1
234 35 44113 1 1 1 1 1 1 1 1 1 1 1 1 1 1 1 1 1 1 0 1 1 1 1 1 1 1 1 1 0 1 1 1 1 1 1
235 35 30139 0 0 1 0 1 1 1 1 1 1 1 0 0 0 1 0 0 0 1 0 1 1 1 0 1 1 1 0 1 0 0 0 0 1 0
236 35 10065 0 0 1 1 0 0 0 1 0 0 0 0 0 0 0 0 1 0 0 0 0 0 0 0 1 1 0 1 1 0 1 0 0 0 0
237 35 36071 0 0 1 1 1 0 1 1 1 0 0 1 1 0 0 1 0 1 1 0 1 1 1 0 1 1 1 0 0 1 1 1 1 0 1
238 35 10518 0 0 1 0 1 0 0 1 0 0 0 0 0 0 0 0 0 0 0 0 0 0 0 0 1 0 1 1 1 0 0 0 0 0 0
239 35 31646 0 0 0 0 1 1 0 1 1 1 1 1 0 0 0 0 1 1 1 1 0 1 1 0 1 1 1 0 0 0 1 0 1 1 1
240 35 39387 1 1 1 1 1 1 1 1 1 1 1 0 1 1 1 0 1 0 1 0 1 1 1 1 0 1 1 1 0 1 1 0 1 1 1
241 35 30860 1 1 1 0 1 1 0 0 1 1 0 1 0 1 0 1 1 1 1 0 1 1 1 0 0 1 1 1 0 1 0 0 1 0 1
242 35 29829 1 0 0 0 0 0 1 0 0 1 0 1 1 1 1 0 1 1 0 0 1 1 0 0 1 1 1 1 0 1 1 0 1 1 0
243 35 41298 1 1 1 1 1 1 1 1 0 0 1 1 1 1 0 0 1 1 1 1 1 0 1 1 1 1 0 1 0 0 0 1 1 0 1
244 35 39267 1 1 1 1 0 1 0 1 1 1 1 1 1 1 1 1 1 1 1 1 1 1 1 1 1 1 1 1 1 1 0 1 1 1 1
245 35 42125 1 1 1 1 1 1 0 1 1 1 1 1 1 1 1 1 1 1 1 1 1 1 1 1 1 1 1 1 1 1 1 1 1 1 1
246 35 17584 0 0 0 0 1 0 1 0 1 1 1 0 0 1 1 0 1 0 0 1 0 0 0 0 1 0 0 0 1 0 0 1 0 0 0
247 35 41543 1 1 0 1 1 0 1 1 1 1 0 1 1 0 1 0 0 1 1 1 1 0 1 1 1 0 1 1 1 1 0 0 1 1 1
248 35 42743 1 0 1 1 1 1 1 1 1 1 1 1 1 1 1 1 1 1 1 0 1 1 1 1 1 1 1 1 1 1 1 1 1 1 1
249 35 30771 1 0 0 0 0 1 1 1 0 1 1 1 1 1 0 1 0 1 0 1 1 0 0 0 1 1 1 0 0 0 1 1 1 0 0
250 35 42966 1 1 1 1 1 1 1 1 1 1 1 1 0 1 1 0 1 0 1 1 1 1 1 1 1 1 1 1 1 1 1 1 1 0 1
251 35 37238 1 1 1 0 0 1 1 0 1 1 1 1 1 0 0 0 1 1 1 1 1 1 1 1 1 1 1 1 1 1 0 1 1 1 1
252 35 41861 1 1 0 1 0 1 0 0 1 1 0 0 0 1 0 1 1 1 1 1 1 1 1 1 1 1 1 1 1 1 1 1 1 1 1
253 35 16928 1 0 1 0 0 0 0 0 0 1 0 0 0 0 0 1 0 0 1 1 1 0 1 1 0 0 0 0 0 0 0 0 0 1 0
254 35 0 0 0 0 0 0 0 0 0 0 0 0 0 0 0 0 0 0 0 0 0 0 0 0 0 0 0 0 0 0 0 0 0 0 0 0
255 35 22282 0 1 0 1 0 0 1 0 0 1 0 0 0 0 0 1 0 1 0 1 1 0 0 1 1 0 0 1 1 0 1 0 0 1 0
256 35 34758 0 0 1 1 1 0 1 0 1 1 1 0 0 0 1 0 1 0 1 1 1 1 1 1 1 1 1 1 1 0 1 1 0 0 1
257 35 39644 1 1 1 1 0 0 1 0 1 1 1 1 1 1 1 0 1 0 0 0 1 0 1 0 1 1 1 1 1 0 1 1 1 1 1
258 35 43005 1 1 1 1 0 1 1 1 1 1 1 0 1 1 1 1 1 1 1 1 1 1 1 1 1 1 1 1 1 1 1 0 0 1 1
259 35 3458 0 0 0 0 0 0 0 0 0 0 0 0 0 0 0 0 0 0 0 0 1 0 0 0 0 0 0 1 0 0 0 0 0 0 0
260 35 34435 1 1 1 0 1 0 1 1 1 1 0 0 1 0 0 0 1 0 0 0 1 1 1 0 0 1 0 1 1 1 0 1 1 1 0
261 35 19158 1 1 0 0 1 1 0 0 0 1 1 0 0 0 1 1 0 0 0 1 1 0 0 0 0 1 0 0 0 1 0 1 0 0 0
262 35 43555 1 1 1 1 1 1 1 1 1 1 1 1 1 1 0 1 1 1 0 1 1 1 1 1 1 1 0 1 1 1 1 1 0 1 1
263 35 32092 0 1 1 1 0 1 1 0 1 1 1 0 0 0 1 0 1 1 0 1 1 1 0 1 1 1 0 1 0 1 0 0 0 1 0
264 35 41269 1 1 1 1 1 1 1 1 1 1 1 1 1 1 1 0 1 1 1 1 1 1 1 1 1 1 1 1 1 1 1 1 1 1 1
265 35 36116 0 1 1 0 1 1 1 0 1 0 1 0 1 1 0 1 1 0 1 1 1 1 1 0 1 1 1 1 1 1 1 1 0 1 1
266 35 39365 1 1 1 0 0 0 0 1 0 1 1 1 0 0 1 1 1 1 1 1 1 1 1 1 1 1 1 1 1 1 1 0 0 0 1
267 35 11437 0 0 0 0 0 0 0 0 0 1 1 0 0 1 0 0 1 0 1 1 0 1 0 0 0 1 0 0 0 0 0 1 0 0 0
268 35 46573 1 0 1 1 1 1 1 0 0 1 1 0 1 1 1 1 1 1 1 1 1 0 0 0 1 1 1 1 1 1 1 1 1 1 1
269 35 18241 0 0 0 0 0 1 1 1 1 0 0 1 1 0 0 1 0 0 1 0 0 0 0 0 0 0 1 1 0 1 0 1 0 0 0
270 35 18737 0 0 0 0 0 0 0 1 1 1 0 0 1 0 0 0 1 1 1 0 0 1 0 0 0 1 1 0 0 0 1 0 0 0 0
271 35 31917 1 1 0 1 1 1 0 0 1 0 0 1 0 0 0 1 1 0 1 1 0 0 1 0 1 0 1 1 1 0 0 1 1 0 1
272 35 11519 0 0 1 1 0 0 1 0 0 0 0 1 0 0 1 0 0 0 0 0 0 0 0 0 0 0 1 0 0 0 0 0 1 0 0
273 35 7551 0 0 0 1 1 0 0 0 0 0 0 0 0 0 0 0 0 0 1 0 0 0 0 0 0 0 0 0 0 0 0 0 0 1 0
274 35 43735 1 1 1 1 1 1 1 1 1 1 1 1 1 1 1 1 1 1 1 1 1 1 1 0 1 1 1 1 1 1 1 1 1 1 1
275 35 45551 1 1 1 1 1 0 1 1 1 0 1 1 1 1 1 1 1 1 1 1 0 1 1 1 1 1 1 1 1 1 1 1 0 0 1
276 35 44424 1 1 1 0 1 1 1 1 0 1 1 1 1 1 1 0 1 1 1 1 0 1 1 1 1 1 1 0 0 0 1 0 1 1 1
277 35 42384 1 0 1 1 1 1 1 1 1 1 1 1 1 1 1 1 1 1 0 1 1 1 1 1 1 1 1 1 1 1 1 1 1 1 1
278 35 26828 0 0 0 0 0 0 0 1 0 1 0 1 0 1 0 0 0 1 0 1 1 1 0 0 1 0 0 0 1 1 1 0 0 0 1
279 35 39849 1 1 0 1 1 1 1 0 1 1 1 1 0 1 0 1 1 1 1 0 0 1 1 0 1 1 1 1 1 1 1 0 1 0 1
280 35 37315 1 1 1 1 1 1 1 1 1 1 1 1 1 1 1 1 1 1 1 0 1 1 1 1 1 1 1 0 1 0 0 0 1 1 1
281 35 29884 1 0 0 1 1 1 1 1 1 1 0 0 0 0 0 1 0 0 1 0 1 0 1 0 0 0 1 0 0 1 1 0 0 0 0
282 35 37426 1 1 1 1 1 1 1 1 1 0 0 1 1 1 1 1 1 1 1 0 0 1 1 1 1 1 1 1 1 1 1 1 1 1 1
283 35 41703 1 1 1 1 1 1 1 1 1 1 1 1 1 1 1 1 1 1 1 1 1 1 1 1 1 0 0 1 1 1 1 1 1 1 1
284 35 37781 0 1 0 1 1 1 1 1 1 1 1 1 1 1 0 1 1 1 1 1 1 1 0 1 1 0 1 1 0 1 1 1 0 0 1
285 35 46258 1 1 1 1 1 1 1 1 1 1 1 1 1 1 1 1 1 1 1 1 1 1 1 0 1 1 1 1 1 1 1 1 1 1 1
286 35 14545 0 1 0 0 0 1 0 0 0 1 1 0 0 0 0 1 1 1 0 0 0 0 0 1 0 1 0 0 0 1 0 0 1 1 0
287 35 9785 0 0 0 0 0 0 0 0 0 0 1 1 0 0 0 0 0 0 0 0 0 0 1 0 0 0 0 0 0 0 0 1 1 1 0
288 35 11910 0 1 0 0 0 0 0 0 0 1 0 0 0 0 0 0 0 0 0 1 0 1 0 0 0 0 1 0 0 0 1 1 1 0 0
289 35 46804 0 1 1 1 1 1 0 0 0 1 1 1 1 1 1 1 1 1 0 1 1 0 0 1 1 1 1 1 1 1 1 1 1 1 1
290 35 40900 1 1 1 1 1 1 0 1 1 1 0 1 0 1 1 1 0 1 1 1 0 1 1 0 1 0 1 1 1 1 1 1 1 1 1
291 35 35063 1 1 0 1 1 1 1 1 0 1 0 1 1 0 0 1 0 0 1 1 1 1 1 0 1 1 1 0 1 1 1 1 0 1 0
292 35 33718 0 1 0 1 1 1 0 1 1 1 1 0 1 1 1 0 1 1 0 0 1 0 0 1 0 1 1 1 1 1 0 0 1 0 0
293 35 22124 0 0 0 0 0 0 1 0 1 1 1 1 0 1 1 1 1 0 1 0 0 0 0 1 0 0 0 1 0 0 1 0 1 0 0
294 35 42066 0 0 1 1 1 1 1 1 1 1 1 0 1 1 1 1 0 1 1 1 1 1 1 1 0 1 0 0 0 1 1 0 1 1 1
295 35 5717 0 0 0 0 0 0 0 1 0 0 0 0 0 1 0 0 0 0 0 0 0 0 0 0 0 0 0 0 0 0 0 1 0 0 1
296 35 34940 0 1 1 1 0 1 1 0 0 0 0 0 1 1 1 1 1 1 1 1 1 0 1 1 0 1 1 1 1 1 1 0 0 1 1
297 35 30635 1 0 0 0 0 1 0 0 1 1 1 1 1 1 1 0 0 1 0 0 0 1 1 0 0 1 0 0 1 1 1 1 1 1 0
298 35 49251 0 1 1 1 1 1 1 1 1 1 1 1 1 1 1 1 1 1 1 1 1 1 1 1 1 1 1 1 1 1 1 1 1 1 1
299 35 40045 1 1 1 1 1 0 1 1 1 0 1 0 1 0 1 0 0 1 1 1 1 0 0 0 1 1 1 1 0 1 0 1 1 0 1
300 35 27912 1 0 0 1 0 1 1 1 0 1 1 1 1 0 1 0 1 1 0 0 0 0 1 0 0 0 0 1 0 1 1 1 0 0 0
301 35 24491 1 0 0 1 1 0 0 1 0 1 0 1 0 0 1 0 1 1 1 0 0 0 1 1 1 1 0 0 0 1 0 0 0 1 0
302 35 26460 0 1 1 0 1 0 1 0 1 0 1 1 1 1 0 0 1 0 0 1 0 0 0 1 1 0 1 1 0 1 0 1 0 0 1
303 35 7516 0 0 1 0 0 0 0 0 0 0 1 0 0 0 0 0 0 0 0 0 1 0 1 0 0 0 1 0 0 1 0 0 0 0 0
304 35 27755 1 0 1 1 0 0 0 1 1 0 1 0 1 0 1 1 1 0 1 1 0 0 1 1 0 0 0 0 0 0 0 1 1 0 1
305 35 36109 1 1 1 1 1 1 1 1 1 1 1 1 1 0 1 1 1 1 1 0 1 1 1 1 1 1 1 1 1 1 1 1 1 1 1
306 35 24300 0 0 1 0 0 1 0 0 0 0 1 0 1 0 0 0 1 0 0 0 1 1 1 1 0 1 0 1 0 1 1 1 1 1 1
307 35 43764 1 1 1 1 1 1 1 1 1 0 0 0 1 1 1 1 1 1 0 1 1 1 1 1 1 1 1 1 1 1 0 1 0 0 0
308 35 31612 1 1 0 0 0 0 1 0 0 1 1 1 1 1 0 1 1 0 1 1 0 0 1 1 1 0 0 0 1 1 0 0 0 0 1
309 35 41186 1 1 1 1 1 1 1 1 0 1 1 1 1 1 1 1 1 1 0 1 1 1 0 1 1 1 0 1 1 1 1 1 1 1 1
310 35 14874 0 0 0 0 1 0 0 1 0 0 0 0 1 1 0 0 1 0 0 0 1 0 1 0 1 0 0 1 0 0 0 1 0 0 0
311 35 22785 0 0 0 0 0 0 1 1 1 0 0 0 1 1 0 1 1 0 0 1 1 1 0 0 0 1 0 0 0 1 1 1 0 0 1
312 35 18037 1 0 0 0 0 0 0 0 0 1 0 1 0 1 1 1 0 0 0 0 0 0 1 0 0 0 1 0 0 1 0 1 0 0 0
313 35 44764 0 1 0 1 1 1 0 0 1 0 1 1 1 0 1 1 1 1 1 1 1 1 1 1 0 1 1 0 1 1 1 1 1 1 1
314 35 37264 1 1 1 1 1 1 1 1 1 0 1 1 1 1 1 1 1 0 1 1 1 0 1 1 0 0 1 1 1 1 0 1 1 1 1
315 35 30944 1 0 1 0 1 1 1 0 1 0 0 1 1 1 1 1 0 0 0 1 1 0 1 1 0 0 1 0 1 1 1 1 0 0 1
316 35 42203 1 1 1 1 0 1 1 0 1 1 1 1 1 1 1 0 1 1 1 1 1 0 1 1 1 1 1 1 1 1 1 1 1 1 1
317 35 7228 1 0 0 0 0 0 0 0 0 0 0 0 0 0 0 0 0 0 0 0 1 0 0 0 0 0 0 0 1 1 0 0 1 1 0
318 35 53780 1 1 1 1 1 1 1 0 1 1 1 1 1 1 0 1 1 1 1 0 1 1 1 0 1 1 1 1 1 1 1 1 1 1 1
319 35 41415 1 1 1 1 1 0 1 0 1 1 1 1 1 1 1 1 0 0 1 1 1 1 1 0 1 1 0 0 1 0 1 1 0 1 1
320 35 18027 0 0 1 1 0 0 0 0 0 0 0 0 0 0 1 1 1 0 1 0 1 0 1 0 0 0 0 0 0 0 1 0 0 1 1
321 35 29876 0 0 1 0 1 1 0 1 1 0 0 1 1 1 0 0 0 1 0 0 1 1 1 0 1 1 1 1 0 1 0 0 1 1 1
322 35 13983 0 0 0 0 0 1 0 1 0 0 1 0 1 1 0 0 0 0 0 1 0 1 0 0 0 1 0 0 1 0 0 1 1 1 1
323 35 32526 0 0 0 0 1 0 0 1 0 1 1 0 1 0 1 1 1 1 0 1 0 1 1 1 1 1 1 0 1 0 1 1 1 1 1
324 35 40099 1 1 1 1 1 1 0 1 0 1 1 1 1 0 1 1 1 0 1 1 0 1 1 1 1 0 1 1 1 1 1 1 1 1 1
325 35 44554 1 1 0 1 1 1 1 1 1 1 1 1 1 1 1 0 1 1 1 1 1 1 1 1 1 1 1 1 1 1 1 1 0 1 1
326 35 13207 0 0 0 1 1 0 0 1 0 0 0 1 0 1 0 0 0 0 1 0 1 0 0 0 0 0 1 1 0 0 0 0 0 0 0
327 35 36090 1 0 1 1 1 1 0 1 1 1 1 1 1 1 1 0 1 1 0 1 0 1 1 1 1 1 1 1 1 1 1 1 1 0 1
328 35 23075 1 0 0 0 1 1 0 1 1 0 0 1 0 0 0 1 0 0 1 0 1 0 0 1 1 1 1 0 1 0 0 1 0 1 0
329 35 31534 1 1 1 1 0 0 0 0 0 1 1 1 0 1 1 1 1 1 0 1 1 1 0 0 1 0 1 0 0 1 1 1 1 0 0
330 35 16656 0 0 0 0 1 0 0 0 0 0 1 0 0 1 0 1 1 0 0 1 0 0 0 1 0 1 0 0 0 0 0 0 1 1 0
331 35 35178 1 1 1 1 0 1 0 1 1 0 1 1 1 1 1 0 1 1 0 0 0 0 0 0 1 0 1 0 1 1 1 1 1 1 1
332 35 24394 0 0 1 0 1 0 1 0 1 0 1 1 1 1 0 0 0 0 0 1 0 0 1 1 1 1 1 1 0 0 0 0 0 0 0
333 35 32867 0 0 1 0 1 1 0 1 1 1 1 0 0 0 0 1 0 1 1 0 0 1 0 1 0 1 0 0 1 1 1 1 1 1 1
334 35 14741 1 0 0 0 0 0 0 1 0 0 1 0 1 1 1 0 0 1 1 0 0 0 0 0 0 0 0 1 0 0 0 0 0 0 1
335 35 33889 1 1 1 1 1 0 1 1 0 0 1 1 1 1 1 0 1 1 0 0 0 0 1 1 0 0 0 0 1 1 1 0 1 1 0
336 35 53207 1 0 1 1 1 1 1 1 1 1 1 1 1 1 1 1 1 1 1 0 1 1 1 1 1 1 1 1 1 1 1 1 1 1 1
337 35 32147 1 1 0 1 0 1 0 1 1 1 1 1 0 0 0 1 1 1 1 0 1 1 0 0 0 1 1 1 1 1 1 1 1 1 0
338 35 43635 1 1 1 1 1 1 1 0 1 1 1 1 1 1 1 0 1 0 1 1 1 0 1 1 0 1 1 1 1 1 1 1 1 1 1
339 35 28969 0 1 1 1 1 0 0 1 0 0 1 0 0 1 0 1 1 0 0 1 1 1 0 1 1 0 1 0 0 0 1 0 0 1 0
340 35 41563 1 1 0 1 1 1 1 1 1 1 1 1 1 0 1 1 1 1 1 1 1 1 0 1 1 1 1 1 1 1 1 1 1 1 0
341 35 39149 1 1 0 0 1 1 1 0 0 1 0 1 1 1 1 1 0 0 0 1 1 1 1 1 0 0 1 1 1 1 1 1 1 1 0
342 35 27574 1 1 1 1 0 1 0 0 1 1 1 0 1 1 0 1 1 1 1 0 1 0 0 1 1 0 0 0 0 1 1 1 1 0 0
343 35 31183 0 0 1 1 0 0 1 1 0 1 1 1 0 1 1 0 0 1 0 1 1 0 1 1 1 0 1 0 1 0 1 0 1 1 0
344 35 31009 0 1 0 1 0 0 0 0 1 0 1 1 1 0 1 0 1 0 1 1 0 0 0 1 1 0 1 1 0 1 0 0 0 1 1
345 35 26774 0 0 1 1 0 1 0 1 0 1 1 0 1 0 1 0 1 1 0 1 1 1 0 0 0 0 1 0 1 1 0 0 0 0 1
346 35 31225 0 1 1 0 0 1 0 1 0 1 0 1 1 0 0 0 1 1 1 1 0 1 1 0 1 0 1 1 0 1 1 1 0 1 0
347 35 45495 1 1 1 1 1 1 1 1 1 1 1 1 1 1 1 1 1 1 1 1 1 0 1 1 1 1 1 1 0 1 1 1 1 0 1
348 35 31372 1 0 1 0 0 0 1 0 1 1 0 0 0 1 1 1 1 0 0 1 0 0 0 1 1 0 1 1 1 0 0 0 0 1 1
349 35 37686 0 1 1 0 1 1 0 1 1 0 1 1 1 1 1 1 0 1 0 1 1 1 1 1 1 0 1 1 1 0 1 0 1 0 1
350 35 26545 0 0 1 1 1 1 1 0 1 1 1 1 0 0 0 0 1 1 0 0 0 0 0 1 0 1 0 1 0 0 0 0 0 1 0
351 35 25164 1 1 1 0 0 0 1 1 1 1 0 0 0 0 1 1 0 0 1 1 0 0 0 0 0 1 0 0 1 0 1 0 0 1 0
352 35 33190 0 0 1 1 0 0 1 0 1 0 1 0 1 1 1 1 1 1 1 1 0 1 1 1 1 0 0 1 1 1 1 1 0 0 0
353 35 23509 0 1 1 1 1 1 0 0 0 0 1 0 0 1 1 0 0 1 1 1 1 0 1 0 1 0 0 0 1 1 0 1 0 1 1
354 35 28046 1 1 1 0 1 1 0 1 1 1 0 0 1 0 0 1 1 0 0 0 1 1 0 1 1 0 0 0 1 0 0 0 1 0 1
355 35 23025 0 1 1 1 0 0 0 1 1 1 0 0 0 0 0 0 0 0 0 1 1 1 1 0 1 0 1 1 1 0 0 1 0 0 1
356 35 45522 1 1 1 1 1 0 1 1 1 1 1 1 1 1 0 0 1 1 1 0 1 1 1 1 1 0 1 1 1 1 1 1 1 1 1
357 35 32775 1 1 1 1 1 1 1 0 1 1 0 1 0 0 0 1 1 1 1 1 1 1 0 1 0 1 1 1 1 0 0 0 0 1 1
358 35 42133 1 1 1 0 1 1 1 0 1 1 1 1 1 1 1 1 1 1 0 0 1 1 1 1 0 1 1 1 1 1 0 0 0 0 1
359 35 26200 1 0 1 1 0 0 0 0 1 0 0 1 0 0 0 0 1 0 0 1 0 1 1 1 1 1 1 0 1 1 0 1 0 0 1
360 35 43860 1 1 1 1 1 0 1 1 1 1 1 1 1 1 1 1 1 1 1 1 1 1 1 1 0 1 1 1 0 1 1 1 1 1 1
361 35 20010 0 0 0 0 1 1 1 0 1 0 1 1 1 0 1 0 0 0 1 0 0 0 0 0 1 1 0 1 0 0 0 1 0 0 0
362 35 50384 1 1 1 1 1 1 1 1 1 1 1 1 1 1 1 1 1 1 1 1 1 1 1 1 1 1 1 1 1 0 1 1 1 1 1
363 35 41199 1 1 1 1 1 1 1 1 1 1 1 1 1 1 1 1 1 1 1 1 1 1 1 1 0 1 1 0 1 1 1 1 1 1 1
364 35 30359 1 0 0 0 0 0 1 1 1 1 0 0 0 1 1 1 1 0 1 1 0 0 1 1 0 1 1 0 1 1 0 0 1 1 0
365 35 34280 1 1 1 1 0 1 1 0 1 1 0 0 1 1 1 1 1 1 1 1 1 1 1 0 0 1 1 0 1 0 1 1 1 1 0
366 35 30135 0 1 1 0 0 1 1 0 1 0 0 1 0 0 1 1 1 1 1 1 0 0 1 0 0 1 1 1 1 1 0 1 1 1 0
367 35 4037 0 0 0 0 0 1 0 0 0 0 0 1 0 0 0 0 0 0 0 0 0 0 0 0 0 0 0 0 0 0 0 0 0 1 0
368 35 39146 1 0 1 1 1 1 1 1 1 1 1 0 0 1 1 1 1 1 1 1 1 1 1 1 1 0 1 1 1 1 0 1 1 1 1
369 35 41883 1 0 1 1 1 1 1 0 1 1 1 1 1 0 1 1 1 1 1 1 1 1 1 1 1 1 1 1 1 0 1 1 1 1 1
370 35 36404 1 0 1 1 0 1 1 1 1 1 1 1 1 1 1 1 1 1 0 1 1 1 0 1 1 1 0 0 0 1 1 1 1 1 1
371 35 35938 1 0 1 1 0 1 1 0 1 0 1 1 1 0 0 1 1 1 1 0 1 0 1 1 1 1 1 1 1 1 1 0 0 1 1
372 35 23050 1 0 0 0 1 1 0 0 0 1 0 1 1 0 0 0 0 1 0 1 1 0 0 0 0 0 1 0 0 0 0 1 0 1 1
373 35 38609 1 1 1 1 0 1 0 1 1 1 0 1 1 0 1 1 1 1 1 1 1 1 0 1 1 1 0 1 1 1 0 0 1 1 1
374 35 13936 0 0 0 0 0 0 0 0 1 0 0 1 0 0 0 1 0 0 0 0 1 0 0 1 0 1 1 1 1 0 0 0 0 0 0
375 35 33889 1 1 1 0 1 0 1 0 1 1 1 1 0 0 0 1 1 1 1 0 1 1 0 1 1 0 1 0 1 1 0 0 1 1 0
376 35 22738 0 0 1 0 1 1 1 0 0 0 1 0 1 0 0 0 0 0 0 0 0 0 1 1 1 1 1 0 0 1 1 0 1 1 0
377 35 39775 1 1 1 1 1 1 1 1 1 1 1 1 1 1 1 1 1 1 1 1 1 1 1 1 1 1 1 0 1 1 1 1 1 1 1
378 35 27047 1 0 0 0 1 1 1 1 0 0 1 0 0 0 0 1 0 0 0 1 0 0 1 1 1 1 1 1 0 1 1 0 1 0 1
379 35 29496 0 1 0 0 1 1 1 0 1 0 1 0 1 1 1 0 1 1 0 0 0 1 1 1 1 1 0 0 1 1 0 1 0 1 1
380 35 39527 0 1 1 0 0 0 1 1 1 1 0 1 0 1 1 1 1 0 1 1 1 0 1 1 1 1 1 1 1 1 0 1 1 1 1
381 35 38457 0 1 1 1 1 1 1 1 1 1 1 1 0 1 0 0 1 1 1 1 1 1 1 0 0 1 1 1 0 0 0 0 0 1 1
382 35 44274 1 1 1 1 1 1 1 0 1 1 1 1 1 1 1 1 1 1 1 1 1 1 1 1 1 1 1 1 1 1 1 1 1 1 1
383 35 25136 0 1 0 0 1 0 1 0 0 0 1 0 0 1 1 0 1 1 0 0 0 1 0 1 0 1 0 0 0 1 0 1 0 1 0
384 35 30705 0 1 1 1 1 0 0 0 0 1 0 1 1 1 0 1 1 1 0 1 0 1 1 0 1 0 0 0 1 1 1 0 0 1 1
385 35 43360 1 1 1 1 1 1 1 1 1 1 1 1 1 1 0 1 1 1 1 1 1 1 1 1 1 1 1 1 1 1 1 1 1 1 1
386 35 3394 0 0 0 0 1 0 0 0 0 0 0 0 0 0 0 0 0 0 0 0 0 0 1 0 0 1 1 0 0 0 0 0 0 0 0
387 35 29646 0 1 0 1 0 0 1 0 1 1 0 0 0 0 0 1 1 0 1 1 0 0 0 1 1 1 0 1 1 0 1 0 0 1 0
388 35 21176 0 1 0 1 1 1 0 0 0 1 0 1 1 0 1 1 0 0 0 0 0 0 1 1 1 0 1 0 1 0 0 0 0 0 1
389 35 35329 0 0 1 1 1 1 0 1 1 0 0 0 1 1 0 1 1 1 0 1 0 0 1 1 0 0 1 0 0 0 1 1 1 1 0
390 35 37093 0 0 1 1 0 1 0 0 1 1 1 1 1 1 1 1 1 1 1 1 1 0 1 1 0 0 1 1 1 0 1 1 0 1 1
391 35 38600 1 1 1 1 1 1 1 1 0 1 1 1 1 1 1 1 1 1 1 1 1 1 1 1 1 1 1 1 1 0 1 1 1 1 1
392 35 44205 0 1 1 1 1 1 1 1 1 1 1 0 1 1 1 1 0 1 1 0 1 1 1 0 1 1 1 1 1 1 1 1 1 1 1
393 35 42783 1 1 1 1 1 1 1 1 1 1 0 1 1 1 1 1 1 1 1 1 1 1 1 1 1 1 1 1 1 1 1 1 1 1 1
394 35 34110 1 0 1 1 1 1 1 1 1 0 1 1 1 0 0 0 1 1 1 1 1 1 1 1 1 1 1 1 1 0 0 0 1 1 1
395 35 10612 0 1 1 0 0 0 0 1 0 0 0 1 0 0 0 0 1 0 0 0 0 0 0 0 0 1 1 0 0 0 0 0 0 0 0
396 35 19434 0 0 0 0 0 1 1 0 0 0 0 0 1 1 1 1 1 1 1 1 0 0 0 1 0 1 1 0 0 0 1 0 0 0 1
397 35 33761 1 1 1 1 0 1 0 0 1 1 0 1 1 1 1 1 0 1 0 1 1 1 0 0 1 1 1 0 1 1 0 0 1 0 1
398 35 5706 0 0 0 0 0 0 0 0 0 0 0 0 0 1 0 0 0 0 0 0 0 0 0 1 1 0 0 0 0 0 0 1 0 0 0
399 35 23181 0 0 1 1 0 0 0 0 1 0 0 0 0 1 1 1 1 1 0 1 1 0 1 0 0 1 1 1 0 0 0 0 1 1 0
400 35 33451 1 0 1 0 0 0 1 1 0 1 1 0 0 0 1 1 0 1 1 0 1 1 1 1 0 0 1 0 1 1 1 0 1 1 1
401 35 16324 0 0 0 0 1 0 0 1 1 0 0 1 0 0 1 0 0 1 0 0 1 0 0 1 1 0 0 0 0 1 0 0 0 0 0
402 35 41125 1 0 0 0 1 1 1 1 1 1 1 1 1 1 1 1 0 1 1 1 1 0 1 0 1 1 1 1 1 0 0 1 0 1 1
403 35 42122 1 1 1 1 1 1 1 1 1 1 0 0 1 1 1 0 0 1 0 1 1 1 1 1 0 0 1 1 1 1 1 1 1 1 1
404 35 27325 1 0 0 1 0 0 1 1 0 0 1 0 1 1 1 1 1 0 0 1 1 1 1 0 0 0 0 0 1 0 0 0 0 1 1
405 35 2738 0 0 0 0 0 1 0 0 0 0 0 0 0 0 0 0 0 0 0 0 0 0 0 0 0 0 0 1 0 0 0 0 0 0 0
406 35 30418 1 1 1 1 1 0 0 0 0 1 0 0 1 1 1 0 0 1 0 1 0 1 1 0 1 0 0 0 1 1 1 0 1 1 1
407 35 11406 0 0 0 0 0 0 0 1 0 0 1 0 0 0 0 0 0 0 0 1 1 0 0 1 0 0 0 1 0 0 1 0 0 0 0
408 35 36719 1 1 0 1 1 1 1 1 0 1 1 1 1 1 1 1 1 0 1 1 1 0 1 1 1 0 0 0 0 1 1 0 1 1 1
409 35 37483 1 1 1 1 1 1 1 1 0 1 1 1 1 0 0 0 1 0 0 0 1 1 1 1 0 1 0 1 1 1 0 0 1 1 0
410 35 42560 1 1 1 0 1 1 0 1 1 1 0 1 1 1 1 1 1 1 1 1 1 0 1 1 0 1 1 1 1 1 1 1 1 1 1
411 35 37267 0 1 1 0 0 1 1 1 1 0 1 1 1 1 1 0 1 1 1 1 1 1 1 1 0 1 1 0 1 0 0 1 0 1 1
412 35 38188 1 0 0 1 1 0 1 1 1 1 0 1 0 1 1 0 0 1 1 1 1 1 1 1 0 1 0 1 1 1 0 1 1 1 1
413 35 36695 0 1 1 1 1 1 0 1 1 1 1 1 1 1 1 1 1 1 0 1 1 0 0 1 1 1 1 1 1 1 0 1 1 1 0
414 35 38182 1 1 1 1 1 1 1 1 0 1 1 0 1 1 1 1 1 0 0 1 1 0 0 1 1 1 0 0 1 0 1 0 0 0 1
415 35 48301 1 1 1 1 1 1 0 1 1 0 0 1 1 1 1 1 1 1 1 1 1 1 1 1 1 1 0 1 1 1 1 1 1 1 1
416 35 13474 0 0 1 0 0 0 0 1 0 1 0 0 0 0 0 0 0 1 1 1 0 0 0 0 0 0 0 0 0 0 0 1 1 0 1
417 35 37341 1 1 1 1 0 0 1 1 1 1 1 1 0 0 1 1 1 0 1 0 1 1 1 0 1 1 1 0 1 0 1 1 1 1 1
418 35 32673 1 1 0 1 1 1 0 1 1 0 1 0 0 1 0 1 0 0 0 0 0 0 1 1 0 0 1 0 1 0 1 1 1 0 1
419 35 45468 1 1 1 1 1 1 1 0 1 1 1 1 1 1 1 0 1 1 1 1 1 1 1 1 1 1 1 0 1 0 1 1 1 0 1
420 35 47780 1 1 1 1 1 1 1 1 0 1 1 1 1 1 1 1 1 1 1 1 1 1 1 1 1 1 1 1 1 1 1 1 1 1 1
421 35 38422 1 0 1 0 1 0 1 1 0 0 1 1 1 1 1 0 0 1 1 0 1 1 1 1 1 1 1 1 0 1 1 1 1 1 1
422 35 45774 0 1 1 1 1 0 1 1 1 1 1 1 1 1 0 1 0 1 0 1 1 1 1 1 1 1 1 1 1 1 1 1 1 1 1
423 35 4135 0 0 0 0 0 0 0 0 0 0 1 0 0 0 0 0 0 1 0 0 0 0 0 0 0 0 0 0 0 1 0 0 0 0 0
424 35 42655 1 0 1 0 1 1 1 1 1 1 1 0 1 0 1 0 1 1 0 1 1 0 1 1 1 1 1 1 1 0 1 1 0 0 1
425 35 26647 0 0 1 0 1 0 0 0 1 0 0 1 0 0 0 1 0 1 0 1 1 0 1 1 1 1 0 1 1 0 0 1 0 1 0
426 35 29561 1 1 0 1 0 0 1 0 1 0 1 1 1 0 0 0 0 0 0 1 1 0 1 0 0 1 1 1 0 0 1 0 1 0 1
427 35 15370 1 0 0 1 0 1 0 1 0 0 0 0 0 1 0 0 0 0 0 0 1 0 0 1 1 0 0 0 0 0 1 0 0 0 0
428 35 44874 1 1 1 1 1 1 1 1 1 1 1 1 1 1 1 1 0 0 1 1 1 1 0 1 0 1 0 1 0 1 1 1 1 0 1
429 35 38673 1 1 1 1 0 1 1 1 1 0 1 1 1 1 1 1 1 1 1 0 1 1 1 1 0 1 0 0 0 1 0 1 1 0 1
430 35 16126 0 0 0 0 0 1 0 1 0 0 0 0 1 0 1 0 0 0 1 0 1 0 1 0 0 0 1 0 0 0 1 1 1 0 0
431 35 31643 1 0 0 1 1 1 1 1 0 0 0 1 0 0 0 0 1 0 0 1 0 0 1 1 0 1 1 0 1 1 1 1 0 1 1
432 35 20876 1 0 1 0 1 1 1 1 1 1 0 0 0 0 1 1 0 1 0 0 0 1 1 0 0 0 0 0 0 0 0 1 1 0 0
433 35 46217 1 1 1 1 1 1 1 1 0 1 1 1 1 1 1 0 1 1 1 1 1 1 1 1 1 0 1 1 1 1 1 1 1 1 0
434 35 19501 0 0 0 0 0 0 1 1 1 0 1 0 1 0 0 1 0 0 0 1 0 1 1 0 0 1 0 0 0 1 1 0 0 1 0
435 35 33927 1 1 1 0 1 1 1 1 0 1 1 0 1 1 1 0 1 1 0 0 1 1 1 0 1 1 0 1 1 0 1 0 0 0 0
436 35 45070 1 0 1 1 1 1 1 1 0 1 1 1 1 1 1 1 1 1 1 1 1 1 1 1 1 1 1 1 1 1 1 1 1 0 1
437 35 23218 1 0 0 1 0 1 1 0 0 1 0 0 0 1 0 0 0 0 0 1 1 0 0 0 0 0 1 0 1 1 1 0 1 1 1
438 35 34875 1 0 1 0 1 1 0 0 1 1 1 0 1 0 0 1 1 1 1 1 1 1 0 0 1 1 1 0 1 1 1 0 0 1 1
439 35 43714 1 1 1 1 1 1 0 1 0 1 1 1 0 1 1 1 1 1 1 1 1 1 0 0 1 1 1 1 1 1 1 1 1 1 1
440 35 39236 1 1 1 1 1 1 1 1 1 1 1 1 1 1 1 1 1 1 1 1 1 1 1 1 0 1 1 1 0 0 1 1 0 1 1
441 35 32654 0 0 1 1 0 0 1 1 0 1 1 0 0 1 1 0 1 1 1 1 1 1 1 1 1 1 0 0 1 1 1 0 1 0 0
442 35 42979 1 1 1 1 1 1 1 1 1 1 1 1 1 1 1 1 1 1 1 0 1 1 1 1 1 1 1 1 1 1 1 1 1 1 1
443 35 24469 1 1 0 1 0 1 1 0 1 1 0 0 0 0 0 1 0 1 1 1 0 0 0 0 1 0 0 1 0 1 0 1 1 0 1
444 35 20358 0 1 0 0 0 0 0 1 1 1 1 0 0 1 1 0 1 1 0 1 0 0 1 0 1 0 0 1 0 0 1 1 0 1 1
445 35 33671 1 1 0 0 1 1 0 0 1 1 0 0 1 0 1 1 0 1 0 0 0 1 0 0 1 1 1 1 1 1 0 1 0 1 1
446 35 46273 1 1 1 1 1 1 1 1 1 1 1 1 1 1 1 1 1 1 1 1 1 1 1 1 1 1 1 1 1 0 1 1 1 1 1
447 35 49517 1 1 1 1 1 1 1 1 1 1 1 1 1 1 1 1 1 1 1 1 1 1 1 1 0 1 1 1 1 1 1 1 1 1 1
448 35 45172 0 1 1 1 1 1 1 1 1 1 1 1 1 1 1 1 1 1 0 1 1 1 1 1 1 1 0 1 1 1 1 1 1 1 1
449 35 36249 0 1 0 1 1 0 1 0 1 1 1 0 1 0 1 1 1 1 1 1 0 0 0 1 0 0 1 0 0 1 1 1 1 1 1
450 35 29112 1 1 0 0 1 0 0 1 0 1 0 0 0 0 1 0 0 0 1 1 1 1 0 1 1 1 0 1 0 0 0 0 0 1 0
451 35 37822 1 1 1 1 1 1 1 1 1 1 1 1 0 1 0 0 1 1 1 1 0 1 1 0 1 1 1 1 1 1 1 1 1 0 1
452 35 20645 1 1 0 1 0 0 1 0 0 0 0 1 0 0 0 0 0 0 1 0 1 0 1 0 1 1 1 1 0 1 1 0 0 1 0
453 35 35186 0 0 1 1 1 0 1 1 1 0 0 0 0 1 1 1 0 1 1 0 1 1 1 1 1 1 1 1 1 1 0 0 0 1 1
454 35 22167 1 0 0 0 0 0 0 1 1 0 1 1 1 1 1 1 0 0 1 0 1 0 1 1 0 1 0 0 0 1 0 0 0 1 1
455 35 35347 0 1 1 1 1 1 0 0 1 1 0 0 1 1 1 1 1 1 1 0 1 0 1 1 1 0 1 1 1 0 0 1 1 1 0
456 35 39273 1 0 1 0 1 1 1 0 0 1 0 1 1 0 1 0 1 0 1 1 1 0 1 1 1 1 1 1 0 0 0 1 1 1 0
457 35 44451 1 0 1 1 1 1 1 1 1 1 1 1 1 1 1 1 1 1 1 1 1 1 0 0 1 1 1 1 1 1 1 1 1 1 1
458 35 39273 1 0 0 0 1 1 1 1 1 1 0 1 0 0 1 1 1 0 1 1 0 1 0 0 1 1 0 1 1 0 1 1 1 1 1
459 35 23794 0 1 0 0 0 0 0 1 1 1 1 0 1 0 0 1 1 1 1 0 0 1 0 0 0 1 1 1 0 0 1 0 0 0 0
460 35 39648 0 1 1 1 1 1 1 0 1 1 1 1 1 0 0 1 0 1 1 1 1 0 1 1 0 1 1 1 1 1 1 0 1 1 1
461 35 25378 0 0 1 0 0 0 1 1 0 0 0 1 1 0 1 0 0 0 1 1 0 1 1 1 1 1 1 0 0 1 0 0 1 0 1
462 35 18813 0 0 0 0 0 0 0 1 0 0 0 1 0 0 1 1 0 0 0 1 1 1 1 0 0 0 0 0 0 1 0 1 1 0 1
463 35 23950 0 0 1 1 1 1 1 0 0 0 0 0 0 0 0 1 0 0 1 0 1 1 0 1 0 1 0 0 0 1 1 1 1 0 0
464 35 46846 1 1 1 1 1 0 1 1 1 1 1 0 1 0 1 1 1 1 1 0 1 1 1 1 1 1 1 1 0 1 1 0 1 1 1
465 35 28488 0 0 0 1 1 1 1 1 1 1 1 1 0 0 0 0 0 1 0 1 1 0 1 0 1 1 1 1 0 0 1 0 0 1 1
466 35 42930 1 1 0 1 1 1 1 1 1 0 1 0 1 1 1 1 1 0 0 1 1 1 1 0 1 1 1 1 1 1 1 1 1 1 1
467 35 12823 0 0 0 1 0 0 0 1 0 0 0 0 0 0 0 1 0 0 1 0 1 0 1 1 0 0 0 0 1 0 0 0 0 1 0
468 35 35769 1 0 1 0 1 0 0 0 0 1 1 1 1 0 0 1 1 1 1 0 0 1 1 1 1 1 1 1 1 0 1 0 1 1 1
469 35 41414 0 1 1 1 1 1 1 1 1 1 1 1 1 1 1 1 1 1 1 1 1 1 1 1 1 1 1 1 1 1 1 1 1 1 1
470 35 34369 1 1 1 1 0 0 1 0 0 1 1 0 1 1 1 1 1 1 1 0 1 1 1 1 1 1 0 1 0 1 0 1 1 0 0
471 35 41875 1 1 0 0 1 0 1 1 0 1 1 1 1 1 1 0 1 1 1 1 1 0 1 1 1 1 1 1 1 1 1 1 1 1 0
472 35 35720 1 1 1 1 1 1 1 1 1 1 1 1 1 1 1 1 0 1 1 1 1 0 1 0 1 1 1 0 1 1 1 1 0 1 1
473 35 21486 0 0 1 1 1 0 1 0 0 0 1 0 1 0 0 0 1 0 0 0 1 1 1 0 0 0 1 1 0 0 0 1 0 1 0
474 35 32717 1 1 1 0 0 1 0 1 1 0 1 0 1 1 1 1 1 0 1 0 1 1 0 1 0 1 1 1 1 0 0 0 0 0 0
475 35 34867 0 1 0 1 0 1 0 1 1 1 0 1 0 0 0 1 1 1 1 0 1 0 0 1 1 1 1 1 0 0 1 0 1 1 0
476 35 39426 0 1 1 1 1 1 1 1 1 1 1 1 1 1 1 1 1 1 1 0 1 1 1 1 1 1 1 1 1 1 1 1 1 1 1
477 35 36015 1 1 1 1 0 1 1 1 0 0 0 0 1 1 0 0 0 1 1 1 1 1 1 1 1 1 0 1 1 0 1 1 1 0 1
478 35 40135 1 1 1 1 1 1 1 1 1 0 0 1 1 0 1 0 1 1 1 0 1 1 1 1 1 0 1 1 0 0 1 0 1 1 0
479 35 29870 1 0 1 1 0 0 1 1 1 0 0 1 1 0 0 1 0 0 1 0 1 1 1 0 1 1 1 1 0 0 0 0 0 1 0
480 35 37247 1 0 1 1 0 0 1 1 1 1 1 1 0 0 1 1 0 1 0 1 1 1 0 1 0 1 0 1 1 0 0 1 1 1 1
481 35 21590 0 0 1 1 0 0 1 0 0 0 0 1 1 1 0 0 0 1 0 0 1 1 0 1 0 0 0 0 0 0 0 1 0 1 0
482 35 17623 1 0 0 0 0 0 0 1 0 0 1 0 0 0 0 1 0 1 0 0 1 0 1 0 0 0 0 1 0 0 0 1 1 0 0
483 35 38772 0 1 1 0 1 1 1 1 1 1 1 1 1 1 0 1 1 1 1 0 1 1 0 1 0 1 1 1 1 0 1 0 0 1 1
484 35 36933 1 0 1 1 1 1 1 1 1 1 0 1 1 0 0 1 0 1 1 0 1 1 1 1 0 1 1 0 0 1 1 1 1 1 1
485 35 38428 0 1 1 0 1 1 1 0 1 1 1 1 1 1 0 1 1 0 1 1 1 1 1 1 1 0 1 1 1 0 1 0 1 0 1
486 35 33144 0 1 0 1 1 0 0 1 0 1 1 1 1 0 1 1 1 1 0 0 1 0 0 1 1 1 0 1 0 0 1 0 0 1 1
487 35 40088 1 0 1 1 1 1 1 1 1 1 1 1 1 1 1 1 1 1 1 1 1 1 1 1 1 1 1 1 1 1 1 1 1 1 1
488 35 35295 1 1 0 0 1 1 1 1 1 0 1 0 1 1 1 1 1 1 1 1 1 1 1 1 1 0 1 0 0 1 0 1 1 1 1
489 35 43275 1 1 0 1 1 0 0 1 1 1 1 1 1 1 1 0 0 1 1 1 1 0 1 0 1 1 1 1 1 0 1 1 0 1 1
490 35 47816 1 1 1 1 1 1 1 0 1 1 1 1 1 1 1 1 1 1 1 1 1 1 1 1 0 1 1 1 1 0 1 1 1 1 1
491 35 15933 0 0 1 1 0 0 0 0 0 0 0 1 1 0 0 1 1 1 0 1 1 0 0 0 0 0 1 0 0 0 0 1 0 0 0
492 35 41581 1 1 0 1 1 1 1 1 1 1 1 0 0 1 1 1 1 1 1 1 1 1 1 1 1 1 1 1 1 1 1 0 1 1 1
493 35 27735 1 1 1 1 0 0 0 1 1 0 0 1 0 1 1 1 1 1 1 0 0 1 0 0 0 1 1 1 0 0 0 0 0 0 1
494 35 43550 1 1 1 1 1 0 1 1 1 1 1 0 1 1 1 1 1 1 1 1 1 1 1 1 1 0 1 0 1 0 1 0 1 0 0
495 35 16180 0 0 1 0 0 1 0 0 1 0 0 0 0 0 0 0 1 0 0 0 0 0 1 0 0 0 0 1 1 1 0 1 0 1 1
496 35 14969 1 0 0 0 0 0 0 1 0 0 0 1 1 0 1 1 0 0 1 0 0 0 0 1 0 0 0 0 0 1 0 1 1 0 0
497 35 27916 0 1 1 0 0 1 0 0 1 1 1 1 0 0 0 1 0 0 0 1 0 1 0 0 1 0 0 1 0 1 1 1 0 1 1
498 35 33302 1 1 1 0 0 0 0 1 1 1 1 0 1 1 1 1 1 1 0 1 0 1 1 1 1 1 0 0 0 1 1 0 0 1 1
499 35 26091 0 1 1 0 0 0 0 1 0 1 0 1 1 0 0 1 0 1 0 1 0 0 1 1 1 0 0 1 0 1 1 1 1 0 0
500 35 24407 1 0 1 0 0 0 0 0 1 0 0 0 1 0 0 1 0 0 1 0 1 0 0 1 1 1 0 1 1 0 1 1 1 0 0
