1 30 23516 1 1 1 1 0 1 1 0 1 1 1 1 1 1 1 1 1 0 1 1 1 0 0 1 1 0 1 0 1 1
2 30 24762 1 0 0 0 1 1 1 1 1 0 1 1 1 0 0 0 1 0 1 1 1 1 1 1 1 1 1 0 1 1
3 30 29504 0 1 0 1 0 1 1 1 1 1 1 1 0 1 1 0 1 0 1 0 1 1 1 1 1 0 0 1 1 1
4 30 26194 1 0 1 0 0 0 1 1 1 1 0 0 1 1 1 1 1 0 1 0 1 1 1 0 1 1 1 1 1 0
5 30 27141 1 1 1 0 1 0 0 1 1 1 0 1 0 1 1 1 1 1 1 1 1 0 1 1 1 1 0 1 1 1
6 30 27944 1 0 0 1 1 1 1 0 0 1 1 0 1 1 1 0 1 1 1 1 1 1 0 0 1 1 1 1 0 0
7 30 27859 1 1 1 0 1 0 1 0 0 1 1 1 1 1 1 1 1 1 1 1 0 1 1 1 1 1 0 1 0 1
8 30 28553 0 1 0 1 1 1 1 0 1 1 1 1 0 1 1 1 1 1 0 1 1 0 1 0 1 0 1 1 1 1
9 30 28195 1 1 1 1 1 1 0 1 1 1 1 1 1 1 0 0 1 0 1 1 0 1 1 1 0 1 1 0 0 1
10 30 28099 1 1 1 1 1 1 1 0 1 0 1 1 0 0 1 1 1 1 1 1 1 0 1 0 0 1 1 1 0 1
11 30 24585 0 1 0 0 1 1 1 1 0 1 1 1 1 1 1 1 1 1 1 1 0 0 1 1 0 1 1 1 1 0
12 30 26333 1 1 1 0 1 1 0 1 0 1 1 1 0 1 1 0 1 0 1 1 0 1 1 1 1 1 0 1 1 0
13 30 25941 1 0 1 1 1 0 1 1 1 0 1 1 1 0 0 1 1 1 0 1 1 1 0 1 1 0 1 0 1 1
14 30 24400 1 1 0 1 1 0 1 1 0 1 1 0 1 1 1 1 0 1 1 0 1 0 1 1 1 0 0 1 1 1
15 30 23875 0 1 1 0 1 1 1 1 1 1 1 1 0 1 1 0 1 1 0 1 1 0 1 1 1 1 1 1 1 0
16 30 26455 0 1 0 1 0 1 1 1 1 1 1 0 1 1 0 0 1 1 1 1 1 1 0 1 1 0 0 1 1 1
17 30 26336 1 1 1 1 0 0 0 1 1 1 1 1 1 0 1 1 1 0 0 1 0 1 1 1 1 1 1 0 1 1
18 30 29113 1 1 1 0 1 1 1 0 0 0 0 1 1 1 0 0 0 1 1 1 1 1 1 0 0 1 1 1 1 1
19 30 27216 1 0 1 1 1 1 1 0 0 1 1 1 1 1 0 1 1 1 1 0 1 1 0 1 1 0 0 1 1 1
20 30 28994 1 0 1 1 1 1 1 1 0 0 1 1 1 1 0 0 1 1 0 0 1 1 1 1 0 1 1 0 1 1
21 30 26128 1 1 1 1 0 1 1 1 1 1 0 1 0 1 0 1 1 1 1 0 1 0 1 0 1 0 1 1 1 1
22 30 24494 1 0 1 0 0 1 0 1 0 0 1 0 1 0 1 1 1 1 1 1 1 1 1 1 1 0 1 1 1 0
23 30 27495 1 1 1 0 1 1 1 1 0 0 0 1 1 1 0 1 0 0 1 0 1 1 1 1 1 0 1 1 1 1
24 30 25310 1 0 1 1 0 0 1 1 1 0 0 1 1 0 1 1 1 1 1 1 1 1 1 0 0 1 1 1 0 1
25 30 25982 0 0 1 1 1 0 1 0 1 0 1 1 1 1 1 1 1 0 0 1 0 1 0 1 1 1 1 1 1 0
26 30 25196 1 1 1 0 1 1 1 1 1 1 1 1 0 0 0 1 1 1 1 1 0 1 0 0 1 1 1 1 1 0
27 30 25655 1 0 0 1 1 1 0 1 1 1 0 0 0 1 1 1 0 1 1 1 0 1 1 0 1 0 1 1 1 1
28 30 27245 1 1 1 1 0 0 1 1 1 1 1 1 1 1 1 0 0 0 1 1 0 1 1 1 1 0 1 1 0 1
29 30 26117 1 0 0 1 1 1 1 0 1 1 1 0 1 1 1 1 1 0 1 0 1 1 1 1 1 0 0 1 1 1
30 30 27764 1 0 1 1 1 1 0 1 1 0 1 1 1 0 1 1 1 1 0 1 0 1 1 1 1 1 1 1 0 1
31 30 27608 1 0 1 1 1 0 0 1 1 0 0 1 0 1 1 1 1 0 1 1 1 1 1 1 1 0 1 1 1 0
32 30 26783 1 1 1 1 1 0 1 1 1 0 1 1 1 1 0 1 1 0 0 1 1 0 1 1 0 1 1 0 1 0
33 30 26595 1 1 1 0 0 1 1 1 1 0 0 1 0 1 0 0 1 1 1 0 1 1 1 1 1 0 1 1 1 1
34 30 30215 1 1 1 0 1 1 0 1 0 0 1 0 1 1 1 0 1 1 1 1 1 1 1 1 0 0 0 1 0 1
35 30 24513 1 1 0 1 1 1 1 1 0 0 1 0 1 1 1 1 1 1 1 1 0 1 1 0 1 1 1 0 0 1
36 30 27539 1 1 1 0 1 0 1 1 1 1 0 1 1 1 0 1 1 0 1 1 1 0 1 0 1 0 1 1 0 1
37 30 25401 0 1 1 1 0 0 1 0 1 1 1 1 1 1 1 1 1 1 0 0 1 0 0 1 0 1 1 1 1 1
38 30 28034 1 0 1 1 1 1 0 1 0 0 1 1 1 1 0 1 1 1 1 0 0 1 0 1 1 1 1 1 1 1
39 30 24928 1 1 1 0 1 0 1 1 0 1 1 1 1 1 1 0 1 1 1 1 0 1 1 1 0 1 1 0 1 1
40 30 29343 0 0 1 0 1 1 0 1 0 1 1 1 0 1 1 1 1 1 1 0 1 0 1 1 1 1 1 1 1 1
41 30 26607 1 1 1 1 1 1 0 1 1 1 1 1 1 1 0 0 1 0 1 1 1 1 0 1 1 1 0 1 0 1
42 30 27384 1 0 0 1 0 1 0 1 1 1 0 0 1 0 1 0 1 1 1 1 1 1 1 1 1 1 0 1 0 1
43 30 25953 1 1 1 1 1 1 0 1 1 1 0 0 0 1 0 0 1 1 1 1 1 1 1 1 1 0 1 1 1 1
44 30 26141 0 1 0 1 0 1 1 1 1 1 1 1 0 1 1 0 1 0 1 1 0 1 1 0 1 0 0 1 1 1
45 30 26586 0 0 1 1 1 1 1 1 0 1 1 1 1 0 0 1 1 0 0 1 1 1 1 1 1 1 1 1 0 1
46 30 25813 1 1 0 1 1 1 1 1 0 1 0 1 1 1 1 1 1 1 1 1 0 1 1 1 1 0 0 1 0 1
47 30 25710 1 1 1 1 1 0 1 0 1 1 0 1 1 0 1 1 1 1 1 1 1 1 1 0 0 1 1 0 0 1
48 30 24551 1 0 0 1 1 1 1 1 0 1 0 1 1 1 0 1 1 1 1 0 0 1 1 0 1 1 0 1 1 1
49 30 27241 1 0 0 1 1 1 1 1 1 0 1 0 0 1 1 1 1 1 0 0 1 1 1 1 1 1 1 1 0 1
50 30 27583 1 1 1 1 0 1 1 0 1 1 1 1 1 1 0 1 1 0 1 0 0 0 0 1 0 1 1 1 1 1
51 30 27452 1 0 1 1 1 1 0 1 1 1 1 1 1 0 1 1 1 0 1 0 1 1 0 1 0 0 1 1 1 1
52 30 24457 1 1 1 1 0 1 1 1 1 0 1 1 0 1 0 1 0 0 0 1 1 0 1 0 1 1 1 1 1 0
53 30 24763 0 1 1 1 1 0 1 1 1 1 1 1 1 1 1 1 0 1 1 0 1 1 1 0 1 0 0 1 1 0
54 30 25136 1 1 1 1 1 1 0 1 0 0 0 1 1 0 1 1 1 1 1 0 1 1 0 0 1 0 1 0 1 1
55 30 26955 0 1 0 1 1 0 1 1 1 1 1 0 1 1 1 0 1 1 1 1 0 1 1 1 1 0 0 1 1 1
56 30 27276 1 1 1 0 1 1 1 0 1 1 1 1 1 1 0 1 0 1 0 1 1 0 1 0 0 1 0 1 1 1
57 30 25908 0 1 1 1 1 1 0 0 1 1 0 0 0 0 0 0 1 1 0 1 1 1 1 1 1 1 1 1 1 1
58 30 25871 1 1 0 0 1 1 1 1 0 1 0 1 0 1 1 1 1 1 0 1 1 1 0 0 0 1 1 1 0 1
59 30 26399 0 1 1 0 1 0 1 0 1 1 1 1 1 0 0 1 0 1 1 1 1 1 1 1 1 0 1 1 1 0
60 30 24735 0 1 1 0 1 1 1 1 0 0 0 0 1 0 1 1 1 1 1 1 1 1 0 1 1 1 1 1 1 0
61 30 24471 0 0 1 1 1 1 1 1 1 0 0 1 0 1 0 1 1 0 1 1 1 0 1 0 0 1 1 1 1 1
62 30 27803 0 1 0 1 1 0 1 1 1 1 1 0 1 0 1 0 1 0 1 1 1 1 1 1 1 1 1 0 1 1
63 30 25070 0 1 1 1 1 0 0 1 1 1 1 1 0 1 1 1 1 1 0 0 0 1 0 1 1 1 1 1 0 0
64 30 26085 0 1 0 1 1 1 1 1 0 0 0 1 1 1 1 1 0 1 1 1 1 1 1 1 0 1 1 1 0 1
65 30 24196 1 1 1 1 0 1 1 1 0 0 0 1 1 1 1 1 1 1 0 1 1 0 1 1 0 1 1 0 1 0
66 30 22838 1 0 1 1 1 1 1 0 0 1 1 1 1 0 1 0 0 1 1 1 1 0 0 1 0 1 1 1 1 1
67 30 27861 1 1 0 0 1 0 0 0 0 1 1 0 1 1 1 1 1 1 1 1 1 1 1 1 1 0 1 1 1 1
68 30 29783 0 0 1 1 0 0 1 1 1 1 1 1 1 1 0 1 0 1 1 1 1 1 1 0 0 1 1 1 0 1
69 30 25177 1 0 1 1 1 1 1 0 1 0 0 0 1 0 1 1 1 0 0 1 1 0 1 1 1 1 0 1 1 1
70 30 28128 1 1 1 1 1 0 1 1 1 0 1 1 1 0 0 1 1 1 1 1 1 0 0 1 1 0 0 1 1 0
71 30 26751 1 0 0 0 1 1 1 0 1 1 1 1 1 1 1 1 1 1 1 1 0 1 1 1 0 1 1 0 1 0
72 30 27020 1 1 1 0 0 0 0 0 1 1 0 1 1 1 1 0 1 0 1 1 0 1 0 1 1 1 1 1 1 1
73 30 24979 0 0 1 1 0 1 1 1 0 1 0 1 1 1 1 1 0 1 1 1 1 1 0 1 1 1 1 0 0 1
74 30 24568 1 1 0 0 1 1 1 1 1 0 1 1 1 1 1 1 0 1 1 1 1 0 1 1 1 0 1 0 0 1
75 30 22826 1 1 1 1 1 1 1 0 1 0 1 1 0 0 1 1 1 1 0 1 1 0 1 1 0 0 1 1 1 1
76 30 26926 1 1 0 0 1 1 1 1 1 1 1 0 1 0 1 0 1 0 1 0 1 1 1 1 1 0 1 1 1 0
77 30 27096 1 1 0 1 1 1 1 1 1 1 1 0 0 1 1 1 1 1 0 0 1 1 1 0 1 0 0 0 1 1
78 30 26433 1 0 1 1 1 1 1 0 1 1 1 1 1 0 0 1 0 1 0 0 1 0 1 1 1 1 1 1 1 1
79 30 28038 1 1 0 1 1 1 1 1 1 0 1 1 1 1 1 1 1 1 0 1 0 1 1 1 0 0 0 1 0 1
80 30 24321 1 1 1 1 1 1 1 0 1 0 1 1 0 1 1 1 0 0 1 0 1 1 0 0 0 1 1 0 1 1
81 30 27268 1 1 1 1 0 1 1 0 1 1 0 1 0 1 1 1 1 1 0 0 1 1 1 1 1 0 1 0 1 1
82 30 25476 1 0 1 0 1 1 0 0 1 1 1 1 1 1 1 1 1 1 1 1 1 0 1 0 1 1 1 1 1 0
83 30 28282 1 0 1 1 0 1 1 1 1 1 1 0 1 1 0 1 1 0 1 1 0 1 1 1 1 1 0 1 0 0
84 30 24776 0 0 1 1 1 1 1 0 1 1 1 0 1 1 1 0 1 1 1 0 1 1 1 1 1 1 1 0 0 1
85 30 26695 1 1 1 1 1 1 1 1 0 1 1 1 0 1 1 1 0 1 1 0 0 0 0 1 1 0 1 1 1 0
86 30 22963 1 0 1 0 1 1 1 1 1 1 0 0 0 1 1 1 1 0 1 0 0 1 0 1 1 0 1 1 1 1
87 30 24621 0 0 1 1 1 1 1 1 1 1 1 1 0 1 0 1 0 0 1 1 1 0 1 1 1 1 1 0 1 1
88 30 26434 1 0 1 1 1 0 1 1 1 1 1 0 0 1 1 0 1 1 1 1 1 0 1 1 1 1 1 1 1 1
89 30 29624 1 1 1 0 1 1 0 0 1 1 1 0 0 1 1 1 1 0 0 1 0 1 1 0 1 1 0 1 1 1
90 30 28234 1 1 1 1 1 1 0 1 1 0 1 1 1 0 1 0 1 0 1 0 1 1 1 1 1 0 0 0 1 1
91 30 24407 1 0 1 1 1 1 0 1 0 1 1 1 1 0 1 1 1 1 1 1 1 1 0 0 0 1 1 1 0 1
92 30 27633 1 1 1 1 0 1 1 0 1 1 0 1 1 0 1 0 1 1 1 1 1 0 1 1 1 0 1 1 1 1
93 30 25504 0 1 1 1 0 1 1 1 0 1 1 1 1 0 1 1 1 1 1 0 0 1 0 1 1 0 1 1 1 1
94 30 25011 0 1 0 1 1 1 1 1 1 1 1 0 1 1 0 0 0 1 1 1 1 0 0 1 1 1 1 1 1 0
95 30 28092 1 1 1 1 0 1 0 0 1 1 1 1 1 1 1 1 0 0 1 0 1 1 0 0 0 1 1 1 1 1
96 30 28993 0 0 0 0 1 1 0 1 1 1 1 1 1 0 1 1 0 1 1 1 1 1 0 1 1 1 1 1 0 1
97 30 24020 1 1 1 1 1 0 1 1 1 0 0 1 1 1 0 1 0 1 0 0 1 1 1 1 1 1 1 1 1 1
98 30 25763 1 1 1 1 0 0 1 1 1 1 1 0 1 1 0 1 0 0 0 1 0 1 1 0 1 1 1 1 1 1
99 30 27854 1 0 0 1 1 1 0 1 1 1 1 1 1 1 1 0 1 1 0 0 1 0 1 1 1 0 1 1 0 1
100 30 25948 0 1 1 1 1 1 1 1 0 1 0 1 0 0 1 1 1 0 0 0 1 1 0 1 1 1 1 1 0 1
