1 15 10050 1 1 1 0 0 1 1 0 1 1 1 1 1 1 1
2 15 13533 1 1 1 1 0 0 0 1 1 1 1 1 1 0 1
3 15 12533 1 1 0 1 1 1 1 1 1 1 0 0 1 1 0
4 15 13444 0 1 1 1 1 1 0 0 1 1 1 1 1 0 1
5 15 13049 1 1 0 1 1 0 1 1 1 0 1 1 1 0 1
6 15 15668 1 1 1 1 1 0 1 0 0 1 1 1 1 0 1
7 15 12918 0 1 0 1 1 1 1 0 1 1 1 1 1 1 0
8 15 14257 1 1 1 0 1 1 0 1 1 1 0 1 1 1 0
9 15 12303 1 0 1 1 1 1 0 1 1 1 1 0 1 0 1
10 15 13654 1 1 1 0 0 1 0 1 1 0 1 1 1 1 1
11 15 15192 1 1 0 0 1 1 0 1 1 1 1 0 1 1 1
12 15 15428 0 1 1 1 1 1 1 1 1 1 0 0 1 1 0
13 15 12328 1 0 1 1 1 1 1 1 1 1 1 1 0 0 0
14 15 13940 0 1 1 1 1 1 0 1 1 1 1 1 0 1 0
15 15 12744 0 0 1 1 1 1 1 1 1 1 1 0 1 1 0
16 15 14875 0 1 1 1 1 1 1 0 1 1 1 1 1 0 0
17 15 14920 1 1 1 1 1 0 0 1 1 1 1 1 0 0 1
18 15 14762 1 1 1 1 1 1 0 1 0 1 1 1 1 1 0
19 15 12843 1 1 1 0 0 1 1 0 1 1 1 1 1 1 0
20 15 13264 1 1 1 1 1 0 1 1 0 0 1 1 1 0 1
21 15 12946 1 0 1 1 1 1 0 1 0 1 1 1 1 1 0
22 15 11912 0 1 1 0 1 1 0 1 1 1 1 0 1 1 1
23 15 13558 1 0 1 1 0 1 1 1 1 0 1 0 1 1 1
24 15 14210 1 0 1 1 0 1 1 1 1 1 1 1 1 0 1
25 15 11634 1 1 1 1 1 1 1 1 1 0 0 0 1 1 1
26 15 12204 1 0 0 0 0 1 1 1 1 1 1 1 1 1 1
27 15 13109 1 1 0 0 1 1 1 1 1 1 0 1 0 1 1
28 15 13100 1 1 0 1 0 1 1 1 1 1 0 1 1 1 0
29 15 11559 1 1 0 1 0 1 1 0 1 1 1 1 1 1 1
30 15 13191 1 1 1 1 1 1 0 1 1 0 1 0 1 1 1
31 15 13147 1 0 1 1 1 1 1 0 1 1 0 1 1 1 1
32 15 13034 1 1 1 0 0 0 1 1 1 1 0 1 1 1 1
33 15 13719 1 1 0 1 1 1 1 0 1 1 1 0 0 1 1
34 15 16226 1 0 1 1 1 1 1 1 0 1 0 0 1 1 1
35 15 12482 1 1 0 1 1 0 1 1 1 0 1 1 1 0 1
36 15 12223 0 1 1 1 1 1 1 0 1 1 1 1 0 1 1
37 15 15547 1 1 1 1 0 1 1 0 1 1 0 1 1 0 1
38 15 14333 1 1 0 0 1 1 1 1 1 0 1 0 1 1 1
39 15 14722 1 1 1 1 1 0 1 1 0 1 1 0 1 0 1
40 15 11905 0 1 1 1 1 0 1 1 1 1 0 1 1 1 1
41 15 12538 1 0 1 0 0 1 1 1 1 1 1 1 0 1 1
42 15 12360 1 1 1 1 1 1 0 1 1 1 0 1 0 0 1
43 15 15260 1 1 1 0 0 0 1 1 0 1 1 1 1 1 1
44 15 14405 1 1 1 1 0 0 1 1 0 1 1 1 0 1 1
45 15 11804 0 1 1 1 1 0 1 0 1 1 1 1 0 1 1
46 15 12914 0 1 1 1 1 1 1 1 1 1 0 1 1 0 1
47 15 12726 0 0 1 1 1 1 1 1 0 1 1 1 1 1 1
48 15 14628 1 1 1 1 1 0 1 0 1 1 0 1 1 1 0
49 15 13332 1 0 1 1 1 1 1 1 0 0 0 1 1 1 1
50 15 13127 1 0 1 1 1 0 1 1 1 1 0 1 0 1 1
51 15 11176 0 1 0 1 0 1 1 1 1 1 1 1 0 1 1
52 15 15316 1 1 0 1 1 1 1 0 1 1 0 1 1 0 1
53 15 11463 1 1 1 1 1 0 1 1 1 0 1 1 1 1 0
54 15 14522 1 1 1 0 1 0 0 1 1 0 1 1 1 1 1
55 15 15823 1 0 1 1 0 0 1 1 1 1 1 0 1 1 1
56 15 10539 1 1 0 1 1 0 1 0 1 1 1 1 1 1 1
57 15 13123 1 1 0 1 1 1 0 1 0 0 1 1 1 1 1
58 15 13929 1 1 0 1 1 1 1 0 1 0 1 1 1 1 1
59 15 14095 1 1 1 0 1 1 1 1 0 1 0 1 1 1 0
60 15 13850 1 0 1 1 1 1 0 1 1 1 1 0 0 1 1
61 15 14854 1 1 1 0 1 0 1 1 1 0 0 1 1 1 1
62 15 12447 1 1 1 1 0 1 1 0 1 1 1 1 0 1 0
63 15 14445 1 1 1 1 1 0 0 1 1 0 1 1 0 1 1
64 15 12744 1 1 1 0 1 1 1 0 1 0 1 1 0 1 1
65 15 13726 0 1 1 1 1 1 1 0 1 1 0 1 1 0 1
66 15 16295 0 1 0 1 0 1 0 1 1 1 1 1 1 1 0
67 15 12846 1 1 1 1 1 1 0 1 1 1 0 0 1 1 1
68 15 11704 1 1 1 1 0 0 1 1 1 1 1 0 0 1 1
69 15 16047 0 1 0 1 1 1 1 1 1 1 1 1 0 0 1
70 15 12426 1 1 1 1 0 1 1 0 1 0 1 1 1 1 0
71 15 12309 0 1 1 1 1 1 0 1 1 1 1 1 1 1 0
72 15 13606 1 1 1 1 1 0 1 1 1 1 0 1 0 1 0
73 15 15550 1 1 1 1 1 1 0 1 1 0 0 0 1 1 1
74 15 12584 0 1 1 1 1 1 1 1 0 1 1 1 1 0 1
75 15 11678 1 1 0 0 1 1 1 1 1 1 1 1 1 1 0
76 15 14926 0 1 0 1 1 1 1 1 1 1 1 1 0 1 0
77 15 13532 1 0 1 0 1 1 1 1 1 1 1 0 1 1 0
78 15 14273 1 0 1 0 0 1 1 1 1 1 1 1 1 0 1
79 15 13379 1 1 1 1 1 1 0 1 1 1 0 0 1 1 0
80 15 13898 1 1 1 1 0 1 0 1 0 1 0 1 1 1 1
81 15 13388 1 1 1 1 1 1 0 1 1 1 1 1 0 0 0
82 15 13445 1 1 1 1 0 1 1 0 1 1 1 0 0 1 1
83 15 13154 0 1 1 1 1 0 1 1 1 1 1 1 0 1 1
84 15 12220 1 1 1 1 0 1 1 0 1 1 1 1 1 0 1
85 15 13216 1 1 1 1 0 0 0 1 0 1 1 1 1 1 1
86 15 13015 0 1 0 1 1 1 1 1 1 1 1 1 0 0 1
87 15 14201 1 1 1 1 1 0 1 0 0 1 1 1 1 1 0
88 15 12858 1 1 1 1 1 0 1 1 1 1 0 0 1 0 1
89 15 13063 1 0 1 1 1 1 1 0 0 0 1 1 1 1 1
90 15 11883 1 0 1 1 1 1 1 0 1 1 1 0 1 1 1
91 15 13195 1 1 1 1 1 0 1 1 1 0 1 1 1 0 0
92 15 13364 0 1 0 0 1 1 1 1 1 1 1 1 1 1 1
93 15 12431 1 1 0 1 1 1 1 1 1 1 0 0 1 0 1
94 15 11813 1 1 0 1 1 1 1 1 0 0 1 1 0 1 1
95 15 15563 1 1 0 1 1 1 1 0 1 1 1 0 1 0 1
96 15 12915 0 0 1 1 1 1 1 1 1 1 1 1 1 0 1
97 15 14357 0 1 1 1 0 0 1 1 1 0 1 1 1 1 1
98 15 14032 1 1 1 0 1 0 1 1 1 1 0 1 1 1 1
99 15 13340 1 0 1 0 0 1 1 1 1 1 1 1 0 1 1
100 15 10793 1 1 1 1 1 1 1 1 1 0 1 1 0 0 1
101 15 14400 1 1 0 1 1 0 1 1 0 1 1 1 0 1 1
102 15 13094 1 1 1 1 1 1 1 1 0 1 1 0 0 1 1
103 15 10174 1 1 1 0 1 0 0 1 1 1 1 1 1 1 1
104 15 14654 1 1 1 1 1 1 0 1 0 1 1 0 1 1 0
105 15 13304 1 1 1 1 1 1 1 1 0 1 0 0 0 1 1
106 15 13288 0 1 1 0 1 0 1 1 1 1 1 1 1 1 0
107 15 13882 1 1 1 0 0 1 1 1 1 0 1 1 0 1 1
108 15 14062 1 1 1 1 1 0 1 1 0 1 1 1 0 1 0
109 15 13014 0 1 1 1 0 1 1 1 1 1 1 0 1 0 1
110 15 13067 1 1 1 1 1 1 0 0 1 0 0 1 1 1 1
111 15 14960 1 1 1 0 1 0 1 0 1 1 1 1 0 1 1
112 15 12657 1 0 1 0 1 0 1 0 1 1 1 1 1 1 1
113 15 14191 0 1 1 1 1 1 1 1 1 0 1 1 1 0 0
114 15 13014 1 1 1 1 0 1 1 0 1 1 1 1 1 0 1
115 15 13693 1 1 1 0 1 0 0 1 1 1 1 1 1 0 1
116 15 11594 1 1 1 0 1 1 1 0 1 1 1 1 0 1 0
117 15 12508 1 1 1 1 1 0 1 1 1 0 0 1 1 0 1
118 15 12319 1 1 1 1 0 1 1 1 0 1 1 0 0 1 1
119 15 12464 1 1 0 1 1 1 0 1 1 0 0 1 1 1 1
120 15 14837 0 1 1 1 1 1 1 1 1 1 0 0 1 1 0
121 15 12964 1 0 1 1 1 0 0 1 1 1 1 1 1 1 1
122 15 13202 1 1 1 1 0 1 1 1 1 1 1 1 0 1 0
123 15 12945 1 1 1 1 1 1 0 1 1 1 0 1 0 1 1
124 15 12878 1 1 1 1 1 0 1 1 1 0 1 1 1 1 0
125 15 10846 0 1 0 1 1 0 1 1 1 1 1 1 1 1 1
126 15 13386 1 0 1 1 1 1 0 1 1 1 1 0 1 0 1
127 15 12475 1 1 1 0 1 0 1 1 1 1 1 1 0 1 0
128 15 10920 0 1 1 1 1 1 1 0 1 1 1 1 0 1 1
129 15 15975 0 1 1 1 0 1 1 1 0 1 1 1 1 1 0
130 15 13629 1 1 1 1 1 1 1 0 0 1 1 0 1 1 0
131 15 13604 1 0 0 1 1 1 1 0 1 1 1 0 1 1 1
132 15 14667 0 1 0 1 1 1 1 1 1 1 0 1 1 0 0
133 15 12647 0 0 1 1 1 1 1 0 1 0 1 1 1 1 1
134 15 13696 1 1 1 1 1 1 1 1 0 0 1 1 0 0 1
135 15 14676 1 1 1 0 1 0 1 0 0 1 1 1 1 1 1
136 15 14434 1 0 1 1 1 0 1 1 1 1 1 1 0 1 0
137 15 12563 0 1 0 1 1 1 1 1 1 0 1 1 1 1 0
138 15 14900 0 1 0 1 1 1 1 0 1 1 1 0 1 1 1
139 15 12622 1 1 0 1 0 1 1 1 1 1 0 1 1 1 0
140 15 12410 1 1 0 1 1 1 1 1 1 0 1 1 0 1 1
141 15 14037 1 1 0 0 1 1 1 1 0 1 1 1 1 0 1
142 15 11802 1 1 1 0 1 1 1 1 0 1 0 0 1 1 1
143 15 11022 1 1 0 1 1 1 1 0 1 1 1 1 0 1 1
144 15 11629 1 0 0 1 1 1 1 1 1 1 1 1 1 0 1
145 15 11486 1 1 0 1 0 1 1 1 0 1 1 1 1 1 1
146 15 12008 1 0 1 0 1 1 1 1 0 1 1 1 1 0 1
147 15 14120 1 1 1 1 0 0 0 1 1 1 1 1 0 1 1
148 15 12930 1 1 1 0 1 0 0 1 1 1 1 1 1 1 0
149 15 15842 1 1 1 1 1 1 1 1 1 0 1 0 1 0 0
150 15 11136 1 1 1 1 1 1 1 1 1 1 1 0 0 0 0
151 15 13938 0 1 1 0 1 1 1 0 1 1 1 1 0 1 1
152 15 12851 1 0 0 1 0 1 1 1 1 1 1 1 1 1 1
153 15 15000 1 0 1 1 1 1 0 0 1 1 1 1 1 1 0
154 15 12816 0 1 1 0 1 1 1 1 1 1 0 0 1 1 1
155 15 12804 1 0 0 1 1 1 1 1 1 1 0 0 1 1 1
156 15 12618 0 1 1 1 0 1 1 1 1 1 0 1 0 1 1
157 15 14918 1 0 1 1 0 1 1 1 1 0 1 0 1 1 1
158 15 14318 1 0 0 1 1 1 0 1 1 1 1 0 1 1 1
159 15 11174 1 1 1 1 0 1 1 1 1 1 0 1 1 0 1
160 15 13352 1 1 1 0 0 1 1 1 1 0 1 1 1 1 1
161 15 14868 1 1 1 1 1 1 1 0 1 1 0 1 0 0 1
162 15 10432 0 1 1 0 1 1 1 1 1 1 0 1 0 1 1
163 15 13241 1 1 1 1 0 1 1 1 0 1 1 0 1 1 0
164 15 13391 1 1 1 1 0 0 0 1 1 0 1 1 1 1 1
165 15 13969 0 1 0 0 1 1 1 1 1 1 1 1 0 1 1
166 15 13844 1 0 1 1 1 0 1 1 1 0 1 0 1 1 1
167 15 9758 0 1 1 1 1 1 1 1 0 1 0 0 1 1 1
168 15 13156 0 1 1 1 1 1 1 0 0 0 1 1 1 1 1
169 15 12020 1 1 1 1 1 1 0 1 1 1 1 1 0 1 0
170 15 13642 1 1 0 1 0 1 0 1 1 1 1 1 1 1 0
171 15 13655 1 1 1 1 1 1 1 0 1 1 0 0 1 1 1
172 15 16112 0 1 1 0 1 1 0 1 1 1 0 1 1 1 1
173 15 12358 1 1 1 1 1 1 1 1 0 0 0 1 1 0 1
174 15 14319 1 1 1 1 0 0 0 1 1 1 1 1 0 1 1
175 15 13635 0 1 0 1 1 1 1 1 1 1 0 1 0 1 1
176 15 12914 1 1 1 0 1 1 1 1 1 0 0 1 0 1 1
177 15 13379 1 1 1 0 1 1 1 1 1 1 1 0 1 0 1
178 15 12881 1 1 0 1 1 1 1 0 1 1 0 1 1 1 1
179 15 13921 1 1 1 0 0 0 1 1 1 1 1 1 1 1 1
180 15 13189 1 1 1 1 1 1 1 0 0 0 1 1 1 1 0
181 15 11777 1 0 1 1 1 1 1 0 1 0 1 1 0 1 1
182 15 12911 1 1 0 1 1 1 1 1 0 1 0 1 1 1 0
183 15 15414 1 1 1 0 1 1 1 0 0 0 1 1 1 1 1
184 15 12744 1 1 1 1 1 0 1 1 1 0 0 1 1 1 1
185 15 14783 0 1 1 0 1 1 1 1 0 0 1 1 1 1 1
186 15 14505 1 1 1 1 1 1 1 0 0 1 1 1 0 0 1
187 15 14003 1 1 1 1 0 0 0 1 1 0 1 1 1 1 1
188 15 9938 1 1 0 0 1 1 0 1 1 1 1 1 1 1 1
189 15 14132 1 0 1 0 1 0 1 1 1 1 1 1 1 1 0
190 15 12813 0 1 1 0 1 0 1 1 1 1 1 1 1 1 1
191 15 14554 1 1 1 0 1 0 0 1 1 1 1 1 1 0 1
192 15 13415 1 0 1 1 1 1 1 1 1 1 0 0 1 0 1
193 15 11688 1 1 1 1 0 1 0 1 1 1 1 1 1 1 0
194 15 15118 1 0 1 1 1 1 0 1 0 1 1 1 0 1 1
195 15 14711 1 0 1 1 1 1 0 1 1 1 0 0 1 1 1
196 15 15495 1 1 0 1 0 1 1 0 1 1 1 1 0 1 1
197 15 14011 1 1 0 1 1 1 0 1 0 1 1 1 1 1 0
198 15 13960 1 1 1 0 0 1 1 1 0 1 1 1 0 1 1
199 15 12930 1 1 1 1 1 1 0 1 0 1 1 1 0 0 1
200 15 11565 1 1 0 1 0 1 1 1 1 1 1 1 0 1 1
201 15 12499 1 1 1 0 1 1 1 1 1 1 1 1 0 0 0
202 15 10996 1 1 0 1 1 1 0 0 1 1 1 1 1 1 0
203 15 13229 1 1 1 1 0 1 0 1 0 1 1 1 1 1 1
204 15 11868 1 1 1 1 1 0 1 0 1 1 0 1 1 0 1
205 15 13556 0 1 1 1 1 1 1 1 0 0 1 1 1 1 1
206 15 12976 1 1 1 0 1 1 1 1 1 0 1 1 1 0 0
207 15 13276 0 1 1 1 1 1 1 1 1 1 0 0 1 1 0
208 15 12984 1 1 1 1 1 1 1 0 0 1 1 1 0 0 1
209 15 14413 1 1 1 1 0 1 1 1 1 0 1 1 1 0 0
210 15 16024 1 0 0 0 1 1 1 1 1 0 1 1 1 1 1
211 15 10872 1 1 1 0 0 0 1 1 1 1 1 1 1 1 1
212 15 13711 1 0 1 1 1 1 1 0 1 1 1 1 0 0 1
213 15 8413 0 0 1 1 1 1 1 1 1 0 1 1 1 1 1
214 15 13986 1 0 1 0 1 0 0 1 1 1 1 1 1 1 1
215 15 15239 1 1 1 1 1 1 1 1 0 0 1 0 0 1 1
216 15 10892 0 1 1 1 1 1 1 0 1 1 0 0 1 1 1
217 15 14621 1 1 1 1 1 1 1 1 0 1 0 1 0 1 0
218 15 13617 1 1 1 1 0 0 1 1 1 0 1 1 1 0 1
219 15 12808 1 1 1 1 1 0 0 1 1 1 1 0 0 1 1
220 15 16667 1 1 1 1 1 0 0 1 1 1 0 1 0 1 1
221 15 14380 1 1 1 1 0 1 1 1 1 1 0 0 1 0 1
222 15 16308 0 1 1 1 1 0 1 1 1 1 1 1 1 0 0
223 15 13662 1 1 1 1 1 1 0 1 1 0 1 1 1 0 1
224 15 14188 1 0 0 1 1 1 1 1 1 1 0 0 1 0 1
225 15 14739 1 1 1 1 0 0 1 1 1 1 0 0 1 1 1
226 15 12970 1 1 1 1 1 1 0 0 1 1 1 0 0 1 1
227 15 12320 1 0 0 1 1 1 1 1 1 1 1 1 0 1 1
228 15 12130 1 1 0 1 1 1 0 1 1 1 1 1 1 1 0
229 15 11270 1 1 1 0 1 1 0 1 0 1 0 1 1 1 1
230 15 11096 1 1 0 1 1 0 1 1 1 1 1 1 1 0 1
231 15 12118 1 0 1 1 1 1 0 1 1 0 1 1 1 0 1
232 15 15067 1 0 1 0 1 1 0 1 0 1 1 1 1 1 1
233 15 15825 0 0 1 1 1 1 1 1 1 1 1 1 1 0 0
234 15 14370 1 1 1 1 0 1 1 0 1 1 1 1 0 1 0
235 15 14283 1 1 1 0 1 1 0 1 1 1 0 0 1 1 1
236 15 14600 1 1 1 1 1 0 1 1 0 1 1 1 1 0 0
237 15 15542 1 1 1 0 1 1 0 1 1 0 1 1 0 1 1
238 15 14831 1 1 1 0 1 0 1 1 1 1 1 0 1 1 0
239 15 13521 1 1 1 1 1 0 0 1 1 1 1 0 1 1 0
240 15 14199 0 1 1 1 0 1 1 1 0 1 0 1 1 1 1
241 15 13640 1 1 1 0 1 0 1 1 0 0 1 1 1 1 1
242 15 11525 1 1 0 1 0 1 1 1 1 1 1 1 1 0 1
243 15 14750 1 1 0 1 0 1 1 1 1 1 1 1 1 0 0
244 15 13149 1 1 1 1 1 1 0 0 1 1 1 0 1 1 1
245 15 12382 1 1 0 1 1 1 1 1 1 1 1 0 1 0 1
246 15 15670 0 1 1 1 0 0 1 1 1 1 1 1 1 1 0
247 15 14915 1 1 1 1 1 1 0 0 1 1 0 1 1 0 1
248 15 12942 1 0 1 1 0 0 1 1 1 1 1 1 1 0 1
249 15 13513 0 1 1 1 1 1 1 1 0 1 0 1 1 1 1
250 15 12967 1 1 0 1 0 1 1 1 1 1 1 0 1 1 1
251 15 12347 1 1 1 1 1 1 0 0 1 1 1 1 1 1 0
252 15 16993 1 1 1 1 0 0 1 1 1 1 1 0 1 1 0
253 15 13494 0 1 1 0 1 1 1 1 1 0 1 1 1 1 0
254 15 12536 1 1 0 1 0 1 1 1 1 1 0 1 1 1 0
255 15 14992 1 1 1 1 1 1 0 1 1 0 0 1 1 0 1
256 15 12651 0 1 1 1 1 0 1 0 1 1 1 1 1 1 1
257 15 14700 1 0 1 1 1 1 1 0 1 1 1 1 1 0 0
258 15 12022 0 1 1 1 1 1 1 0 1 1 1 0 1 1 1
259 15 13410 1 1 1 0 1 0 1 1 0 1 1 1 1 1 1
260 15 13259 1 1 1 1 1 1 1 0 0 1 1 0 1 1 1
261 15 11064 1 0 1 1 1 1 1 1 0 1 1 1 0 1 1
262 15 12842 1 1 0 1 1 1 1 1 0 1 0 1 0 1 1
263 15 11574 1 1 1 0 1 1 0 1 0 1 1 1 1 1 1
264 15 13367 1 1 0 1 0 1 1 0 1 1 1 1 0 1 1
265 15 10615 1 1 1 1 0 1 1 1 1 1 0 0 0 1 1
266 15 13026 0 1 1 1 1 1 1 1 0 1 0 1 1 1 1
267 15 14417 1 1 1 1 0 1 0 0 1 1 1 1 0 1 1
268 15 11650 1 1 0 0 1 1 1 1 1 1 0 1 1 1 1
269 15 13893 1 1 1 1 1 1 0 1 0 1 1 1 0 0 0
270 15 13614 0 0 1 1 1 1 1 0 1 1 1 1 1 1 0
271 15 13411 1 0 1 1 1 0 1 0 1 1 1 1 1 0 1
272 15 12425 1 1 1 1 1 1 1 1 0 1 0 1 0 1 1
273 15 10670 1 1 1 1 1 1 0 1 1 1 1 0 1 1 0
274 15 10207 1 1 1 1 0 1 1 0 1 1 0 1 1 1 1
275 15 14637 1 0 1 1 0 1 1 1 0 1 1 1 1 1 0
276 15 12918 1 1 0 0 0 1 1 1 1 1 1 1 1 1 1
277 15 12569 0 1 1 1 0 1 1 0 1 1 1 1 1 0 1
278 15 11693 1 1 1 1 0 1 1 0 1 0 1 1 1 1 1
279 15 12854 0 1 1 1 0 0 1 1 1 1 1 1 1 1 0
280 15 14626 1 1 1 1 1 0 1 1 0 1 1 1 1 0 0
281 15 13324 1 1 1 1 1 1 0 0 1 0 1 1 1 1 0
282 15 14298 1 1 1 0 1 1 0 1 1 1 1 1 1 1 0
283 15 13921 0 1 1 1 0 1 1 0 1 1 1 1 0 1 1
284 15 14257 1 0 0 0 1 1 1 1 1 1 1 1 1 1 0
285 15 12678 1 1 1 1 1 1 1 1 1 0 1 0 1 0 1
286 15 13649 0 1 1 1 1 0 1 1 1 0 0 1 1 1 1
287 15 12754 1 1 0 1 0 1 0 1 1 1 1 0 1 1 1
288 15 11830 1 1 1 0 1 0 1 1 1 1 1 1 1 0 1
289 15 10534 0 0 1 1 1 1 1 1 1 1 1 1 1 0 1
290 15 12517 1 1 1 0 0 0 1 1 1 1 1 0 1 1 1
291 15 13438 0 0 1 1 1 1 1 1 1 0 0 1 1 1 1
292 15 13708 1 1 1 0 1 0 0 1 1 1 1 1 1 1 0
293 15 14189 1 1 1 1 0 1 1 1 1 0 1 1 0 0 1
294 15 12845 1 1 1 1 0 1 1 1 0 1 0 1 1 1 1
295 15 15208 1 1 1 1 0 1 1 1 0 0 1 1 1 0 1
296 15 14430 1 1 1 0 1 1 1 1 1 1 0 0 1 0 1
297 15 12642 1 1 1 1 0 1 1 0 1 0 1 1 1 1 1
298 15 13828 0 1 1 0 1 1 0 1 1 0 1 1 1 1 1
299 15 12337 0 1 1 1 1 1 1 0 1 1 0 1 1 0 1
300 15 12808 1 1 1 1 0 1 0 0 1 1 1 1 1 0 1
301 15 12902 1 1 1 1 1 0 1 0 0 1 1 1 1 1 0
302 15 14128 0 1 1 1 1 0 1 1 1 0 1 1 0 1 1
303 15 12054 1 1 1 0 1 1 0 1 1 0 1 1 1 1 1
304 15 14733 1 1 1 1 1 1 1 1 1 0 0 0 1 1 0
305 15 10977 1 1 1 0 1 1 1 1 1 1 1 1 0 0 1
306 15 13311 0 1 1 1 1 1 1 0 0 1 1 1 1 1 0
307 15 13956 0 1 0 1 1 1 1 1 1 1 0 0 1 1 1
308 15 13406 1 1 1 1 1 0 1 0 0 1 1 1 1 1 0
309 15 12642 1 0 1 1 1 0 1 1 1 1 1 1 0 1 0
310 15 13745 0 1 1 1 1 1 1 1 1 1 1 0 1 0 0
311 15 13104 1 1 1 1 1 1 1 1 1 1 0 0 0 1 0
312 15 13256 1 1 0 0 1 1 1 0 1 1 1 1 1 0 1
313 15 16127 1 0 1 1 1 1 0 1 1 1 1 1 1 0 0
314 15 14138 0 1 0 0 1 1 1 1 0 1 1 1 1 1 1
315 15 15104 1 1 1 1 1 1 0 1 0 1 0 1 0 1 1
316 15 11305 0 1 0 1 1 1 0 1 1 1 1 1 1 0 1
317 15 14601 1 1 1 1 1 0 1 0 0 1 1 0 1 1 1
318 15 18019 1 1 0 1 1 1 1 0 0 1 1 1 1 0 0
319 15 11896 1 1 0 1 1 1 1 1 1 0 1 1 0 1 1
320 15 10468 1 1 1 1 1 1 1 1 1 0 1 1 0 0 1
321 15 12088 1 1 1 1 1 1 0 1 1 1 0 1 1 1 0
322 15 11014 1 1 1 1 1 1 0 1 0 1 1 1 0 1 1
323 15 15552 1 1 1 1 0 1 1 0 1 1 0 1 0 0 1
324 15 15157 0 0 1 1 0 1 1 1 1 1 1 1 1 0 1
325 15 12540 1 1 1 1 1 0 1 0 1 1 1 1 0 0 1
326 15 12011 1 1 0 1 1 1 0 1 1 1 1 1 0 1 0
327 15 14198 1 1 1 0 1 1 1 1 1 1 0 0 1 0 1
328 15 14668 1 1 0 1 1 0 1 1 1 1 1 1 1 0 0
329 15 13273 1 1 1 1 0 1 0 1 1 1 1 1 1 0 0
330 15 11771 1 1 0 1 1 1 1 1 1 1 1 0 1 1 0
331 15 12350 1 1 1 1 0 1 1 1 1 0 1 1 0 1 1
332 15 11304 0 1 1 1 1 0 1 0 1 1 1 1 1 0 1
333 15 11934 1 1 1 0 1 1 1 1 0 1 1 1 0 1 1
334 15 14681 0 1 1 0 1 1 1 1 0 1 1 1 0 1 1
335 15 12427 0 1 1 0 1 1 1 1 0 0 1 1 1 1 1
336 15 13565 1 1 1 1 1 1 1 0 1 1 0 1 0 1 1
337 15 12266 1 1 1 1 0 1 1 1 1 0 0 1 1 1 1
338 15 13190 0 1 1 1 1 0 1 1 1 1 1 0 1 0 1
339 15 14273 0 1 1 1 1 1 0 1 1 1 1 1 0 0 1
340 15 13888 1 1 1 1 0 1 1 1 0 0 0 1 1 1 1
341 15 13451 1 1 1 1 1 1 1 1 1 0 1 0 0 1 1
342 15 12757 0 1 1 1 0 1 1 0 1 1 1 1 1 1 0
343 15 13455 1 1 0 0 0 1 1 1 1 1 1 1 1 1 1
344 15 9870 1 1 1 1 1 1 0 1 1 1 1 1 0 1 0
345 15 11833 1 1 1 1 1 1 1 1 0 1 1 1 0 0 0
346 15 14715 1 1 0 1 1 1 0 1 0 1 1 1 1 1 0
347 15 12490 0 1 1 0 1 1 0 1 0 1 1 1 1 1 1
348 15 14301 0 1 1 1 1 1 1 1 1 0 1 1 0 1 0
349 15 12476 1 1 1 1 1 1 1 1 1 0 0 1 0 1 1
350 15 15013 0 0 1 1 1 1 1 1 1 0 1 0 1 1 1
351 15 13723 0 1 0 0 1 1 1 1 1 0 1 1 1 1 1
352 15 13557 1 0 1 1 0 0 1 1 1 1 0 1 1 1 1
353 15 11611 1 1 1 0 1 1 0 1 0 1 0 1 1 1 1
354 15 13582 1 1 1 1 1 1 0 0 1 0 1 0 1 1 1
355 15 12341 1 0 1 1 1 1 0 1 1 1 1 0 0 1 1
356 15 13202 1 0 1 0 1 1 1 0 1 1 1 1 1 1 1
357 15 13824 1 1 0 1 1 1 0 0 1 1 1 1 1 1 0
358 15 10472 0 1 1 0 1 1 1 0 1 1 1 1 1 1 1
359 15 12348 1 1 0 1 1 1 1 1 1 0 1 1 0 1 1
360 15 11568 1 1 1 0 1 1 1 1 1 1 1 1 0 0 1
361 15 14863 1 1 1 1 1 0 1 1 1 0 0 1 0 1 1
362 15 11975 1 1 1 1 1 0 1 1 1 0 0 1 1 0 1
363 15 14584 1 1 1 0 1 0 1 1 1 1 0 0 1 1 1
364 15 13342 1 1 1 1 0 1 0 1 1 1 0 0 1 1 1
365 15 15945 1 1 1 0 1 1 1 0 1 1 1 0 0 1 1
366 15 12621 1 1 1 1 0 1 0 1 1 1 0 0 1 1 1
367 15 14898 1 1 0 1 0 1 0 1 1 1 1 1 1 0 1
368 15 11561 1 1 1 0 1 1 1 1 0 1 1 1 1 0 1
369 15 12506 0 0 1 1 1 1 1 1 1 1 1 1 0 1 1
370 15 14061 1 1 1 0 1 1 1 1 1 1 0 1 0 1 1
371 15 14134 1 1 0 0 1 1 1 1 0 1 1 1 1 1 0
372 15 11847 0 0 1 1 1 1 1 1 0 1 1 1 1 1 0
373 15 13256 1 1 1 1 0 1 1 1 1 1 1 1 0 1 0
374 15 13256 1 1 0 0 1 1 1 0 1 0 1 1 1 1 1
375 15 12094 0 1 1 1 1 1 0 0 1 1 1 1 1 1 0
376 15 12327 1 1 1 1 1 1 1 0 1 1 0 1 1 0 1
377 15 11450 1 1 1 1 1 1 0 1 1 1 1 0 0 1 1
378 15 11357 0 1 1 1 1 1 1 0 1 1 1 1 0 1 1
379 15 10522 1 1 1 1 1 0 1 0 1 1 1 1 1 1 0
380 15 16002 0 1 1 1 1 1 0 0 1 1 0 1 1 1 0
381 15 12814 1 0 1 1 0 0 1 1 1 1 1 1 1 1 0
382 15 12461 1 1 1 0 1 1 1 0 1 1 0 0 1 1 1
383 15 11047 0 1 0 1 1 1 1 0 1 1 1 1 1 1 1
384 15 15147 0 0 1 1 1 1 1 1 1 1 0 0 1 1 1
385 15 13044 0 1 1 1 1 1 1 1 0 1 0 1 1 0 1
386 15 12536 1 1 1 1 1 1 1 0 1 1 0 1 1 0 1
387 15 14823 0 1 1 0 1 1 1 1 1 1 0 1 1 1 0
388 15 13574 1 1 0 0 1 1 1 0 1 1 1 1 1 0 1
389 15 14172 1 0 1 1 0 1 1 0 1 0 1 1 1 0 1
390 15 12426 1 1 1 1 0 1 1 1 1 1 0 0 1 1 1
391 15 11418 1 1 1 1 1 1 1 1 0 0 1 1 1 1 0
392 15 11876 1 1 1 0 1 1 0 1 1 0 1 1 1 1 1
393 15 13143 1 1 1 1 0 1 0 1 1 0 1 1 1 0 1
394 15 13988 0 1 1 1 0 1 0 1 1 1 1 0 1 1 1
395 15 12907 1 0 1 1 1 1 1 1 1 0 1 1 1 0 1
396 15 10542 1 1 1 1 1 1 1 1 0 0 1 1 0 1 1
397 15 13131 1 0 1 1 0 1 1 1 1 1 1 1 0 1 1
398 15 12719 1 0 1 1 1 1 1 1 1 1 1 0 1 0 1
399 15 13959 1 1 1 1 1 0 1 0 1 1 1 1 0 0 0
400 15 11442 0 0 1 1 1 1 0 1 1 1 1 1 1 0 1
401 15 10631 0 1 1 1 1 1 1 1 0 1 0 1 0 1 1
402 15 14550 1 0 0 1 0 0 1 1 1 1 1 1 1 1 1
403 15 13245 1 1 1 1 0 1 1 1 1 1 0 1 1 0 1
404 15 9900 1 1 1 0 1 1 1 1 1 1 1 1 1 0 0
405 15 13536 1 1 1 0 0 0 1 1 1 1 0 1 1 1 1
406 15 12032 1 0 1 1 1 0 1 1 1 0 0 1 1 1 1
407 15 14220 0 1 1 1 0 1 1 0 1 0 1 1 1 1 1
408 15 15331 0 1 0 1 1 0 1 1 1 1 0 1 1 1 1
409 15 13985 1 0 0 1 1 1 1 1 1 0 0 1 1 1 1
410 15 13714 1 1 0 1 0 0 1 0 1 1 1 1 1 1 1
411 15 13778 1 1 1 1 1 0 0 1 1 1 0 0 1 1 1
412 15 13105 1 0 1 1 1 1 0 1 0 1 0 1 1 1 1
413 15 14503 1 0 1 1 0 1 1 1 1 1 1 1 1 0 0
414 15 15651 1 0 1 0 1 1 1 1 1 1 1 1 0 0 1
415 15 13668 1 1 0 0 1 0 1 1 1 0 1 1 1 1 1
416 15 15680 0 1 1 1 1 1 1 0 1 1 1 0 1 1 0
417 15 12940 1 0 1 0 0 1 1 1 1 0 1 1 1 1 1
418 15 13053 1 1 1 0 1 1 0 0 1 1 1 1 1 1 1
419 15 12004 1 1 1 1 0 0 0 1 1 1 0 1 1 1 1
420 15 13455 1 0 0 1 0 1 1 1 1 1 1 1 0 1 1
421 15 12916 1 1 1 1 1 0 1 1 1 0 1 1 1 1 0
422 15 11925 1 1 1 1 1 0 1 1 1 1 1 1 1 0 0
423 15 9454 1 1 1 1 1 1 1 1 0 1 0 0 1 1 1
424 15 13262 1 0 1 0 1 1 1 1 1 1 1 1 0 0 1
425 15 14811 1 1 1 1 1 0 1 1 1 1 0 0 1 1 0
426 15 12321 1 1 0 1 1 1 0 1 1 1 0 1 0 1 1
427 15 12710 1 1 1 1 1 1 1 1 0 0 1 0 1 1 0
428 15 15481 0 1 1 1 1 1 1 1 1 1 1 0 0 0 1
429 15 14229 1 1 0 1 1 1 1 1 1 1 0 1 1 0 1
430 15 13833 1 1 0 1 1 1 1 1 0 0 1 1 0 1 1
431 15 13672 1 0 1 1 0 1 1 1 0 1 1 1 1 0 1
432 15 12302 1 0 1 1 1 0 1 1 1 1 0 1 1 0 1
433 15 13401 1 1 1 1 1 0 0 1 1 1 1 1 1 1 0
434 15 14541 1 1 1 1 0 1 0 0 1 0 1 1 1 1 1
435 15 13620 0 1 1 1 1 0 0 1 1 0 1 1 1 1 1
436 15 14147 1 1 1 0 1 1 1 1 1 1 0 1 1 0 0
437 15 15243 1 0 1 0 1 1 1 1 0 1 1 0 1 1 1
438 15 11572 1 1 1 1 0 1 1 1 1 0 0 1 1 0 1
439 15 12010 1 0 1 0 1 1 1 1 1 1 0 1 1 0 1
440 15 12904 1 1 0 1 1 1 1 1 1 0 1 0 0 1 1
441 15 11799 1 1 1 1 0 1 1 1 1 0 1 0 1 1 1
442 15 13346 0 1 1 1 1 1 1 0 1 1 1 1 1 0 0
443 15 12029 1 1 0 0 0 1 1 1 0 1 1 1 1 1 1
444 15 17062 1 0 0 1 0 1 0 1 1 1 1 1 0 1 1
445 15 14024 1 1 1 1 0 1 1 1 1 1 1 0 1 0 0
446 15 11067 1 0 1 1 1 1 1 0 1 1 1 1 0 1 1
447 15 9702 1 0 1 0 1 1 1 0 1 1 1 1 0 1 1
448 15 13650 1 0 0 1 1 1 1 1 1 1 1 1 0 1 0
449 15 13123 1 1 1 1 1 1 1 1 0 0 1 1 0 1 1
450 15 12715 0 1 1 1 0 1 0 0 1 1 1 1 1 1 1
451 15 13589 0 1 0 1 1 1 1 1 1 1 1 0 1 1 0
452 15 15228 1 1 1 1 0 1 0 1 1 1 0 1 0 1 1
453 15 13424 1 0 1 1 1 1 0 0 1 1 1 1 1 1 1
454 15 12321 1 1 1 1 0 0 1 1 1 0 1 1 1 1 1
455 15 14631 0 1 1 1 1 1 1 1 1 0 1 0 0 1 1
456 15 10489 1 0 1 1 1 0 1 1 0 1 1 1 1 1 1
457 15 13390 1 1 1 1 1 1 1 0 1 0 1 0 1 0 1
458 15 10765 0 1 0 1 1 1 1 1 1 1 1 1 1 1 0
459 15 13114 1 0 0 1 1 1 1 0 0 1 1 1 1 1 1
460 15 10166 1 1 1 1 0 1 0 1 1 0 1 1 1 1 1
461 15 13435 1 0 1 0 1 0 1 1 1 1 1 1 1 1 1
462 15 11478 0 0 1 1 1 1 1 1 0 1 1 1 1 1 1
463 15 15094 1 0 0 0 1 1 1 1 1 0 1 1 0 1 1
464 15 11063 1 1 0 1 0 1 1 1 0 1 1 1 1 1 1
465 15 13438 0 1 1 1 1 1 0 0 0 1 1 1 1 1 1
466 15 13741 1 1 1 1 0 1 0 1 0 1 1 1 0 1 1
467 15 12602 1 1 1 1 1 0 0 0 1 1 1 1 1 0 1
468 15 12635 1 1 1 0 1 1 1 0 1 0 1 1 1 0 1
469 15 9641 1 1 0 1 1 1 1 1 0 1 0 1 0 1 1
470 15 13604 1 1 1 1 1 0 1 1 0 1 1 1 0 1 0
471 15 14708 1 1 1 0 1 0 1 0 0 1 1 1 1 1 1
472 15 11822 1 1 1 1 1 1 1 1 1 1 0 0 1 0 1
473 15 12063 1 1 1 1 1 1 0 1 0 1 0 1 1 0 1
474 15 12293 1 0 1 1 1 1 1 1 0 1 1 1 0 1 1
475 15 12115 1 1 1 1 1 1 1 1 1 1 0 1 0 1 0
476 15 14576 1 1 1 1 0 1 0 1 1 1 0 1 1 1 0
477 15 13330 0 1 1 1 0 0 1 1 1 1 1 0 1 1 1
478 15 14380 1 0 0 1 0 1 1 1 1 1 1 1 1 1 0
479 15 12550 0 1 1 0 1 0 1 1 1 1 1 1 1 1 1
480 15 13965 1 1 1 1 1 1 0 0 0 1 1 1 1 0 1
481 15 12955 0 1 1 1 1 0 1 0 1 1 0 1 1 1 1
482 15 12770 0 0 0 1 1 1 1 1 1 1 0 1 1 1 1
483 15 12998 0 1 1 1 1 0 0 0 1 1 1 1 1 1 1
484 15 11698 0 1 1 1 1 0 1 1 0 1 1 1 1 1 1
485 15 13526 0 1 1 1 1 0 0 0 1 1 1 1 1 1 1
486 15 11453 1 1 0 1 1 1 1 0 1 1 0 0 1 1 1
487 15 14840 0 1 1 1 0 1 1 0 1 1 1 1 0 1 1
488 15 13736 1 1 0 1 1 0 1 1 0 1 1 1 1 1 0
489 15 11989 1 1 1 1 1 0 1 1 1 0 1 0 1 0 1
490 15 10075 0 1 0 1 1 1 1 1 1 1 1 1 1 1 0
491 15 12793 0 1 1 0 1 1 0 1 1 1 1 1 1 0 1
492 15 14740 1 1 1 0 1 1 1 1 0 1 1 1 0 1 0
493 15 13385 1 1 1 1 0 1 1 0 0 1 1 1 0 1 1
494 15 16554 1 1 1 1 0 1 0 1 1 1 1 0 0 1 1
495 15 13217 1 1 0 0 1 1 1 1 1 1 0 1 1 0 1
496 15 12661 0 1 0 1 1 1 1 1 1 1 1 1 1 0 1
497 15 12016 1 1 1 0 1 0 1 1 0 1 1 0 1 1 1
498 15 11173 1 0 1 1 1 1 1 1 1 1 1 1 0 0 1
499 15 10832 1 1 1 1 1 0 1 0 1 1 1 1 1 1 0
500 15 15364 1 1 1 0 0 1 0 1 1 0 1 0 1 1 1
