1 22 16960 1 1 1 0 1 1 1 0 1 1 1 1 1 1 1 1 1 1 0 1 1 0
2 22 18408 1 0 1 1 1 1 0 1 1 0 1 1 1 1 1 1 0 1 1 1 0 0
3 22 19904 1 1 1 1 1 0 1 1 0 1 1 1 1 1 1 1 0 1 0 1 0 1
4 22 21505 1 1 1 1 1 1 1 0 1 1 1 1 1 1 0 1 1 0 0 0 1 1
5 22 19704 1 1 1 1 0 1 1 1 1 1 1 0 0 0 1 1 1 0 1 1 1 1
6 22 20315 1 0 1 1 0 1 1 0 1 1 1 1 1 1 0 1 0 1 1 1 1 0
7 22 18574 1 1 1 1 1 1 0 1 1 1 1 1 0 1 1 1 0 1 0 1 1 0
8 22 22758 1 1 1 1 1 0 1 1 1 0 0 1 1 1 1 1 0 0 1 1 0 1
9 22 19610 0 1 1 0 1 0 0 1 1 0 1 1 1 1 1 1 1 1 1 1 1 1
10 22 21153 1 1 0 1 1 1 1 1 1 0 0 1 1 1 1 0 1 1 0 0 1 1
11 22 19170 1 1 1 1 1 0 1 1 0 1 1 1 1 0 1 1 1 0 1 1 0 1
12 22 21683 1 0 0 1 1 1 0 1 1 1 1 0 0 1 1 1 0 1 1 1 1 1
13 22 21146 1 1 1 1 1 1 1 1 1 1 0 0 1 0 1 0 0 1 1 1 1 1
14 22 18963 0 1 1 1 1 0 1 1 1 1 0 1 1 0 1 1 1 1 1 0 1 1
15 22 18014 1 1 0 1 1 1 0 0 0 1 1 1 0 1 1 1 1 1 1 1 1 1
16 22 20017 1 1 0 1 1 1 1 1 1 1 1 1 0 1 0 1 0 0 1 1 1 1
17 22 18991 1 1 1 1 1 0 1 1 1 1 1 1 1 0 0 0 0 1 1 1 1 1
18 22 18559 1 1 1 1 0 1 1 1 0 1 0 1 1 0 1 1 1 1 0 1 1 1
19 22 19500 0 1 1 0 1 0 1 0 1 1 1 1 1 1 1 1 1 1 1 1 0 1
20 22 17490 0 1 1 1 1 0 1 1 1 1 1 1 1 1 0 1 1 1 0 1 1 1
21 22 19782 0 1 1 0 1 1 1 0 1 1 0 1 1 1 1 1 1 1 1 1 1 0
22 22 18900 1 1 1 1 1 1 1 0 0 1 1 0 1 1 1 1 1 0 1 0 1 1
23 22 20900 0 1 1 0 1 1 1 0 1 1 1 1 1 1 1 1 1 0 0 1 1 1
24 22 22756 0 1 1 1 1 1 1 0 1 1 1 1 0 1 1 1 1 1 0 1 0 0
25 22 16841 1 1 1 1 1 1 1 0 0 0 1 1 1 1 1 1 0 1 1 1 0 1
26 22 22416 1 1 1 1 1 1 1 1 0 0 1 0 1 1 0 1 0 1 1 1 1 0
27 22 20904 1 1 1 1 1 0 1 1 1 1 0 1 1 0 1 0 1 1 0 1 1 0
28 22 19049 1 1 0 0 1 1 1 1 0 1 1 0 1 1 1 1 1 1 1 0 1 1
29 22 17804 0 1 1 1 1 1 0 1 1 1 1 1 1 1 1 0 1 1 0 1 1 1
30 22 20767 0 1 1 1 1 1 1 1 0 1 0 1 1 0 1 1 1 1 0 1 1 1
31 22 20563 1 0 1 1 1 1 0 0 1 0 0 1 1 0 1 1 1 1 1 1 1 1
32 22 18475 0 0 1 1 1 1 1 0 1 1 1 1 1 1 1 1 1 0 1 1 0 1
33 22 17720 0 0 1 1 1 1 1 1 0 1 1 1 1 1 1 1 1 1 1 1 1 0
34 22 22529 0 1 1 1 1 0 0 1 1 1 0 0 1 1 1 1 1 1 1 0 1 1
35 22 17726 1 1 1 1 1 0 0 1 1 1 1 1 0 1 0 1 1 1 1 1 1 1
36 22 18617 1 1 1 0 0 1 1 0 1 1 1 1 1 0 0 1 1 1 1 1 1 1
37 22 19093 0 1 1 0 0 1 1 1 1 1 1 1 1 0 1 1 1 1 1 0 1 1
38 22 22959 1 0 1 0 1 1 1 1 1 1 1 1 1 1 1 1 1 0 0 0 1 1
39 22 17763 1 0 1 0 1 1 1 1 1 0 1 0 1 1 1 1 1 1 1 1 0 1
40 22 20189 1 0 1 0 1 1 1 0 1 1 0 0 1 1 1 1 1 1 1 1 1 1
41 22 20911 1 0 1 1 1 1 1 1 1 0 1 1 1 1 1 1 0 1 0 0 1 1
42 22 20642 1 1 1 1 1 1 1 0 1 1 1 1 0 0 1 0 1 1 1 1 1 0
43 22 19532 1 1 1 1 0 1 1 1 1 1 1 0 0 1 1 1 0 1 1 1 0 1
44 22 20561 1 1 1 1 1 1 0 1 1 0 0 1 0 1 1 1 1 1 1 0 1 1
45 22 20304 1 0 1 1 1 0 1 1 1 1 1 1 0 1 1 1 1 1 1 0 0 1
46 22 22494 1 1 1 1 1 0 1 1 1 0 1 0 1 1 1 0 0 1 1 1 1 1
47 22 17303 1 1 0 1 1 1 1 0 1 0 1 1 1 0 1 1 0 1 1 1 1 1
48 22 22116 0 1 1 1 1 1 1 0 1 1 0 1 1 1 0 1 1 1 1 1 0 1
49 22 19121 1 1 0 1 1 1 1 0 1 1 1 1 1 1 1 0 0 1 1 1 0 1
50 22 18782 1 0 1 1 1 1 1 0 1 1 1 0 1 1 0 1 1 1 1 1 1 0
51 22 21815 0 1 0 1 1 0 0 1 1 1 1 0 1 0 1 1 1 1 1 1 1 1
52 22 17181 1 1 1 0 1 1 1 1 0 1 0 1 1 0 1 1 1 1 1 1 0 1
53 22 21111 1 1 0 1 1 1 0 1 1 1 1 1 1 1 0 1 0 1 0 1 1 0
54 22 20197 1 1 1 1 1 1 1 1 1 0 1 0 1 0 0 1 1 0 1 1 0 1
55 22 19533 1 1 1 0 1 1 1 1 1 1 0 1 0 1 1 0 1 1 1 1 0 1
56 22 20084 1 1 1 0 1 1 1 0 1 0 1 1 1 1 1 1 1 1 1 1 0 0
57 22 20170 1 1 1 1 0 0 1 1 1 0 1 1 0 1 1 1 1 1 1 0 1 1
58 22 19776 1 0 0 1 1 1 0 1 1 1 1 1 1 0 1 1 0 1 1 1 1 1
59 22 18056 1 0 1 0 1 1 1 0 1 1 1 1 1 0 1 0 1 1 1 1 1 1
60 22 20153 1 1 1 1 0 1 1 0 1 1 1 1 1 1 1 1 0 1 1 1 0 0
61 22 20034 1 1 1 0 0 1 1 1 1 1 1 0 0 0 1 1 1 1 1 0 1 1
62 22 19119 1 1 1 1 0 1 0 1 0 1 1 1 1 1 1 1 1 0 0 1 1 1
63 22 16205 0 1 1 1 1 0 1 1 1 1 1 0 1 1 1 1 1 1 0 0 1 0
64 22 21501 0 1 1 1 1 1 0 0 1 0 0 1 1 1 1 1 1 1 1 1 1 1
65 22 18341 0 1 1 1 1 1 1 1 1 1 0 0 1 0 1 1 1 1 1 0 1 1
66 22 20554 1 1 0 1 0 1 1 1 1 1 1 0 1 1 1 1 1 1 0 1 1 0
67 22 20830 0 1 1 1 1 1 1 1 1 0 1 1 1 1 1 0 1 1 0 1 1 0
68 22 20884 1 1 1 1 0 1 1 0 1 1 1 0 1 1 1 1 0 1 1 0 1 0
69 22 17750 1 1 1 0 0 1 1 1 0 1 1 0 1 1 1 1 1 1 0 1 1 1
70 22 19556 1 1 1 1 1 1 0 1 1 1 1 1 0 0 1 1 1 1 0 1 1 0
71 22 18916 1 1 0 1 1 1 1 1 1 1 1 1 1 1 0 1 1 0 0 1 0 1
72 22 17382 1 1 0 1 1 0 1 1 1 1 1 1 0 1 1 1 1 1 1 0 1 0
73 22 19596 0 1 1 0 1 1 0 1 0 1 1 1 1 1 1 0 1 1 1 0 1 1
74 22 19971 1 0 1 1 0 1 1 0 0 1 1 1 1 1 1 1 1 1 1 1 1 0
75 22 19898 0 0 1 1 1 1 0 0 1 1 1 1 1 1 1 1 1 0 1 1 1 1
76 22 18814 0 0 0 0 1 1 1 1 1 1 1 1 1 1 0 1 1 1 1 1 1 1
77 22 21497 1 1 0 1 1 1 1 1 1 1 0 1 1 1 1 1 0 0 0 1 1 0
78 22 20448 0 1 1 1 0 1 1 0 0 1 1 1 1 1 1 1 1 1 0 1 1 1
79 22 21081 1 0 1 1 1 1 1 0 1 1 1 0 1 1 1 1 1 1 1 0 1 0
80 22 18243 1 1 1 1 0 1 1 1 1 1 0 1 0 1 0 1 1 1 1 1 1 0
81 22 17024 1 0 1 1 1 1 1 0 1 1 1 1 0 1 1 1 0 1 1 1 0 0
82 22 18147 1 1 1 1 1 1 0 1 1 1 1 1 0 0 1 1 1 0 0 0 1 1
83 22 18871 0 1 1 1 0 0 1 1 0 1 1 1 1 1 1 1 1 1 1 0 1 1
84 22 21831 1 1 1 1 1 1 0 1 1 1 1 1 0 0 1 1 1 0 1 1 1 0
85 22 18339 1 1 1 1 1 1 0 1 0 1 1 1 1 1 1 0 0 1 1 1 1 0
86 22 19413 1 1 1 0 1 1 1 0 1 1 1 1 0 0 1 1 1 1 1 1 0 1
87 22 16462 1 1 1 1 0 1 0 1 0 1 1 0 1 1 1 1 1 1 0 1 1 1
88 22 20092 0 1 1 1 1 1 0 1 1 1 0 1 0 1 1 1 1 1 0 1 0 1
89 22 16323 0 1 1 1 0 1 1 1 0 1 1 1 1 1 1 0 1 1 1 1 0 1
90 22 21917 1 1 1 1 0 1 0 1 1 0 1 1 1 1 1 0 1 1 1 0 1 1
91 22 20614 1 0 1 1 1 1 1 0 0 1 1 1 0 1 1 1 1 0 1 1 1 1
92 22 21281 1 1 1 0 1 1 1 1 0 0 1 1 0 1 1 1 1 0 1 1 0 1
93 22 18831 1 1 0 0 1 0 1 1 1 1 1 1 0 1 1 1 1 1 1 1 0 1
94 22 21868 1 1 1 1 1 1 1 1 0 0 0 1 0 1 1 0 1 1 1 1 1 1
95 22 20278 1 1 1 1 1 1 0 1 1 1 1 1 1 0 0 0 0 1 1 1 1 1
96 22 20323 0 1 1 1 1 0 1 1 0 0 1 1 0 1 1 1 1 0 1 1 1 1
97 22 18541 1 1 1 1 0 1 1 1 1 0 0 1 1 0 0 1 1 0 1 1 1 1
98 22 19301 1 0 1 1 1 0 1 1 1 1 1 1 0 0 1 1 1 1 1 1 1 0
99 22 18003 0 0 1 1 1 1 1 1 1 1 1 0 1 0 1 1 1 0 1 1 1 1
100 22 16811 1 1 1 1 1 1 1 0 1 1 1 1 1 0 0 1 1 1 0 1 1 1
101 22 17831 1 0 1 0 1 1 1 1 1 1 1 1 0 1 1 1 1 1 0 0 1 1
102 22 19822 0 1 1 0 1 1 1 1 1 1 1 0 1 1 1 0 1 0 1 1 1 1
103 22 19731 1 1 1 1 0 0 1 1 1 1 1 0 1 1 1 1 1 1 0 1 1 0
104 22 19693 0 1 1 0 1 1 1 1 1 1 1 1 0 0 0 1 1 1 1 1 1 1
105 22 20630 1 1 0 1 0 1 1 1 1 1 1 0 1 1 1 0 1 1 1 1 0 0
106 22 19311 1 1 1 0 0 1 1 1 1 1 1 1 1 1 1 1 1 0 0 1 0 1
107 22 20723 1 1 1 1 0 0 0 1 0 1 0 1 1 1 1 1 1 1 1 1 1 0
108 22 18497 1 1 1 1 1 0 1 1 1 1 0 1 0 1 0 1 1 1 1 0 1 1
109 22 19749 0 0 1 1 1 1 1 1 1 1 1 1 1 1 0 1 1 1 1 1 1 0
110 22 20233 1 1 1 0 1 1 1 0 1 1 0 1 0 1 1 1 0 1 1 0 1 1
111 22 20249 1 1 0 1 1 1 1 1 1 1 1 1 1 0 1 1 0 0 1 1 1 0
112 22 19856 1 1 1 1 1 1 0 1 1 1 1 1 1 1 0 1 1 0 1 0 0 1
113 22 16899 1 1 1 1 1 1 1 1 0 1 0 0 1 1 1 1 1 0 1 1 0 0
114 22 20039 1 0 1 1 1 1 1 1 0 1 1 1 1 0 1 0 0 1 1 1 0 1
115 22 20099 1 1 1 1 0 0 1 0 1 1 1 0 1 1 1 1 1 1 0 1 1 1
116 22 16751 0 1 0 1 0 1 1 1 1 1 1 0 1 1 1 1 1 1 1 1 0 1
117 22 17877 1 1 1 1 0 1 1 1 1 1 1 1 1 0 0 0 1 0 1 1 1 1
118 22 21459 1 1 1 0 1 1 1 1 1 1 1 0 0 1 1 1 1 1 0 0 1 1
119 22 18895 1 1 1 1 1 1 1 1 1 1 1 1 1 0 0 1 0 0 1 1 1 1
120 22 21082 1 1 0 0 1 0 1 0 1 0 1 1 1 1 1 0 1 1 1 1 1 1
121 22 20871 0 0 1 1 1 0 1 1 0 1 1 1 0 1 1 1 1 1 1 1 1 1
122 22 19351 1 0 0 1 1 1 1 1 0 1 1 1 1 1 1 1 1 0 1 1 0 1
123 22 18756 1 1 0 0 1 1 1 1 0 1 1 1 0 1 1 1 1 1 1 0 1 1
124 22 20409 1 1 1 1 0 1 1 1 1 1 1 0 1 0 1 1 1 0 1 1 0 1
125 22 19565 1 0 1 1 1 1 0 1 1 1 1 1 1 0 0 1 1 1 1 0 1 1
126 22 17461 0 1 1 1 0 1 0 1 0 1 0 1 1 1 1 1 1 1 1 0 1 1
127 22 21755 1 1 1 1 1 1 1 1 0 1 1 1 0 1 1 1 1 0 1 0 1 0
128 22 19003 0 0 1 0 1 1 1 1 1 1 1 1 0 1 1 1 1 0 1 1 1 1
129 22 19770 0 1 0 1 0 1 1 1 0 1 0 1 1 1 1 1 1 1 1 1 1 1
130 22 23423 0 1 1 1 0 1 1 1 1 1 1 1 1 0 1 1 1 0 0 1 0 1
131 22 15913 1 1 0 1 1 0 0 1 1 1 1 1 1 1 1 1 1 1 1 1 1 0
132 22 19699 0 0 1 1 1 1 1 1 0 1 1 0 1 1 1 1 0 1 1 1 1 1
133 22 20941 1 1 0 1 1 0 1 1 1 1 0 1 1 1 0 0 1 1 1 1 1 0
134 22 18395 1 1 1 0 0 1 1 1 1 0 0 1 1 1 1 1 1 1 1 0 1 1
135 22 20936 1 1 1 1 1 1 1 1 1 1 1 1 1 1 0 0 0 0 0 1 1 0
136 22 22351 0 1 1 0 1 0 1 0 1 1 0 1 1 1 1 1 1 1 0 1 1 1
137 22 20723 1 1 1 1 0 1 1 0 0 1 0 1 0 1 1 1 1 1 1 1 1 1
138 22 19802 1 1 1 1 0 0 1 1 1 1 0 1 1 1 1 0 1 1 1 1 1 0
139 22 18210 0 1 1 0 1 1 1 1 1 1 0 1 1 0 0 1 1 1 1 1 1 1
140 22 18218 1 0 0 1 1 1 0 1 1 1 0 1 1 1 1 1 1 1 0 1 1 1
141 22 18535 1 1 0 0 1 1 0 1 1 1 1 1 1 1 1 1 1 1 0 1 0 1
142 22 18096 1 1 1 1 0 1 0 1 0 1 1 1 1 1 1 0 1 1 1 1 1 0
143 22 19554 1 1 1 1 1 0 0 1 1 1 1 1 1 0 1 1 0 0 1 1 1 1
144 22 19504 0 1 1 1 0 1 1 1 1 0 1 1 1 1 1 1 1 0 0 1 1 0
145 22 19843 1 1 1 0 1 0 1 1 0 0 1 1 1 1 1 0 1 1 1 1 0 1
146 22 22929 1 1 0 1 1 0 1 0 1 1 1 0 1 0 1 0 1 1 1 1 1 1
147 22 16548 1 0 1 1 1 0 0 1 1 1 1 1 1 1 1 1 1 1 1 0 1 1
148 22 16518 1 1 0 0 1 1 1 1 0 1 1 1 1 1 1 1 1 1 1 1 0 1
149 22 20467 1 1 0 1 0 1 1 0 1 1 0 1 1 1 1 1 1 1 1 1 0 1
150 22 18865 1 1 1 1 1 1 1 1 0 0 0 1 0 0 1 1 1 1 0 1 1 1
151 22 20373 1 1 1 1 1 1 1 1 1 1 1 1 1 1 0 0 1 0 0 1 0 1
152 22 20076 1 0 1 0 0 1 1 1 0 1 1 1 1 1 0 1 1 1 1 1 1 1
153 22 22134 1 1 1 1 0 1 1 1 0 1 1 1 1 0 0 0 1 1 1 0 1 1
154 22 21813 0 1 0 1 1 1 1 1 1 1 1 0 0 0 1 1 1 1 1 1 1 1
155 22 22249 0 1 1 0 1 0 1 1 1 1 0 1 1 1 1 1 1 1 1 0 1 1
156 22 21239 1 1 0 1 0 1 1 0 1 1 1 1 1 1 1 1 1 0 1 1 0 0
157 22 20538 0 0 1 1 1 1 0 1 1 1 1 1 1 1 1 0 1 1 0 0 1 1
158 22 18166 1 1 1 1 1 1 1 0 1 1 1 1 1 1 1 1 0 0 0 1 0 1
159 22 17434 0 0 1 1 1 1 1 1 1 0 1 1 1 0 1 1 1 1 1 1 1 0
160 22 16752 1 1 0 1 1 1 0 0 1 1 1 1 1 1 1 0 1 1 1 1 0 1
161 22 19949 1 1 1 0 1 1 1 0 1 1 1 1 1 1 1 0 0 1 0 1 1 1
162 22 21454 1 0 1 1 0 1 1 1 1 0 1 0 1 0 1 1 0 1 1 1 1 1
163 22 21557 0 1 1 1 1 1 1 0 1 1 0 1 1 1 0 1 0 0 1 1 1 1
164 22 20449 1 1 0 0 1 1 0 1 1 1 1 1 1 1 0 1 1 1 1 0 1 0
165 22 23116 1 1 1 1 1 0 1 0 1 1 0 1 1 1 0 0 1 1 1 0 1 1
166 22 20473 0 1 0 1 1 1 1 1 0 1 1 0 1 1 1 1 1 1 1 1 0 1
167 22 20639 0 1 1 1 0 0 1 1 1 1 0 1 1 1 0 1 1 1 0 1 1 1
168 22 20294 1 1 0 1 0 1 0 1 0 1 1 1 1 1 1 1 1 1 0 1 1 1
169 22 18765 1 1 1 1 1 1 1 1 1 1 0 1 0 1 0 1 0 1 1 1 1 0
170 22 19322 1 1 1 1 1 0 1 0 0 1 1 1 1 1 1 1 0 1 1 0 1 1
171 22 20541 1 1 1 1 1 1 1 1 1 1 0 1 1 1 0 0 0 1 1 1 0 1
172 22 22124 0 1 1 1 0 1 1 1 1 1 0 1 1 0 1 1 1 1 0 1 0 1
173 22 19796 0 1 1 1 1 1 1 1 1 1 1 1 0 1 1 1 0 1 1 1 0 0
174 22 19089 1 1 1 1 1 1 0 0 1 1 1 1 1 1 1 1 0 0 1 1 1 0
175 22 20876 1 1 1 1 1 0 1 1 1 1 1 1 1 1 1 0 1 1 0 0 1 0
176 22 20670 1 1 0 1 1 1 1 0 0 0 1 1 1 1 0 1 1 1 1 1 1 0
177 22 19016 1 1 1 0 0 1 1 0 1 1 1 1 1 1 1 1 1 1 0 1 0 1
178 22 19387 1 1 0 1 1 1 0 1 1 0 1 1 1 1 0 1 1 1 1 1 1 1
179 22 20892 0 0 1 1 1 1 0 1 1 1 1 1 1 1 1 0 0 1 0 1 1 1
180 22 18584 1 1 1 1 1 1 0 1 0 1 1 1 1 1 0 0 1 1 1 0 1 1
181 22 20622 1 0 1 0 1 1 1 1 1 1 1 0 1 1 1 0 1 1 1 1 1 0
182 22 16249 1 1 0 1 1 0 1 1 1 0 1 1 1 1 1 0 1 1 1 1 1 1
183 22 18386 1 1 1 1 1 1 1 1 1 0 1 1 0 1 0 1 0 0 1 1 1 1
184 22 17790 1 1 0 1 1 1 0 1 1 1 1 1 1 0 0 1 1 1 1 0 1 1
185 22 18245 1 1 1 1 1 1 1 1 0 1 0 1 1 1 1 0 1 0 0 1 1 1
186 22 21591 1 1 1 1 1 1 1 1 0 1 1 1 0 0 1 1 1 1 0 0 1 1
187 22 18951 1 1 1 1 1 1 1 1 1 0 1 1 1 1 1 1 0 0 0 1 0 1
188 22 19776 1 0 1 1 1 1 1 1 1 1 0 1 1 0 1 1 1 1 0 0 0 1
189 22 18403 1 1 1 0 0 1 0 1 1 1 1 1 1 1 1 1 1 1 1 1 0 1
190 22 17118 0 1 0 1 1 1 1 1 1 1 1 0 1 1 0 1 1 1 1 0 1 1
191 22 17917 1 1 0 1 1 1 0 1 0 1 1 1 1 1 1 0 1 1 0 1 1 1
192 22 19211 1 0 1 0 1 0 1 1 1 1 1 1 1 1 1 1 1 1 1 1 0 0
193 22 17595 0 1 1 1 1 1 0 0 1 1 0 1 1 1 1 1 1 1 1 1 1 0
194 22 18156 1 1 0 1 1 1 1 1 1 0 1 0 1 1 0 1 0 1 1 1 1 1
195 22 20217 1 1 1 1 1 1 1 1 1 0 1 0 1 1 1 0 0 1 0 1 0 1
196 22 20532 1 0 1 1 0 1 1 1 1 1 1 1 1 1 0 1 1 1 1 0 0 0
197 22 22122 1 1 1 0 1 1 1 1 1 1 1 0 1 1 1 0 0 1 0 1 1 0
198 22 17551 1 1 0 1 1 0 1 1 0 1 1 0 1 1 1 1 0 1 1 1 1 1
199 22 20322 1 0 1 0 1 1 0 1 1 1 0 1 0 1 1 1 0 1 1 1 1 1
200 22 18703 1 1 0 1 1 0 1 1 1 1 0 1 1 0 1 1 1 0 1 1 1 1
201 22 16290 1 1 1 1 1 0 0 1 1 0 1 1 1 1 1 0 1 1 1 1 1 1
202 22 19074 1 1 1 1 0 0 1 1 1 1 0 1 1 1 1 1 1 1 0 1 1 0
203 22 20132 1 1 1 0 1 0 1 1 1 1 0 1 1 0 1 0 0 1 1 1 1 1
204 22 20080 1 1 1 1 1 1 1 1 1 1 0 1 0 1 1 0 0 1 0 1 1 1
205 22 20241 0 0 1 1 1 1 0 1 1 1 1 0 1 1 1 1 1 1 1 1 0 1
206 22 21391 1 1 1 1 0 1 1 1 1 1 0 1 1 1 0 0 0 1 1 1 0 1
207 22 20213 1 1 1 1 1 0 0 0 1 1 1 1 1 1 0 1 1 1 1 1 1 0
208 22 17948 1 1 1 1 0 1 1 0 0 1 1 1 1 1 1 1 1 0 1 0 0 1
209 22 18908 1 1 1 1 1 0 1 1 0 1 0 1 1 1 1 1 0 1 1 0 1 1
210 22 19899 0 1 1 1 1 1 0 1 1 1 1 1 1 1 1 1 0 1 0 1 1 0
211 22 18710 1 0 1 1 1 1 1 1 1 1 0 1 0 1 1 1 1 0 1 1 0 1
212 22 19185 1 1 0 1 1 0 0 1 1 1 1 1 1 0 0 1 1 1 1 1 1 1
213 22 19733 1 1 1 1 0 1 1 1 1 1 1 0 1 1 1 0 0 1 0 1 1 1
214 22 20278 1 1 1 0 1 1 0 1 1 1 1 1 0 1 1 1 1 0 1 1 1 0
215 22 18759 1 1 1 0 1 1 1 1 0 1 1 1 1 1 1 1 1 1 0 0 0 1
216 22 19427 0 0 1 1 1 1 1 1 1 1 1 1 0 1 0 1 1 1 0 1 1 1
217 22 20544 1 0 1 1 1 1 0 1 1 1 1 0 0 1 1 1 1 1 1 1 1 0
218 22 23281 1 0 1 1 0 1 1 0 1 1 1 1 1 1 0 0 1 1 1 1 1 1
219 22 20940 1 1 0 1 1 1 1 1 1 0 0 0 1 1 1 1 1 1 1 1 0 1
220 22 18563 0 1 0 1 1 1 1 1 1 0 0 1 1 1 1 1 1 1 0 1 1 1
221 22 24338 1 1 0 1 0 1 1 0 1 1 1 1 1 1 1 1 1 1 1 0 0 0
222 22 18472 1 1 1 0 1 1 1 1 1 1 1 1 0 1 0 1 0 0 1 1 1 1
223 22 16754 1 1 0 1 1 1 1 0 1 1 0 1 1 1 1 1 1 1 1 0 1 1
224 22 17323 1 1 1 1 1 0 0 1 1 1 0 1 1 0 1 1 1 1 1 1 1 1
225 22 23695 1 1 1 1 0 0 1 0 1 1 1 1 0 1 1 1 0 1 1 0 1 1
226 22 19589 1 0 0 1 1 1 0 1 0 1 1 1 1 1 1 1 1 1 1 0 1 1
227 22 18381 1 0 1 1 1 1 1 1 1 1 0 0 1 1 1 1 0 1 1 0 1 1
228 22 21368 0 1 1 1 1 0 0 1 1 1 1 1 1 1 1 1 0 1 1 1 0 1
229 22 19597 1 1 0 1 0 1 1 1 1 1 1 1 1 1 0 1 0 0 1 1 1 1
230 22 18376 1 1 1 1 1 0 1 1 1 1 1 0 1 1 0 1 1 1 1 1 0 0
231 22 16955 1 1 1 1 1 0 1 1 0 1 1 0 1 0 1 1 1 1 1 1 0 1
232 22 18808 1 1 0 1 1 1 1 0 1 1 1 0 1 1 1 1 1 1 0 1 1 1
233 22 19920 1 0 1 1 1 0 1 0 1 1 1 0 1 0 1 1 1 1 1 1 1 1
234 22 19500 1 1 1 1 0 1 1 1 0 1 1 0 1 0 1 1 0 1 1 0 1 1
235 22 19034 1 1 1 1 0 1 1 0 1 1 1 0 1 1 1 0 1 0 1 1 1 0
236 22 20811 1 1 1 0 1 1 1 1 1 0 0 1 0 0 1 1 0 1 1 1 1 1
237 22 18995 1 0 1 0 1 0 1 1 1 1 1 1 1 1 1 1 1 0 1 1 1 0
238 22 19978 1 1 1 1 1 0 1 1 1 0 1 1 1 1 1 0 0 0 1 1 1 1
239 22 18556 0 1 1 1 1 0 1 1 1 1 1 1 1 0 1 1 1 1 1 0 0 1
240 22 16288 1 1 1 1 1 1 0 1 1 0 1 1 1 1 1 0 1 1 1 1 0 0
241 22 21591 0 1 1 1 1 1 1 1 0 1 1 1 1 1 0 0 0 1 1 1 1 1
242 22 19372 1 1 0 1 1 1 1 1 1 1 1 1 0 1 1 1 0 0 1 1 0 0
243 22 20542 1 1 1 1 1 1 1 1 1 1 1 0 0 1 0 1 1 1 0 0 1 1
244 22 20269 1 1 0 1 1 1 1 0 1 1 1 0 1 1 0 1 0 1 0 1 1 1
245 22 18066 1 0 1 1 1 1 1 0 0 0 1 1 0 1 1 1 1 1 1 1 1 1
246 22 20949 1 0 1 1 1 1 1 0 1 1 1 1 0 1 1 1 0 1 1 0 1 1
247 22 17728 1 1 0 1 1 1 0 0 0 1 1 1 1 1 1 1 1 1 0 1 1 1
248 22 20110 1 1 1 1 1 1 0 1 1 1 0 1 1 1 1 0 1 0 1 1 0 1
249 22 17389 1 0 1 0 1 1 0 1 0 1 1 0 1 1 1 1 1 1 1 1 1 1
250 22 16399 1 0 1 1 1 1 1 1 0 1 0 1 1 0 1 1 1 1 1 0 1 1
251 22 19570 1 1 1 1 1 1 0 0 0 1 1 1 1 1 1 0 1 1 1 1 0 1
252 22 19388 0 1 1 0 1 1 1 1 1 1 0 1 1 1 0 1 1 1 1 1 1 0
253 22 22861 1 1 0 1 0 1 1 0 1 1 1 1 0 1 1 1 0 1 1 1 1 1
254 22 20647 0 1 1 1 1 1 1 1 0 1 1 0 0 1 1 1 1 1 1 1 0 0
255 22 20418 1 1 0 1 1 1 1 1 0 1 1 1 1 1 1 0 0 1 0 1 1 0
256 22 17673 0 1 0 1 0 1 1 1 1 1 1 1 0 1 1 1 1 1 1 1 0 1
257 22 17938 1 1 0 1 1 1 1 1 1 1 1 0 0 1 1 1 1 1 0 0 1 1
258 22 21202 1 1 1 0 1 0 1 1 0 1 0 1 1 1 1 1 1 0 1 1 1 1
259 22 19353 0 1 0 0 0 1 1 1 1 1 1 1 1 1 1 1 1 1 1 1 1 0
260 22 19239 1 1 1 1 1 0 1 0 1 1 0 1 0 1 1 1 1 1 0 1 1 1
261 22 18828 1 0 1 0 0 1 1 1 1 1 0 1 1 1 1 1 1 0 1 1 1 1
262 22 16782 1 1 1 1 0 1 1 0 1 1 0 1 0 1 1 1 1 1 1 1 0 1
263 22 16585 1 0 1 1 1 1 1 1 1 1 1 1 0 0 1 1 1 1 0 1 1 1
264 22 19151 1 1 1 0 1 1 1 1 1 1 1 1 1 1 1 1 0 1 0 0 0 1
265 22 19577 1 1 1 1 1 0 0 1 1 1 1 1 1 1 1 1 0 0 0 1 1 1
266 22 18022 1 1 1 1 0 1 1 1 0 1 1 1 0 1 1 1 1 0 1 0 1 1
267 22 19486 1 0 1 1 1 1 1 0 1 1 1 1 1 1 1 0 1 1 1 1 0 0
268 22 18377 1 0 1 0 1 1 1 1 1 1 0 1 1 0 1 1 1 1 1 1 1 0
269 22 20849 1 1 1 1 1 1 1 1 1 0 1 1 0 1 1 0 1 1 0 1 1 0
270 22 21555 1 1 0 1 0 1 1 1 1 1 1 1 1 1 1 1 1 0 0 1 0 1
271 22 18347 1 0 1 1 0 0 1 0 1 1 1 1 1 1 1 1 1 1 1 0 1 1
272 22 18725 1 0 0 1 1 1 1 1 1 1 1 1 0 1 1 1 0 1 1 1 1 0
273 22 16524 1 1 1 0 1 1 0 1 1 0 1 1 1 1 1 0 1 0 1 1 1 1
274 22 21902 1 1 1 1 1 1 1 1 0 0 1 1 1 0 1 1 1 0 0 1 0 1
275 22 18160 1 1 1 0 1 1 1 1 1 1 1 0 1 1 1 0 0 1 1 1 1 0
276 22 16845 1 1 1 0 1 1 1 1 1 1 1 0 0 1 1 0 1 1 1 1 1 1
277 22 19809 0 1 0 1 1 0 1 1 1 1 1 1 0 1 1 1 1 0 1 1 1 1
278 22 19744 1 1 0 1 0 0 1 1 1 1 1 1 1 1 0 1 0 1 1 1 0 1
279 22 15115 1 1 1 0 1 1 0 1 0 1 1 1 1 1 1 1 0 1 1 1 1 1
280 22 22029 0 0 1 1 1 0 1 1 0 1 1 1 1 1 1 1 1 1 1 1 0 1
281 22 15379 1 1 0 1 1 0 1 1 1 1 1 0 1 1 1 1 1 1 1 1 1 1
282 22 19244 1 1 1 1 1 0 0 1 1 0 1 1 0 1 1 1 1 1 1 1 1 1
283 22 19701 1 1 1 1 0 1 0 1 1 1 0 1 1 0 1 0 1 1 1 1 1 0
284 22 21930 1 1 1 1 1 1 1 1 0 0 1 0 1 1 1 1 1 1 1 1 0 0
285 22 19781 0 1 1 1 0 1 0 1 1 1 1 1 1 1 0 1 1 0 1 0 1 1
286 22 20425 0 1 1 1 1 1 0 1 1 1 0 1 1 1 1 0 1 1 0 1 1 1
287 22 20173 1 1 1 0 1 0 0 1 0 0 1 1 1 1 1 0 1 1 1 1 1 1
288 22 22072 1 1 1 0 1 0 0 1 1 1 0 1 1 1 1 1 1 1 1 0 1 0
289 22 21453 1 1 1 1 1 1 1 0 1 0 1 1 1 1 1 0 1 1 0 0 1 0
290 22 20463 1 1 1 1 0 1 1 1 1 1 0 1 0 0 1 1 1 1 1 1 0 1
291 22 18337 1 1 1 1 1 1 1 1 0 0 1 1 1 1 1 0 1 1 1 1 0 0
292 22 18878 1 1 1 1 1 0 1 1 1 1 0 1 1 0 1 0 1 1 1 0 1 1
293 22 18289 0 1 1 1 1 1 1 1 1 1 1 1 1 1 0 1 1 0 0 0 1 1
294 22 16257 1 1 0 1 1 1 1 1 1 1 1 0 0 1 1 0 1 1 1 1 1 1
295 22 19164 0 1 1 1 1 0 1 1 0 1 1 1 1 1 0 1 1 1 1 0 1 1
296 22 21385 1 1 0 1 1 1 1 0 1 1 0 1 1 1 0 1 1 0 1 1 1 0
297 22 17490 1 0 1 1 1 0 1 1 1 1 0 0 1 1 1 1 1 1 0 1 1 1
298 22 22882 1 0 1 0 1 1 1 1 1 1 1 1 1 0 0 1 1 1 1 0 1 1
299 22 22258 1 1 1 1 0 1 1 0 1 0 1 1 1 1 1 0 1 1 0 1 1 1
300 22 18661 1 1 1 1 1 1 1 0 1 1 0 1 1 0 1 1 0 1 1 1 0 1
301 22 18404 1 1 1 1 1 1 1 1 1 1 0 0 1 1 1 0 1 1 0 0 1 1
302 22 22529 1 1 1 1 1 1 0 1 1 0 1 0 1 1 0 1 1 1 1 1 1 0
303 22 19582 1 1 1 0 1 1 0 0 1 1 1 1 1 0 1 0 1 1 1 1 1 0
304 22 21427 1 0 1 1 1 0 1 1 0 1 1 1 1 0 1 1 1 1 0 1 0 1
305 22 17946 1 1 1 1 1 1 1 0 1 1 1 0 1 0 1 1 1 1 0 1 1 1
306 22 18082 1 0 1 0 1 1 0 1 1 1 1 0 1 1 1 1 1 1 1 1 1 0
307 22 20133 1 0 1 1 1 1 1 0 1 1 1 1 1 0 1 1 1 0 0 1 1 1
308 22 17084 1 1 1 1 1 1 1 1 0 1 1 1 1 0 1 0 1 1 1 0 1 1
309 22 22298 1 1 1 1 0 1 1 1 0 0 0 1 1 0 0 1 1 1 1 1 1 1
310 22 19787 1 1 1 1 0 1 1 1 1 1 1 0 0 1 0 1 1 1 1 1 0 1
311 22 13997 1 1 1 0 1 1 0 1 0 1 1 1 1 0 1 1 1 1 0 1 1 1
312 22 18548 0 1 1 1 1 1 0 1 0 1 1 1 0 1 1 1 0 1 1 1 1 1
313 22 20966 1 1 1 1 0 1 0 0 1 1 1 1 0 1 1 0 0 1 1 1 1 1
314 22 20422 1 0 1 1 1 1 1 1 1 1 1 0 1 1 1 0 1 0 1 1 0 1
315 22 20901 1 1 1 0 1 1 0 1 1 0 1 0 1 1 1 1 1 0 1 1 1 1
316 22 19273 1 1 0 1 1 1 0 0 0 1 1 1 1 1 1 1 1 1 1 0 1 1
317 22 19461 1 1 1 1 1 0 1 0 1 1 1 1 1 0 1 1 1 0 1 1 0 1
318 22 17816 1 1 1 1 1 0 1 1 1 1 1 1 0 1 0 1 1 1 0 1 1 0
319 22 16464 1 1 1 1 1 1 1 1 1 1 1 0 1 0 1 0 1 1 1 1 1 0
320 22 17399 0 1 1 1 0 1 1 1 1 1 1 1 1 1 1 0 0 1 1 1 1 1
321 22 19116 0 0 1 0 1 1 1 1 1 0 1 1 1 1 1 1 0 1 1 1 1 1
322 22 20286 1 1 1 1 1 0 1 1 1 1 1 1 0 1 0 0 1 1 1 1 0 1
323 22 16981 1 1 1 1 0 1 0 0 1 1 0 1 1 1 1 1 1 1 1 1 1 1
324 22 20177 1 0 0 1 1 1 1 1 0 1 1 1 0 1 1 0 1 1 1 1 0 1
325 22 18267 0 0 1 0 1 1 1 1 1 1 1 1 1 0 1 1 1 0 1 1 1 1
326 22 18262 1 1 1 1 1 0 1 0 0 1 0 1 0 1 1 1 1 1 1 1 1 1
327 22 18276 1 1 1 1 1 1 1 1 1 1 0 0 1 1 1 1 1 0 1 1 0 1
328 22 19060 0 1 1 1 1 0 0 1 1 1 1 1 1 1 0 1 1 1 1 1 1 1
329 22 18733 1 1 1 1 1 0 1 1 1 1 1 1 1 1 0 1 0 0 1 1 1 0
330 22 16492 1 1 0 1 1 0 1 1 1 1 0 1 1 0 1 1 1 1 1 1 1 0
331 22 21984 1 1 1 1 0 1 0 1 0 1 1 1 1 1 0 1 1 1 0 1 1 1
332 22 19988 1 1 1 0 1 1 1 1 0 1 1 1 0 1 1 1 1 1 1 1 0 0
333 22 19292 0 1 0 1 1 1 1 0 1 1 1 1 1 1 1 0 1 0 1 1 1 0
334 22 19786 1 1 1 1 0 1 1 1 1 1 0 0 0 0 1 1 1 1 1 0 1 1
335 22 18895 1 1 1 1 1 0 1 0 0 0 1 1 1 1 1 1 1 1 0 1 1 1
336 22 19509 1 1 1 1 1 0 1 0 1 1 1 0 1 0 0 1 1 1 1 1 1 1
337 22 18933 1 1 1 0 1 1 1 1 1 1 1 1 1 1 1 0 0 1 0 1 1 0
338 22 17886 0 0 1 0 1 1 1 1 1 1 1 0 1 1 1 0 1 1 1 1 1 1
339 22 20221 1 1 1 1 1 0 0 1 1 1 1 1 1 1 0 1 0 0 1 1 1 1
340 22 19786 1 1 0 0 1 1 1 1 1 0 1 1 1 1 1 1 0 1 1 1 0 1
341 22 15527 0 1 1 1 1 1 0 1 1 1 1 1 0 1 1 1 1 1 1 0 1 1
342 22 19152 1 0 1 1 1 1 1 0 1 1 0 1 1 1 0 1 1 1 1 1 1 0
343 22 20814 1 0 1 1 0 1 1 1 1 0 1 1 1 1 1 0 1 0 0 1 1 1
344 22 22251 1 1 1 0 1 1 1 0 1 1 0 0 1 1 0 1 1 0 0 1 1 1
345 22 18750 1 1 0 1 1 0 1 1 0 1 1 1 1 1 1 1 0 1 1 1 1 0
346 22 16241 1 0 1 1 1 1 0 1 1 1 0 0 1 1 0 1 1 1 1 1 1 1
347 22 17716 0 1 1 1 1 1 0 1 1 0 1 1 1 1 1 0 1 1 1 1 1 1
348 22 21837 1 1 0 1 1 1 1 0 1 1 1 0 1 0 1 0 0 1 1 1 1 1
349 22 17725 0 0 1 1 1 0 1 1 1 1 1 0 1 1 1 0 1 1 1 1 1 1
350 22 18955 1 1 1 1 1 1 1 1 0 0 1 0 1 1 1 1 1 0 0 1 1 1
351 22 20970 1 1 1 1 1 0 1 1 1 1 0 0 1 0 1 1 1 1 0 1 0 1
352 22 19168 1 1 1 0 1 1 1 0 0 1 1 1 1 1 1 1 1 0 1 1 0 1
353 22 20847 0 1 0 1 1 1 1 1 1 0 0 1 1 1 1 0 1 1 1 1 1 1
354 22 20164 1 1 1 0 1 1 0 1 1 0 0 1 1 1 0 1 1 1 1 0 1 1
355 22 20159 1 1 1 0 0 1 0 1 1 0 1 1 1 1 1 0 1 1 1 1 1 1
356 22 18874 0 1 1 1 1 1 1 1 1 1 1 1 1 1 0 0 0 0 1 1 1 1
357 22 18849 0 1 1 1 0 1 0 0 1 1 1 1 1 1 1 1 0 1 1 1 1 1
358 22 20086 1 0 1 1 0 1 1 1 1 1 1 0 1 0 1 1 1 1 1 1 0 1
359 22 20951 1 1 1 1 1 1 1 1 1 1 0 1 1 0 1 1 1 1 0 0 1 0
360 22 22390 1 1 1 0 1 1 1 1 1 1 0 1 1 0 1 0 1 1 0 1 1 1
361 22 19478 1 1 1 1 1 1 1 1 0 0 0 0 1 0 0 1 1 1 1 1 1 1
362 22 19350 1 1 1 0 1 1 0 0 0 1 1 1 1 1 1 1 0 1 1 1 0 1
363 22 20803 1 1 1 1 1 1 1 0 0 1 1 1 1 1 0 0 1 0 1 1 1 1
364 22 18430 1 1 1 1 1 0 1 1 1 1 1 1 0 1 1 0 0 1 1 1 0 1
365 22 19875 0 1 1 1 0 1 0 1 1 1 0 1 1 1 1 1 1 1 1 1 0 1
366 22 22242 1 1 1 0 1 0 1 1 0 1 0 1 1 1 1 1 1 1 1 1 1 0
367 22 20449 1 1 1 1 1 0 1 0 0 1 1 1 0 0 1 1 1 1 1 1 1 1
368 22 20605 1 1 1 1 1 1 1 1 1 1 1 0 0 1 0 1 1 1 0 0 1 0
369 22 20684 1 1 1 0 1 0 1 1 1 1 1 1 1 0 1 1 0 1 1 1 0 1
370 22 18800 1 1 1 1 1 1 1 1 0 1 1 1 1 1 0 1 1 0 0 1 1 0
371 22 16665 1 1 1 1 0 1 1 1 1 1 1 1 0 1 1 1 1 1 0 1 0 1
372 22 21017 1 1 1 1 1 1 1 1 1 1 1 0 0 0 1 0 1 0 1 1 1 1
373 22 18653 0 1 0 1 1 1 1 0 1 1 1 1 1 1 1 1 0 1 1 1 1 0
374 22 18779 1 1 1 1 1 1 1 0 1 1 0 1 0 0 1 1 1 1 1 0 0 1
375 22 19207 1 1 1 1 1 1 1 1 0 0 0 1 1 1 0 1 1 1 1 1 1 1
376 22 21337 1 0 1 1 1 0 1 0 1 1 1 1 0 1 1 1 0 1 1 0 1 1
377 22 20452 1 1 1 1 1 1 1 1 1 1 0 1 0 1 0 0 1 1 1 0 1 1
378 22 18180 0 1 1 1 0 1 1 0 1 0 1 1 1 1 1 1 1 1 1 1 1 1
379 22 19747 1 1 1 1 1 0 0 1 1 1 1 0 0 1 1 1 0 1 1 1 1 1
380 22 22196 1 1 0 1 1 0 1 1 0 1 1 1 0 1 1 1 1 1 1 1 1 0
381 22 18522 1 1 1 0 0 1 0 1 1 1 1 1 1 0 1 1 1 1 1 0 1 1
382 22 17544 1 1 1 1 1 0 0 1 1 0 0 1 1 1 0 1 1 1 1 1 1 1
383 22 17546 1 1 1 1 1 1 1 1 1 1 1 1 1 0 1 0 1 1 1 1 0 0
384 22 18087 1 1 1 1 0 1 1 1 1 0 1 0 1 0 1 1 1 1 1 1 0 1
385 22 18004 0 1 1 1 1 1 1 1 1 1 1 1 1 1 0 1 0 1 1 1 0 1
386 22 20722 1 0 1 1 1 1 1 0 1 1 0 1 1 1 1 0 1 1 0 1 1 1
387 22 17283 1 1 1 1 1 1 1 0 1 1 1 0 1 0 0 1 1 1 0 1 1 1
388 22 20713 1 1 1 1 1 1 1 0 0 1 0 1 0 1 1 1 0 1 1 1 0 1
389 22 18759 1 1 1 0 1 1 0 1 1 0 1 1 0 1 1 0 1 1 1 1 1 1
390 22 17481 1 0 1 1 1 0 1 1 1 1 1 1 1 0 1 1 1 0 1 1 0 1
391 22 19771 0 1 1 1 1 1 1 1 1 1 0 1 1 1 0 1 0 1 1 1 1 0
392 22 21390 1 1 0 1 1 0 0 1 1 0 1 1 1 1 1 1 0 1 1 1 1 0
393 22 18433 1 0 0 1 1 1 1 0 1 1 1 1 1 0 1 1 1 1 1 0 1 1
394 22 19640 0 1 1 0 1 1 1 1 1 1 1 1 1 0 1 1 0 0 1 1 1 1
395 22 20664 1 1 1 1 0 1 1 1 1 1 1 0 0 0 1 0 1 1 1 1 1 0
396 22 20675 1 1 1 1 1 1 1 1 0 1 1 1 1 1 0 0 0 1 0 1 1 1
397 22 21919 1 0 1 0 1 1 1 0 1 0 1 1 1 1 1 0 1 1 1 1 1 1
398 22 23164 0 1 1 0 1 1 0 1 1 1 1 1 0 1 0 1 1 1 1 1 1 1
399 22 20440 1 1 0 1 0 0 1 1 1 0 0 0 1 1 1 1 1 1 1 1 1 1
400 22 19068 1 1 1 1 1 1 1 1 1 1 1 1 0 0 0 1 1 1 0 0 1 1
401 22 18117 1 1 1 1 1 1 1 1 1 1 1 1 1 1 1 0 0 0 1 1 0 0
402 22 17459 1 1 1 0 1 1 0 1 1 1 1 1 1 1 0 0 0 1 1 1 1 1
403 22 19818 1 1 0 0 1 1 1 1 1 1 1 1 1 0 0 1 1 1 1 1 1 0
404 22 20552 1 1 0 1 1 1 1 1 1 0 1 1 0 0 1 0 1 1 1 1 1 1
405 22 13904 1 1 0 1 1 1 1 1 1 0 0 1 1 1 1 1 0 1 1 1 0 1
406 22 19402 1 1 0 0 1 1 1 0 1 1 1 1 1 1 1 1 1 1 1 0 0 1
407 22 20212 1 1 1 1 0 1 1 1 1 1 0 1 1 1 1 1 1 0 0 1 0 1
408 22 19371 1 1 1 1 1 1 1 1 1 0 0 1 1 1 1 0 1 0 1 0 1 1
409 22 20224 1 0 1 0 1 1 1 0 1 1 0 1 1 1 1 1 1 1 1 1 0 1
410 22 21832 0 1 1 1 0 1 0 1 0 1 1 1 1 1 1 0 1 1 1 1 1 1
411 22 18371 0 0 1 0 1 0 1 1 1 1 1 1 1 1 0 1 1 1 0 1 1 1
412 22 19707 1 0 1 1 1 0 1 1 1 1 1 1 0 1 1 0 1 1 1 1 1 0
413 22 22559 0 1 1 0 0 1 1 0 0 1 1 0 1 1 1 1 1 1 1 1 1 1
414 22 15920 1 1 1 1 1 1 1 0 1 0 1 1 0 1 1 1 0 1 1 1 1 1
415 22 19741 1 1 1 1 1 1 0 1 1 1 1 1 1 0 1 1 1 0 0 1 0 1
416 22 21040 1 0 0 1 0 1 1 1 1 1 1 0 0 1 1 0 1 1 1 1 1 1
417 22 20275 1 1 0 0 1 1 0 1 1 0 1 1 1 0 1 1 1 1 1 1 1 0
418 22 18925 1 1 0 0 1 1 1 1 1 1 1 0 1 1 0 1 1 1 0 1 1 1
419 22 20459 1 1 1 0 1 0 1 0 1 1 1 1 1 1 1 1 1 1 0 0 1 1
420 22 20551 0 1 1 1 1 1 1 0 1 1 0 1 1 1 1 1 0 1 0 1 1 1
421 22 19858 1 1 1 1 1 0 1 1 0 0 1 1 1 1 1 1 1 1 0 0 1 1
422 22 18438 1 1 1 0 1 0 1 1 1 1 1 1 1 0 1 1 1 1 1 1 0 1
423 22 20422 1 0 1 1 0 1 1 0 1 1 1 1 0 1 1 1 1 0 1 1 1 0
424 22 17808 1 1 0 1 1 1 0 1 1 1 1 1 1 1 1 1 0 0 1 1 1 0
425 22 18944 1 1 0 0 1 0 1 0 1 1 1 1 1 1 1 1 0 1 1 0 1 1
426 22 20496 1 1 1 1 1 0 1 1 1 0 1 1 1 0 1 1 1 0 0 1 1 0
427 22 20120 1 1 1 1 1 1 1 0 1 0 1 1 1 1 1 0 1 0 0 1 1 1
428 22 19315 1 1 1 1 0 1 1 1 1 1 1 0 1 1 0 0 1 1 0 1 1 1
429 22 20352 0 0 1 1 1 1 1 1 0 0 1 1 1 1 1 1 1 1 0 1 1 1
430 22 18013 1 1 1 0 0 0 1 1 1 1 1 0 1 1 0 1 1 1 1 1 1 1
431 22 18479 0 1 1 0 1 1 1 0 1 1 1 1 0 1 1 1 1 1 1 1 0 0
432 22 17693 1 0 1 1 0 1 1 1 1 1 1 1 1 0 0 1 1 1 0 1 1 1
433 22 17853 1 0 1 1 0 1 1 0 1 1 1 0 1 1 0 1 1 1 1 1 1 1
434 22 20063 1 1 1 1 1 0 1 0 1 1 1 1 1 0 1 0 0 1 1 1 1 1
435 22 16781 1 1 0 1 1 1 0 1 1 1 1 0 1 1 1 1 1 1 1 0 1 1
436 22 20867 1 0 0 1 0 1 1 1 1 1 1 0 1 1 1 1 0 1 1 1 1 1
437 22 19862 0 1 1 0 1 1 0 1 1 1 1 1 0 1 1 0 1 1 1 1 0 1
438 22 19705 1 1 1 1 1 0 1 0 0 1 1 0 0 1 1 1 1 0 1 1 1 1
439 22 19888 1 1 1 1 1 1 1 0 0 1 1 0 1 1 1 0 0 1 1 1 1 1
440 22 21724 1 1 1 1 0 0 1 1 1 1 0 1 1 1 1 0 0 1 1 1 1 1
441 22 22306 1 1 1 0 1 1 0 0 1 1 1 0 1 1 1 1 1 0 1 0 1 0
442 22 19968 1 1 1 1 1 1 1 1 1 1 0 1 1 1 1 0 1 0 0 1 1 0
443 22 20382 1 0 1 1 1 1 1 0 1 0 1 1 1 0 1 1 1 0 1 1 1 1
444 22 17024 1 1 0 1 1 1 1 1 1 1 1 1 1 1 0 1 0 0 1 1 1 1
445 22 20818 0 1 1 1 1 1 1 1 0 0 1 1 0 1 1 1 1 1 0 1 1 1
446 22 20441 1 1 1 1 1 0 1 1 1 1 0 1 1 1 1 1 0 1 1 1 0 0
447 22 18653 1 1 1 1 1 1 1 0 0 1 1 1 1 1 1 1 0 0 1 0 1 1
448 22 20091 1 1 0 0 1 1 1 1 1 1 1 1 1 1 1 1 0 1 0 1 0 1
449 22 19106 1 0 1 1 1 0 0 1 1 1 1 1 0 1 1 1 1 1 1 0 1 1
450 22 19936 1 1 0 0 1 1 1 1 1 1 1 1 0 1 1 1 1 1 0 1 0 0
451 22 21177 1 1 1 1 0 1 1 1 1 1 1 1 1 1 1 1 1 0 0 1 0 0
452 22 20768 0 1 1 1 0 1 0 1 1 0 1 1 1 1 1 1 0 1 1 1 1 0
453 22 20472 0 1 1 1 1 1 1 0 0 1 0 1 0 1 1 1 1 1 1 1 1 0
454 22 20055 1 0 1 1 1 1 0 1 1 1 0 1 1 1 1 1 1 0 0 1 1 1
455 22 21767 1 1 1 1 1 1 0 0 1 0 1 1 1 1 1 1 1 0 1 1 0 0
456 22 20311 1 1 1 1 1 1 1 1 0 1 1 1 0 1 1 1 0 1 0 1 0 1
457 22 19853 1 1 1 1 1 1 1 1 1 1 0 1 0 1 0 0 1 1 0 1 1 1
458 22 17968 0 1 1 1 1 1 1 1 1 0 1 1 1 0 1 1 1 1 0 1 1 0
459 22 16809 1 1 0 1 1 1 1 0 1 1 0 1 1 1 0 1 1 1 1 1 1 1
460 22 16456 1 1 1 0 1 1 1 1 0 1 1 0 1 1 1 1 0 1 0 1 0 1
461 22 17719 1 0 1 1 1 1 1 1 0 1 1 1 1 1 1 0 1 1 0 1 1 0
462 22 18887 1 1 1 1 0 0 1 0 0 1 1 1 1 1 1 1 1 1 0 1 1 0
463 22 22012 1 1 1 1 1 1 0 0 1 1 0 1 1 1 0 0 1 1 1 1 1 0
464 22 20697 1 1 1 1 1 1 0 1 1 0 1 1 0 0 1 1 0 1 1 1 1 1
465 22 19395 1 1 1 1 0 0 1 0 1 1 1 0 1 1 1 1 0 1 1 0 1 1
466 22 15612 1 1 1 1 1 1 0 1 0 1 1 1 0 0 1 1 1 1 1 1 1 1
467 22 20495 1 1 1 1 1 1 1 0 1 1 1 1 1 1 1 0 0 0 1 1 1 0
468 22 20741 1 1 0 1 1 1 1 1 1 1 1 1 0 1 1 0 1 1 0 0 1 1
469 22 18073 1 1 0 1 1 1 0 1 0 1 1 0 1 1 1 0 1 1 1 1 1 1
470 22 16455 1 1 1 0 0 0 1 1 1 1 1 1 0 1 0 1 1 1 1 1 1 1
471 22 21048 1 1 1 1 1 0 1 1 1 0 1 1 1 1 1 0 1 0 0 1 1 1
472 22 21662 0 1 1 0 1 1 0 1 1 1 1 0 1 1 1 1 0 1 1 1 1 1
473 22 19430 1 1 1 0 1 1 1 0 1 1 1 1 0 1 1 1 0 1 1 1 1 0
474 22 20488 0 1 1 1 1 1 1 0 0 1 1 1 1 0 1 1 0 1 1 1 1 1
475 22 21269 0 1 1 1 1 1 0 1 1 1 1 0 1 1 1 1 1 0 1 0 1 1
476 22 17511 1 0 1 1 1 1 0 0 1 1 1 1 1 1 0 1 1 1 1 1 1 0
477 22 23399 1 1 1 1 1 0 0 0 1 1 1 0 1 1 1 1 1 0 1 1 0 1
478 22 19760 1 1 1 1 1 1 0 1 1 0 1 0 0 0 1 1 1 1 1 0 1 1
479 22 19787 1 0 1 1 1 1 1 1 1 1 1 1 0 1 1 0 0 0 0 1 1 1
480 22 19414 1 1 1 1 0 1 1 1 1 1 1 0 1 1 1 0 1 0 0 1 1 1
481 22 21892 1 1 1 0 1 1 1 1 1 1 0 1 1 1 1 1 1 0 1 0 1 0
482 22 21406 1 0 0 1 0 0 1 1 1 1 1 1 1 1 1 0 1 1 0 1 0 1
483 22 21876 1 1 1 1 1 1 0 1 1 0 0 1 1 1 1 0 1 1 1 0 1 0
484 22 21204 1 1 1 1 1 1 1 1 1 1 1 0 1 0 1 1 1 0 1 0 1 0
485 22 20867 1 1 0 1 1 1 1 1 1 1 1 1 1 1 1 0 0 0 1 1 0 1
486 22 20105 1 1 1 1 0 1 1 1 1 1 1 0 1 1 0 1 0 1 1 0 1 1
487 22 20821 1 1 0 0 1 1 1 1 1 1 1 0 0 1 1 0 1 1 1 1 0 1
488 22 20652 1 1 1 1 1 0 1 0 0 1 1 1 1 1 1 1 1 1 1 0 0 0
489 22 19992 1 1 1 0 1 1 1 1 1 0 1 0 0 1 1 1 1 1 1 1 1 0
490 22 20025 1 0 0 1 1 1 1 1 1 1 1 0 1 1 0 1 0 0 1 1 1 1
491 22 18692 1 0 1 1 0 1 0 1 1 1 1 1 0 1 1 1 1 1 1 1 1 1
492 22 22357 0 1 1 0 1 1 1 1 1 1 1 1 1 1 1 1 0 1 0 1 0 0
493 22 22595 1 1 1 1 1 1 0 1 0 1 1 1 0 0 1 1 0 1 1 1 1 0
494 22 18208 0 1 1 1 1 1 1 1 1 1 0 1 1 1 0 1 1 0 0 1 1 1
495 22 18742 1 1 1 1 0 1 1 0 1 1 0 1 0 0 1 1 1 1 1 1 1 1
496 22 17226 1 1 1 1 1 1 1 0 1 0 1 1 0 1 1 1 1 1 0 0 1 1
497 22 20898 1 1 1 1 1 1 0 1 1 1 1 1 1 0 1 1 1 1 0 0 0 1
498 22 19120 1 0 1 1 0 1 1 0 1 1 1 0 1 1 0 1 1 1 1 1 1 1
499 22 21952 1 1 1 0 1 1 0 1 1 0 1 1 0 1 1 1 1 1 0 1 1 1
500 22 19373 1 1 0 1 1 1 1 0 1 1 1 1 1 0 1 0 1 1 1 1 0 1
