1 20 14216 1 1 1 1 1 1 0 0 1 1 1 1 0 1 1 1 1 1 0 1
2 20 17543 1 0 0 0 1 1 1 1 0 1 1 1 1 0 1 1 1 1 1 1
3 20 17701 1 1 1 1 1 1 0 0 1 1 1 1 1 0 1 0 0 1 1 1
4 20 17955 1 1 1 0 1 0 0 1 1 1 1 1 1 0 1 1 1 1 1 1
5 20 19150 1 0 1 1 0 1 1 0 1 1 1 1 1 1 0 1 1 1 1 0
6 20 18616 1 1 1 1 0 1 1 1 1 0 1 0 1 0 0 1 1 1 1 1
7 20 17500 1 0 0 1 1 1 1 1 0 1 0 1 1 0 1 1 1 1 1 1
8 20 19237 0 0 1 0 1 1 1 0 1 1 1 1 0 1 1 1 1 1 1 1
9 20 19331 0 1 1 1 0 1 1 1 1 1 0 1 1 0 1 1 1 1 0 0
10 20 19064 0 0 0 1 1 1 1 0 1 1 1 1 1 1 1 1 1 0 1 1
11 20 18258 1 1 1 1 0 1 1 1 1 1 0 1 1 1 1 0 0 1 1 0
12 20 17598 1 0 1 1 1 1 1 1 1 0 0 1 0 1 1 1 0 1 1 1
13 20 19922 1 1 1 0 1 1 1 1 1 1 0 0 0 0 0 1 1 1 1 1
14 20 20780 1 1 1 1 1 1 1 1 0 1 1 1 1 0 0 1 0 1 1 0
15 20 17063 1 1 1 1 1 1 1 1 1 1 1 0 1 0 1 0 1 0 0 1
16 20 16064 1 1 1 1 1 1 0 1 1 1 1 0 0 1 1 0 1 1 1 0
17 20 16105 1 1 1 1 1 1 1 1 1 1 1 0 1 1 0 1 1 0 1 0
18 20 18558 1 1 1 1 1 0 1 1 1 1 0 1 0 1 1 0 0 1 1 1
19 20 16955 1 1 1 0 1 0 1 1 1 1 1 1 1 1 1 1 0 0 1 1
20 20 17788 0 1 0 1 1 1 1 1 1 1 0 1 1 1 1 1 1 1 0 1
21 20 16942 1 0 1 1 1 1 1 1 0 1 1 1 1 1 0 1 1 0 1 1
22 20 16351 1 0 1 0 1 0 1 1 1 1 0 1 1 1 1 1 1 1 1 1
23 20 17488 1 0 1 1 1 1 0 1 0 1 1 1 0 1 1 1 1 1 1 0
24 20 17724 1 1 1 1 1 1 0 0 0 1 1 1 1 1 1 1 1 0 1 0
25 20 18397 1 1 0 1 1 0 1 1 1 1 1 1 0 1 0 1 1 1 1 0
26 20 20486 1 1 1 0 1 1 1 1 1 1 1 0 0 1 1 1 0 1 0 1
27 20 15765 1 0 1 0 1 1 1 0 1 1 0 1 1 1 0 1 1 1 1 1
28 20 19185 1 1 1 1 1 1 0 1 0 1 0 1 1 0 1 1 1 0 1 0
29 20 20061 0 0 1 1 1 1 1 1 0 1 1 1 0 0 1 1 1 1 1 1
30 20 18671 1 1 0 1 0 1 1 1 1 1 1 1 1 0 0 1 1 1 0 1
31 20 17111 1 1 1 1 0 1 1 1 1 1 1 1 1 0 1 1 1 0 1 0
32 20 15382 1 1 1 1 1 1 1 1 0 1 1 0 1 1 1 0 1 1 0 1
33 20 19889 1 1 1 0 0 1 1 1 0 1 1 1 1 0 1 0 1 1 1 1
34 20 18349 0 1 1 1 0 1 0 0 1 1 1 1 1 1 1 1 1 0 1 1
35 20 16359 1 1 1 1 1 1 0 1 1 0 1 1 0 1 1 1 1 1 1 0
36 20 16032 1 0 0 1 0 1 1 1 1 1 0 1 1 1 1 0 1 1 1 1
37 20 19595 1 1 1 1 1 0 0 1 0 0 0 1 1 1 1 1 1 1 1 1
38 20 18474 1 1 1 1 0 1 1 1 0 1 0 1 1 1 1 1 1 0 1 0
39 20 15104 1 1 1 1 1 1 0 1 1 0 1 0 1 1 0 1 1 1 1 1
40 20 18239 0 1 1 1 1 0 1 1 1 0 1 1 0 1 1 1 1 1 1 0
41 20 18615 1 1 1 1 1 1 0 1 1 1 1 1 0 0 0 1 1 1 1 0
42 20 19768 1 1 1 1 1 1 0 1 1 0 1 1 0 1 0 1 0 1 1 1
43 20 15518 1 1 1 1 0 1 1 1 1 1 1 1 1 0 1 1 0 1 0 0
44 20 19177 1 1 1 1 1 1 1 1 1 1 1 1 0 1 1 0 0 1 0 0
45 20 17629 1 1 1 0 1 1 0 1 1 1 0 1 0 1 1 0 1 1 1 1
46 20 19624 0 1 1 1 1 0 0 1 1 1 1 1 1 0 1 1 1 1 1 0
47 20 17692 0 1 1 0 0 1 1 1 1 1 1 1 0 1 1 1 1 1 1 1
48 20 18548 1 0 1 1 1 1 1 1 1 0 0 1 1 1 0 1 1 0 1 1
49 20 18098 0 1 1 1 1 0 1 1 1 0 1 1 1 1 1 1 0 1 1 0
50 20 20247 1 1 1 1 1 0 1 0 1 1 1 1 1 0 1 0 1 0 1 1
51 20 17116 0 1 1 1 1 1 0 1 1 1 0 1 1 1 1 0 0 1 1 1
52 20 17627 0 1 1 1 1 1 0 1 1 1 1 1 1 1 1 1 1 0 1 0
53 20 19887 1 1 1 0 0 1 1 1 1 1 1 0 1 0 0 1 1 1 1 0
54 20 15312 1 1 1 1 1 1 0 0 0 1 0 1 1 0 1 1 1 1 1 1
55 20 19263 1 1 1 0 0 1 1 0 1 1 1 1 1 1 0 1 0 1 1 1
56 20 19234 1 1 1 0 1 1 0 1 1 0 1 1 1 0 0 1 1 1 1 1
57 20 15743 1 1 1 1 1 0 1 0 1 1 0 1 1 1 1 1 0 1 1 1
58 20 20036 1 0 1 1 1 1 0 1 1 1 0 1 1 1 1 1 1 0 0 1
59 20 18210 1 0 0 1 1 1 1 1 1 1 1 1 0 1 1 1 1 0 0 1
60 20 18544 1 0 1 1 1 1 1 1 1 0 0 1 1 1 1 0 1 1 0 1
61 20 16924 1 1 0 1 1 1 1 1 1 0 0 1 0 1 1 1 1 1 0 1
62 20 19044 1 1 1 0 1 1 1 1 1 1 1 1 0 0 1 1 1 0 0 0
63 20 17542 1 1 1 1 1 1 0 1 1 0 1 1 1 1 1 0 1 0 1 0
64 20 16314 1 1 1 1 0 1 1 1 1 0 1 1 1 1 0 0 1 1 1 1
65 20 19193 1 1 1 1 0 1 1 0 1 1 1 1 0 1 0 1 1 0 1 1
66 20 17199 0 0 1 1 1 1 1 1 0 1 1 1 0 1 1 1 1 1 1 0
67 20 16819 1 1 1 1 1 0 0 0 1 1 1 1 1 1 1 1 0 0 1 1
68 20 17588 0 1 1 1 1 1 1 1 0 1 0 1 1 0 1 1 1 1 0 1
69 20 14940 1 1 1 1 1 1 0 0 1 0 1 1 1 1 1 1 0 1 1 0
70 20 19270 1 0 1 1 1 1 0 1 1 0 0 1 1 1 1 1 1 0 1 1
71 20 17489 0 1 0 1 1 1 0 1 1 1 1 1 0 0 1 1 1 1 1 1
72 20 16019 0 1 1 1 1 1 0 1 1 0 1 0 1 1 1 1 1 1 0 1
73 20 18634 1 1 0 0 0 1 1 1 0 1 1 1 1 0 1 1 1 1 1 1
74 20 20090 1 1 0 0 1 1 0 1 1 1 1 1 1 1 1 0 1 1 1 0
75 20 19121 1 0 1 1 1 1 1 1 0 1 1 1 1 1 0 1 1 0 0 1
76 20 14020 0 1 1 1 1 0 1 1 1 1 1 1 0 1 1 1 1 1 0 1
77 20 19742 1 0 1 1 0 1 0 1 1 0 1 1 1 1 1 1 0 1 1 1
78 20 16363 1 1 0 1 1 1 1 1 1 1 0 0 1 1 1 1 1 1 0 1
79 20 16356 1 1 1 1 1 1 1 0 1 1 1 0 1 1 1 1 0 0 0 1
80 20 18280 1 0 1 0 1 0 1 1 1 1 1 1 0 1 1 1 1 0 1 1
81 20 17292 1 0 1 0 1 0 0 1 1 1 1 1 1 1 1 1 1 1 1 1
82 20 18709 0 0 1 1 1 1 1 0 0 1 1 1 1 1 1 1 0 1 1 1
83 20 18914 1 1 1 1 0 1 0 0 1 0 1 1 1 1 0 1 1 1 1 1
84 20 16325 1 1 1 1 1 0 1 0 1 1 1 1 1 1 0 0 1 0 1 1
85 20 20814 1 0 1 0 1 0 1 1 1 1 1 0 1 1 1 0 1 1 1 1
86 20 17076 1 1 1 1 1 1 1 1 0 1 1 1 1 1 0 1 0 1 0 1
87 20 17491 0 1 1 1 1 1 0 1 0 1 1 1 1 1 1 0 1 1 1 1
88 20 17373 1 1 0 1 0 1 1 1 1 1 0 1 1 0 1 1 1 1 1 1
89 20 16114 1 1 1 1 0 0 1 1 1 1 1 1 1 0 1 1 1 0 0 1
90 20 16123 0 0 1 1 1 1 1 0 1 1 1 1 1 0 1 1 1 0 1 1
91 20 18047 1 0 1 1 0 1 1 1 0 1 1 1 0 1 1 1 1 1 0 1
92 20 19422 0 0 1 1 1 1 1 1 1 1 0 1 1 1 1 0 0 1 1 1
93 20 16488 1 1 1 0 1 1 1 1 0 1 1 1 1 1 1 1 0 1 0 1
94 20 17098 0 1 0 1 1 1 1 1 1 0 1 1 1 1 1 1 0 1 1 1
95 20 17214 1 0 1 0 1 0 1 1 1 1 0 1 1 1 0 1 1 1 1 1
96 20 16153 1 1 1 1 1 1 1 0 1 0 1 0 1 1 1 1 0 1 0 1
97 20 15204 1 1 1 0 1 0 0 0 1 1 0 1 1 1 1 1 1 1 1 1
98 20 19248 1 0 1 0 1 1 1 0 1 1 1 1 1 1 0 1 0 1 1 1
99 20 18112 1 1 1 1 1 1 1 1 0 1 0 1 1 0 0 0 1 1 1 1
100 20 18623 1 0 1 0 1 1 1 1 1 1 0 1 1 0 1 1 1 1 1 0
101 20 18939 1 1 0 1 1 1 0 1 1 0 0 1 1 1 1 0 1 1 1 0
102 20 17593 0 1 1 1 1 1 1 1 1 0 1 1 1 1 1 0 0 1 1 0
103 20 18728 1 1 0 1 1 0 0 1 1 1 0 1 1 1 1 0 0 1 1 1
104 20 18762 1 1 1 1 1 1 1 1 1 0 1 1 0 0 0 0 1 1 1 1
105 20 18291 1 1 1 1 1 1 0 1 0 1 0 1 1 1 1 0 1 1 0 1
106 20 18367 0 1 1 1 1 1 1 0 1 1 0 1 1 1 1 1 0 1 1 0
107 20 16508 0 1 1 1 1 0 1 0 1 1 1 1 1 1 1 1 1 1 0 0
108 20 18018 1 1 1 0 1 1 0 0 1 1 1 1 1 1 1 1 1 1 0 0
109 20 14741 1 1 1 1 0 1 1 1 1 0 1 0 1 0 1 1 1 1 1 1
110 20 16221 1 0 0 1 1 1 0 1 1 1 1 1 1 1 1 1 1 1 1 0
111 20 15825 1 1 0 1 1 0 1 1 1 0 0 1 1 0 1 1 1 1 1 1
112 20 18419 1 1 1 0 1 1 1 0 1 1 1 1 1 1 0 1 0 0 1 1
113 20 18312 0 1 1 1 1 0 1 1 1 1 1 1 0 1 0 1 1 0 1 1
114 20 16638 1 1 1 0 1 1 1 0 0 1 0 1 1 1 1 1 1 0 1 1
115 20 19527 0 1 1 1 1 1 1 1 0 1 1 0 1 0 1 1 1 0 0 1
116 20 17766 1 1 1 1 0 0 1 1 1 1 1 1 1 1 1 1 1 0 0 1
117 20 17900 1 1 0 0 1 1 1 1 1 1 0 1 1 1 1 0 1 1 0 1
118 20 17511 1 1 0 1 1 1 1 1 0 0 1 1 1 1 1 1 0 1 0 1
119 20 17604 0 1 0 1 1 1 1 0 1 1 1 1 1 1 0 1 1 1 1 1
120 20 19730 1 1 1 1 1 1 0 1 1 0 1 0 1 1 0 0 1 1 1 1
121 20 15031 1 1 1 0 1 1 1 0 1 1 1 1 0 1 0 1 1 1 1 1
122 20 18107 0 1 0 1 1 1 0 1 1 0 1 1 0 1 1 1 1 1 1 1
123 20 19038 1 1 1 1 1 1 1 0 0 1 1 0 0 1 0 1 1 1 1 1
124 20 16846 1 1 1 1 1 1 1 0 1 1 1 1 0 0 0 1 1 0 1 1
125 20 17372 1 1 1 1 1 1 0 1 0 0 1 0 1 1 1 0 1 1 1 1
126 20 19055 1 0 1 1 1 1 0 1 0 1 1 1 1 0 1 0 1 1 1 1
127 20 14083 1 0 1 0 1 1 1 1 1 0 1 0 1 1 1 1 1 1 0 1
128 20 17413 1 1 1 1 1 1 1 1 0 1 1 1 1 0 1 1 0 1 0 0
129 20 16194 1 1 1 1 1 1 1 0 1 1 0 1 1 1 0 0 1 1 1 1
130 20 17616 0 1 1 1 0 1 1 1 1 0 1 0 1 1 1 1 0 1 1 1
131 20 21580 0 0 1 1 1 1 1 0 1 0 1 1 1 1 1 1 0 1 1 1
132 20 17126 1 1 1 1 0 1 1 0 1 0 0 1 1 1 1 1 1 1 1 1
133 20 19167 0 1 0 0 1 1 1 1 1 1 1 1 0 1 1 0 0 1 1 1
134 20 16731 1 0 1 1 1 1 1 0 0 1 0 1 1 1 1 1 1 0 1 1
135 20 17896 0 1 1 1 1 1 1 1 1 0 1 0 1 1 1 1 1 0 1 1
136 20 18397 1 1 1 1 0 1 0 0 1 1 1 1 1 1 0 1 0 1 1 1
137 20 17415 1 1 0 1 0 1 1 1 1 0 0 1 1 1 1 1 1 1 1 0
138 20 16044 1 1 0 1 0 1 1 1 0 1 0 1 1 1 1 1 1 1 1 0
139 20 18568 0 0 1 1 1 1 1 1 1 1 1 1 0 1 1 1 0 0 1 1
140 20 18917 0 0 1 1 1 1 1 1 1 1 1 1 1 1 1 1 0 1 1 0
141 20 18796 1 1 1 1 1 1 0 0 0 1 1 1 0 1 1 1 1 1 1 0
142 20 19048 1 1 1 1 1 0 1 0 1 0 0 1 1 1 0 1 1 1 1 1
143 20 17330 1 1 0 0 1 0 1 1 1 1 1 1 1 0 1 1 1 0 1 1
144 20 16422 1 1 1 1 1 1 1 1 1 0 1 1 1 1 1 1 0 1 0 0
145 20 17793 0 1 1 1 0 0 1 1 1 1 1 1 1 1 1 1 0 1 1 0
146 20 18111 1 1 1 1 0 0 0 1 1 1 0 1 0 1 1 1 1 1 1 1
147 20 16843 0 1 1 0 1 1 1 1 1 1 1 1 0 1 0 1 1 1 1 1
148 20 19708 1 1 1 1 1 1 1 0 1 1 0 1 1 0 1 1 0 1 0 1
149 20 21063 1 1 0 1 0 1 1 0 0 1 1 1 1 1 1 0 0 1 1 1
150 20 18304 1 1 1 0 1 0 1 0 1 0 1 0 1 1 1 1 1 1 1 1
151 20 18466 0 0 1 1 1 0 1 1 1 1 1 0 1 1 1 1 0 1 1 1
152 20 17281 1 1 1 0 1 0 1 0 1 1 1 1 1 1 1 0 0 1 1 1
153 20 16173 1 1 1 1 0 1 0 1 1 1 1 0 1 1 1 0 1 1 1 1
154 20 15591 1 1 0 1 1 1 0 1 1 0 0 1 1 0 0 1 1 1 1 1
155 20 18013 1 1 1 1 1 0 1 1 1 0 1 1 1 0 1 1 1 0 1 0
156 20 17278 1 0 1 0 1 1 1 1 1 0 1 1 0 1 1 1 0 1 1 1
157 20 17074 1 1 1 0 1 1 0 1 0 1 1 1 0 1 1 1 1 0 1 1
158 20 16987 1 1 1 1 0 0 1 1 1 1 0 1 1 0 1 1 1 1 0 1
159 20 18271 1 1 1 0 1 1 1 0 1 1 1 1 1 1 0 0 1 1 1 0
160 20 21400 1 0 1 1 1 1 1 0 0 0 1 1 1 1 0 1 1 1 1 1
161 20 14823 1 1 1 0 1 1 1 0 1 1 0 1 1 1 1 1 1 0 1 1
162 20 15476 1 1 0 0 1 1 1 1 1 0 0 1 1 1 1 1 1 1 1 1
163 20 16615 1 1 1 1 0 0 1 1 1 0 1 0 0 1 1 1 1 1 1 1
164 20 19391 1 0 1 0 1 1 1 1 0 0 1 1 0 0 1 1 1 1 1 1
165 20 15437 1 1 1 1 1 1 1 0 1 0 1 1 1 1 1 1 0 1 0 1
166 20 20226 0 1 1 1 1 0 1 1 0 1 0 0 0 1 1 1 1 1 1 1
167 20 16496 1 0 1 1 1 1 0 0 1 1 1 1 1 0 1 1 1 1 0 1
168 20 22195 1 1 0 0 1 0 1 0 1 1 1 1 0 1 1 1 1 1 1 1
169 20 20131 1 1 0 1 1 0 1 1 1 1 1 0 1 1 0 1 1 0 1 1
170 20 19917 1 0 1 1 1 1 0 1 1 0 1 1 1 1 1 1 0 1 0 1
171 20 19790 1 1 1 1 0 0 0 1 1 0 1 1 1 1 1 1 0 1 0 1
172 20 17844 1 1 1 1 1 1 0 0 1 1 1 1 0 1 1 0 0 1 1 1
173 20 15905 1 1 1 1 1 0 1 0 1 1 1 1 0 1 1 1 1 1 0 0
174 20 15801 0 0 1 1 1 1 1 1 1 1 0 1 1 1 0 1 1 0 1 1
175 20 16361 1 0 1 1 0 1 1 1 1 0 1 1 1 1 0 0 1 1 1 1
176 20 15532 1 1 0 1 1 1 1 1 1 1 0 1 1 1 0 1 1 1 0 1
177 20 20860 1 1 0 0 1 1 1 1 0 1 1 0 1 0 1 1 1 1 0 1
178 20 19676 1 1 0 0 1 1 0 1 1 0 0 1 1 1 1 1 1 1 1 1
179 20 19572 1 1 0 1 1 1 1 1 1 0 1 0 1 1 1 1 0 0 1 1
180 20 20055 1 1 1 1 0 1 1 1 1 0 1 1 1 1 0 1 0 1 1 0
181 20 19373 1 1 0 1 1 1 1 0 1 1 1 1 1 0 1 1 0 0 1 1
182 20 18840 1 1 1 1 1 0 1 1 1 1 1 1 1 0 1 1 0 0 1 1
183 20 18231 1 1 1 1 1 1 0 0 1 1 0 1 1 1 0 1 1 1 1 0
184 20 18485 0 1 0 1 0 1 0 1 1 0 1 1 1 1 1 1 1 1 1 1
185 20 16398 1 1 1 1 1 0 1 1 1 0 1 1 0 1 0 1 1 1 1 1
186 20 18262 0 0 1 1 0 1 1 1 1 1 0 1 1 1 1 1 1 1 0 1
187 20 18475 0 1 1 1 1 1 1 1 1 1 1 1 1 1 0 0 1 1 0 0
188 20 20104 1 1 1 0 1 1 0 0 1 0 1 1 1 1 1 1 0 1 1 1
189 20 18340 1 0 1 0 1 0 1 0 1 1 1 1 1 1 0 1 1 1 1 1
190 20 16969 1 0 1 1 1 1 1 1 1 1 1 1 1 1 0 1 0 0 1 0
191 20 17202 1 1 1 1 1 0 0 1 1 1 1 1 1 1 0 1 0 0 1 1
192 20 21346 1 1 1 0 1 0 1 1 1 1 1 1 0 1 0 1 0 1 1 1
193 20 17996 1 0 1 0 1 1 1 0 0 1 1 1 1 1 1 1 1 1 0 1
194 20 17055 1 1 0 0 1 1 0 1 1 0 1 0 1 1 1 1 1 1 1 1
195 20 17592 1 1 0 0 1 1 0 1 1 1 1 0 1 1 1 1 1 1 1 1
196 20 19010 0 1 0 1 1 1 1 1 0 1 1 1 1 1 1 0 1 0 1 1
197 20 16313 1 1 1 0 1 1 1 0 1 1 1 0 1 1 1 1 1 0 1 1
198 20 18679 1 0 1 1 1 1 1 0 1 1 1 1 1 1 0 0 1 1 1 1
199 20 16124 0 1 1 1 1 1 1 1 1 1 0 1 1 1 0 1 1 0 1 1
200 20 16000 1 1 1 0 1 1 0 1 0 0 1 1 1 1 1 1 0 1 1 1
201 20 16996 0 1 1 1 1 1 1 1 1 1 0 0 1 1 1 0 1 1 1 1
202 20 15623 1 1 0 1 0 1 1 1 1 1 1 1 1 0 1 1 1 1 0 0
203 20 17196 1 1 1 1 1 0 0 0 0 1 1 1 1 1 1 1 1 1 1 1
204 20 18587 0 0 1 1 0 0 1 1 1 1 0 1 1 1 1 1 1 1 1 1
205 20 18320 1 1 1 0 1 1 1 1 1 0 0 0 0 1 1 1 1 1 1 1
206 20 17992 0 1 1 1 0 1 0 1 1 1 1 1 1 1 1 1 0 0 1 1
207 20 16914 1 0 1 0 0 1 1 1 1 1 1 1 1 1 1 1 1 1 0 1
208 20 15791 1 1 1 1 0 1 1 1 1 1 1 1 0 1 0 1 1 1 1 0
209 20 14603 1 1 1 1 0 1 0 1 1 1 0 1 1 1 1 1 1 0 1 1
210 20 18664 1 1 0 0 1 0 1 0 1 1 1 1 1 1 1 0 1 1 1 1
211 20 17414 1 1 1 1 1 0 0 1 1 1 0 1 0 0 1 1 1 1 1 1
212 20 15852 1 1 1 1 1 0 0 1 0 1 1 1 1 1 0 0 1 1 1 1
213 20 16848 0 0 1 0 0 1 1 1 1 1 1 1 1 1 1 1 1 0 1 1
214 20 19243 1 1 0 1 0 1 1 1 1 1 1 1 0 0 1 0 1 1 1 1
215 20 19185 1 1 0 1 1 0 1 1 0 1 1 1 0 1 1 1 1 1 1 0
216 20 19535 1 0 1 1 0 1 1 1 1 0 1 1 1 1 0 0 1 1 1 1
217 20 15721 0 1 1 1 1 1 0 1 1 1 1 1 1 1 1 1 1 0 1 0
218 20 17848 1 1 0 1 1 1 0 0 1 1 1 1 1 0 1 1 1 1 0 1
219 20 17711 0 1 1 1 0 1 1 1 1 0 1 1 0 1 1 1 0 1 1 1
220 20 15444 1 1 1 1 1 1 0 0 1 0 1 1 1 1 1 1 0 1 1 1
221 20 15467 1 1 0 1 1 1 1 0 0 0 1 1 1 0 1 1 1 1 1 1
222 20 19770 0 1 1 1 1 0 0 1 1 1 1 1 1 1 0 1 1 1 0 1
223 20 16762 0 1 1 1 1 1 1 1 0 1 0 1 1 1 1 1 1 0 1 0
224 20 18390 1 0 0 1 1 1 1 1 0 1 1 1 1 1 1 0 1 1 1 1
225 20 19187 1 1 0 1 0 1 1 1 1 0 1 0 1 1 1 0 1 1 1 1
226 20 21471 0 1 1 1 0 0 1 1 1 1 1 1 1 1 0 1 1 1 0 1
227 20 16292 1 1 1 1 1 1 0 1 1 1 1 1 1 1 1 0 0 0 1 0
228 20 14065 1 1 1 0 1 0 1 1 1 1 1 0 0 1 1 1 0 1 1 1
229 20 20083 1 1 0 0 1 1 0 1 1 1 1 1 0 1 1 0 1 1 1 1
230 20 17139 1 1 1 1 0 1 1 0 1 1 0 1 1 1 1 1 0 1 1 0
231 20 16733 0 0 1 1 1 1 1 1 0 1 1 1 0 1 1 1 1 1 1 1
232 20 18305 1 1 1 1 0 1 0 0 0 1 1 0 1 1 1 1 1 1 1 1
233 20 16398 1 1 1 1 1 0 1 1 1 1 0 1 1 1 1 0 1 1 1 0
234 20 18938 1 0 1 1 1 0 1 1 1 0 1 1 0 1 1 1 1 1 0 1
235 20 17848 1 1 1 1 1 0 1 1 1 0 1 0 0 1 1 1 1 1 1 0
236 20 17581 1 1 1 1 1 0 0 1 1 1 0 0 1 1 1 1 1 1 1 1
237 20 17964 1 1 0 1 1 1 1 0 1 1 1 1 1 1 1 0 0 1 0 1
238 20 19234 1 1 0 0 0 1 1 1 1 1 1 1 1 1 1 0 1 1 0 1
239 20 20042 1 0 1 1 1 0 1 0 1 1 1 1 1 1 1 0 1 0 0 1
240 20 19388 1 1 0 1 1 1 0 1 1 1 1 0 1 0 1 1 1 1 0 1
241 20 16101 1 1 0 1 0 1 0 1 1 1 1 0 1 1 1 1 1 1 1 0
242 20 21998 1 1 1 0 1 1 1 1 1 1 1 1 1 1 1 1 0 0 0 0
243 20 18514 1 1 0 0 1 1 1 1 1 1 1 1 1 1 1 1 1 0 0 1
244 20 13595 1 1 1 1 1 0 1 1 1 1 0 1 1 0 1 1 1 1 1 1
245 20 16436 1 1 0 1 1 1 1 1 1 1 0 0 1 1 1 1 1 1 0 1
246 20 19796 1 1 1 0 1 1 1 1 1 1 0 1 0 1 1 1 1 1 0 0
247 20 19629 0 1 1 0 1 0 1 1 1 1 0 1 1 1 1 1 1 0 1 1
248 20 15254 1 1 1 1 1 0 1 1 0 0 1 1 1 1 1 0 1 1 1 0
249 20 19633 0 1 1 0 1 1 0 1 1 1 1 1 1 0 1 1 1 1 1 0
250 20 19237 0 1 0 1 1 0 1 1 1 1 1 1 0 0 1 1 1 0 1 1
251 20 15288 1 1 0 1 1 1 1 1 1 0 1 0 0 0 1 1 1 1 1 1
252 20 17884 1 1 1 0 0 0 1 1 0 1 0 1 1 1 1 1 1 1 1 1
253 20 16109 0 1 1 0 0 1 0 1 1 1 1 1 1 1 1 1 1 1 1 1
254 20 16287 1 1 0 1 1 1 1 0 1 1 1 0 1 1 1 1 1 1 0 1
255 20 20382 1 1 1 1 1 1 1 0 1 0 0 1 1 1 1 0 1 1 1 0
256 20 16875 1 1 1 1 1 1 1 0 1 1 1 1 0 1 0 1 1 0 1 1
257 20 17510 1 0 1 1 0 1 1 1 1 1 0 1 1 1 0 1 0 1 1 1
258 20 17675 1 1 0 1 1 1 1 1 1 1 0 0 1 0 1 1 0 1 1 1
259 20 18599 1 1 1 0 1 1 0 1 1 1 1 1 0 0 1 0 1 1 1 1
260 20 16950 1 1 1 1 1 1 0 1 1 1 1 0 1 0 1 1 0 0 1 1
261 20 18859 0 1 1 1 1 0 1 0 1 1 0 1 1 1 1 1 0 1 0 1
262 20 14051 1 1 1 1 1 1 0 1 1 1 0 1 0 0 1 1 1 1 1 1
263 20 16993 1 0 1 1 1 1 0 1 1 1 1 1 1 1 1 0 1 1 0 1
264 20 18617 1 1 0 1 1 1 1 0 1 1 1 1 0 0 1 1 1 1 1 0
265 20 18658 0 1 1 1 1 1 1 1 1 1 1 0 0 1 1 1 1 0 1 0
266 20 17911 1 1 1 1 1 1 1 1 1 1 1 1 0 0 1 0 1 0 1 1
267 20 20227 0 0 1 1 1 1 1 1 1 1 1 1 1 0 0 1 0 1 0 1
268 20 16682 1 1 1 1 1 1 1 1 1 0 0 1 0 0 1 1 1 1 1 0
269 20 15859 1 1 0 1 1 1 1 0 1 0 1 1 1 1 1 1 1 0 1 0
270 20 18511 1 1 0 1 1 1 1 1 0 1 1 0 1 1 1 1 0 0 1 1
271 20 15519 1 1 1 1 1 1 0 1 1 1 1 1 0 0 0 1 1 0 1 1
272 20 19437 0 1 1 1 0 1 1 0 1 1 1 0 1 1 1 1 1 1 1 0
273 20 14621 0 1 1 0 1 1 1 0 1 1 1 1 1 1 1 1 1 1 0 1
274 20 15067 1 1 1 1 0 1 1 0 1 1 1 1 1 0 0 1 1 1 1 1
275 20 18904 1 1 0 1 1 1 1 1 1 0 1 1 1 1 1 0 0 1 1 0
276 20 16606 1 1 1 1 1 1 1 1 0 1 1 1 0 1 0 1 1 1 1 0
277 20 20470 1 1 0 1 1 1 1 0 1 1 0 1 1 0 1 1 0 1 1 1
278 20 19060 1 1 1 1 1 1 0 1 1 1 0 1 0 0 1 1 0 1 0 1
279 20 18037 0 0 1 1 1 1 0 1 1 1 1 1 1 1 1 1 1 0 1 0
280 20 16447 1 1 1 0 1 1 1 1 1 0 0 1 1 1 1 1 0 1 0 1
281 20 17889 1 0 1 1 1 0 1 1 0 1 1 1 1 1 1 0 1 1 1 1
282 20 18715 1 1 1 1 1 0 1 1 1 1 1 1 1 0 1 0 1 1 0 1
283 20 18152 1 1 1 1 1 1 0 1 1 1 1 1 0 0 1 0 0 1 1 1
284 20 15433 1 1 1 1 1 1 1 1 1 1 0 1 0 0 1 1 1 0 1 1
285 20 18579 0 1 1 0 1 0 1 1 1 1 0 1 1 1 1 1 1 1 0 1
286 20 15956 1 1 1 1 1 0 1 1 1 1 0 1 0 1 1 1 1 0 1 0
287 20 15728 1 0 1 1 0 1 1 0 1 1 1 1 1 1 1 0 1 1 1 1
288 20 15486 0 0 1 1 1 1 1 1 1 1 1 0 1 1 1 1 1 1 0 1
289 20 15771 1 1 1 1 1 1 1 0 1 1 1 1 1 1 0 1 0 1 0 1
290 20 18258 1 0 0 1 1 1 1 1 0 1 1 1 1 1 1 0 0 1 1 1
291 20 17682 0 1 0 1 0 1 1 1 1 1 1 1 1 0 1 1 1 0 1 1
292 20 15845 1 0 1 0 1 1 1 1 1 1 1 1 0 1 1 1 1 0 1 1
293 20 19060 0 1 1 1 1 1 1 1 0 1 1 1 0 1 1 1 1 1 0 0
294 20 17122 1 0 1 1 0 1 1 1 1 1 1 1 1 1 0 1 1 0 1 1
295 20 19047 1 0 0 1 1 1 1 1 1 1 1 0 1 1 1 1 1 0 0 1
296 20 20088 1 1 1 0 1 0 1 1 1 1 0 1 0 1 1 1 0 1 1 1
297 20 15902 1 1 1 1 1 0 0 1 1 1 1 1 0 1 1 1 1 1 0 0
298 20 15673 1 1 0 1 1 0 1 1 0 1 1 1 1 1 1 1 1 0 0 1
299 20 15274 1 0 1 1 1 1 1 0 1 1 1 1 1 0 1 1 1 1 0 1
300 20 20335 1 0 0 1 1 0 1 1 1 1 1 1 1 1 1 1 1 0 0 1
301 20 16758 1 1 1 1 1 0 1 1 1 0 1 1 1 0 1 1 1 0 1 0
302 20 15829 1 1 1 1 0 1 1 0 1 1 1 0 1 1 1 0 1 1 1 0
303 20 16162 1 1 1 1 1 1 0 1 0 1 1 0 1 1 1 1 1 1 0 1
304 20 18561 1 1 0 1 1 1 1 1 0 1 1 1 1 0 1 0 1 0 1 0
305 20 15318 1 1 1 0 1 1 1 1 1 1 1 1 1 0 0 1 1 1 0 1
306 20 18514 1 1 1 1 1 1 1 1 1 1 1 1 0 0 1 0 1 0 1 1
307 20 16549 1 1 1 1 1 1 1 1 1 0 0 0 1 1 1 1 1 1 1 0
308 20 13552 1 1 1 1 0 0 1 1 1 1 1 1 1 1 1 0 1 1 1 0
309 20 17345 0 1 1 0 0 1 1 0 1 1 1 1 1 1 1 1 1 1 1 0
310 20 18258 1 0 1 1 1 1 1 0 1 1 1 1 0 1 0 1 0 1 1 1
311 20 20584 1 1 0 1 0 1 1 1 1 1 1 1 0 1 0 1 1 1 1 0
312 20 18389 0 0 1 0 1 0 1 1 1 1 1 1 1 0 1 1 1 1 1 1
313 20 17153 1 1 1 1 1 0 1 0 1 1 1 1 1 0 1 0 1 1 0 1
314 20 18705 1 0 0 1 1 1 1 1 1 1 1 0 1 0 0 1 1 1 1 1
315 20 19293 0 1 0 1 1 1 1 1 1 1 0 0 1 1 1 1 0 1 1 1
316 20 20898 1 1 1 1 1 0 1 1 0 1 1 1 0 1 1 1 0 1 0 1
317 20 19003 1 1 1 1 0 0 1 1 1 0 1 1 1 0 1 0 1 1 1 1
318 20 17616 0 1 1 0 1 1 1 1 1 0 1 1 1 1 1 1 0 1 0 1
319 20 16939 0 0 1 1 0 1 1 1 1 0 1 1 1 1 1 1 0 1 1 1
320 20 17250 1 1 1 1 1 1 1 0 1 1 1 0 1 0 1 1 1 0 0 1
321 20 15839 1 1 1 1 1 0 1 1 1 1 0 0 1 1 0 1 1 1 1 1
322 20 14933 0 1 1 1 1 1 1 1 1 0 0 1 1 1 1 1 1 1 0 1
323 20 18121 1 1 1 1 1 0 1 0 0 1 1 1 1 1 1 1 1 0 1 0
324 20 19334 1 0 1 1 1 1 1 1 1 0 1 0 0 1 1 1 1 1 1 0
325 20 15086 1 1 1 1 1 0 1 1 0 0 1 1 0 1 0 1 1 1 1 1
326 20 20630 1 1 1 1 1 1 0 0 0 0 1 1 1 1 1 0 1 1 1 1
327 20 19253 1 1 1 1 1 1 1 0 0 0 1 1 1 1 1 0 1 0 1 1
328 20 18587 1 1 0 0 1 1 1 1 1 1 1 1 1 1 1 1 0 0 1 1
329 20 16077 1 1 0 1 1 0 1 1 1 0 0 1 1 1 1 1 1 0 1 1
330 20 18659 1 1 1 1 1 1 0 1 1 0 0 1 1 1 1 1 1 1 0 1
331 20 20369 1 1 0 1 0 1 1 0 1 1 1 1 1 1 0 0 1 1 1 1
332 20 17561 1 1 0 1 1 1 1 1 0 1 0 1 0 1 1 1 1 1 1 0
333 20 19159 1 1 0 1 1 1 0 0 1 1 0 1 0 1 1 1 1 1 1 0
334 20 16393 1 1 1 1 1 1 0 1 1 1 0 1 1 1 0 1 0 0 1 1
335 20 16196 1 1 0 1 0 1 1 0 1 1 1 0 1 1 1 1 1 1 1 1
336 20 16828 1 0 1 1 0 1 1 1 1 1 0 1 1 1 1 1 0 1 1 1
337 20 17794 0 0 1 0 1 1 1 1 1 1 0 1 1 1 0 1 1 1 1 1
338 20 19145 1 1 1 1 1 1 1 1 1 1 1 0 1 1 1 0 0 0 1 1
339 20 19184 0 1 1 1 1 0 1 1 1 0 1 1 1 0 1 1 1 1 0 1
340 20 16073 0 1 0 1 1 1 1 1 0 1 1 1 1 1 1 1 1 1 1 0
341 20 14460 1 1 1 1 1 1 0 1 1 1 1 1 1 1 0 1 1 0 1 0
342 20 16550 1 1 0 1 1 0 1 1 0 1 1 1 1 1 1 1 0 1 1 0
343 20 19890 1 0 1 1 0 1 0 1 1 0 1 1 1 1 1 1 1 1 1 0
344 20 16977 0 1 1 1 1 1 1 0 1 1 1 1 1 0 1 1 1 0 1 0
345 20 19047 0 1 1 1 1 1 1 0 1 0 1 1 1 1 1 0 1 1 0 1
346 20 17707 1 0 1 1 1 1 1 1 0 1 1 1 0 1 1 1 1 0 0 1
347 20 17181 1 1 1 1 0 1 0 1 1 0 0 1 1 1 1 0 1 1 1 1
348 20 15501 1 1 0 0 1 1 1 1 1 1 1 1 1 1 1 1 0 1 0 1
349 20 16384 1 0 0 1 1 1 1 0 1 1 1 1 1 1 1 1 1 0 1 1
350 20 16280 1 1 1 1 1 1 1 0 0 1 1 1 0 1 1 1 1 1 1 0
351 20 15403 1 1 0 1 1 1 1 1 1 1 1 0 1 0 1 0 1 1 1 1
352 20 17178 1 1 1 1 0 0 1 1 1 1 1 0 1 1 1 1 1 0 1 1
353 20 19824 1 1 0 0 1 0 0 1 1 1 1 1 1 1 1 1 1 1 0 1
354 20 16563 0 1 1 1 1 1 1 1 0 1 1 1 1 1 1 1 1 1 0 0
355 20 16834 1 1 1 1 1 1 1 0 0 1 0 1 0 1 1 1 1 1 0 1
356 20 16304 1 1 1 1 1 1 1 1 0 1 0 1 1 0 0 1 0 1 1 1
357 20 16482 1 1 1 1 0 1 1 1 1 0 0 0 1 1 1 1 1 1 1 0
358 20 16085 1 1 1 1 1 1 1 1 1 1 1 0 0 1 1 0 1 1 0 1
359 20 18517 1 1 1 1 1 1 1 0 0 0 1 1 1 1 1 0 1 0 1 1
360 20 15455 1 1 1 1 0 1 1 0 1 1 0 1 1 1 1 1 1 1 1 0
361 20 18735 1 1 1 1 1 1 1 1 1 1 0 1 0 0 1 1 0 0 1 1
362 20 15328 1 1 1 1 1 1 1 0 1 1 1 1 1 0 1 1 1 0 1 0
363 20 19548 1 1 1 1 1 1 1 1 1 1 0 1 1 0 0 1 0 1 1 0
364 20 17980 1 1 1 1 0 1 1 1 1 1 0 1 0 0 1 1 1 1 1 1
365 20 16547 1 1 0 1 0 1 1 0 1 0 1 1 0 1 1 1 1 1 1 1
366 20 18389 0 1 1 1 0 1 0 0 1 1 1 1 1 1 1 1 1 0 1 1
367 20 17804 1 0 1 1 0 1 1 1 1 0 1 0 1 1 1 1 1 1 0 1
368 20 17271 0 1 1 1 1 0 1 1 1 0 1 1 1 0 1 1 1 1 0 1
369 20 16518 1 1 0 1 1 1 1 1 1 1 0 1 1 1 1 0 0 1 1 1
370 20 15806 0 1 0 0 1 1 1 1 1 1 1 1 1 0 1 1 1 1 1 1
371 20 18764 0 0 1 1 1 1 1 1 1 0 0 1 1 1 1 0 1 1 1 1
372 20 18066 0 0 1 1 1 1 0 1 0 1 1 1 0 1 1 1 1 1 1 1
373 20 15547 1 1 1 1 0 0 1 0 1 1 1 1 1 1 0 1 1 1 1 1
374 20 16205 1 0 1 1 1 1 1 0 1 1 1 1 1 1 1 1 1 0 1 0
375 20 18799 1 1 1 0 1 0 1 1 1 1 0 0 1 1 0 1 1 1 1 1
376 20 19761 1 1 1 1 1 1 1 1 0 0 1 1 1 1 0 0 1 1 1 0
377 20 19036 1 1 1 0 1 1 1 0 1 1 1 0 1 1 0 1 1 0 1 0
378 20 17230 1 1 1 1 1 0 1 1 0 1 0 1 1 1 1 1 0 1 1 0
379 20 14353 1 0 1 0 1 1 1 0 1 1 1 0 1 1 1 1 1 1 1 1
380 20 15495 1 1 0 1 1 0 1 1 0 1 1 1 1 1 1 1 0 1 1 1
381 20 19978 1 1 1 0 1 1 0 1 1 1 1 1 1 1 1 0 0 0 1 1
382 20 16611 0 1 1 0 1 0 1 1 0 1 1 1 1 1 0 1 1 1 1 1
383 20 16279 1 0 1 1 1 1 1 1 1 1 0 1 1 1 0 1 0 1 1 1
384 20 19007 1 1 1 1 1 1 1 1 1 1 1 1 0 1 1 0 1 0 0 1
385 20 18848 1 0 1 0 1 1 0 1 1 1 1 1 1 1 1 1 0 0 1 1
386 20 17309 1 1 1 1 1 0 1 1 0 1 1 0 1 1 0 1 1 1 1 1
387 20 18775 0 1 0 1 1 0 1 1 1 1 1 1 1 1 1 1 0 1 1 0
388 20 18579 1 1 1 0 1 0 1 1 1 1 1 0 1 1 1 1 1 1 0 0
389 20 18349 0 1 1 0 1 1 1 1 1 0 1 1 1 1 1 0 1 0 1 1
390 20 16598 1 1 1 1 1 1 1 1 1 1 1 0 0 0 1 1 1 1 0 0
391 20 17102 0 1 0 1 1 0 1 1 1 1 1 1 1 0 0 1 1 1 1 1
392 20 17943 1 1 1 1 0 1 0 1 1 1 0 1 1 0 1 1 1 1 1 0
393 20 16996 1 1 1 1 1 1 1 1 1 1 1 0 0 0 1 0 1 1 1 1
394 20 22856 1 1 1 0 1 1 1 0 1 1 1 1 1 1 0 1 0 0 0 1
395 20 17898 1 0 1 0 1 0 0 1 1 1 1 1 1 1 1 1 0 1 1 1
396 20 17376 1 1 1 0 1 1 1 1 0 1 1 1 1 1 0 0 1 0 1 1
397 20 17454 1 0 0 1 1 1 1 1 1 1 1 1 1 1 0 1 1 0 0 1
398 20 18104 1 1 1 1 1 0 0 1 1 1 1 0 1 1 1 0 1 1 1 0
399 20 18625 1 1 1 1 1 1 0 0 1 0 1 1 1 1 1 1 1 0 1 1
400 20 17967 1 1 1 0 1 1 1 1 1 1 0 1 1 0 1 0 1 1 1 0
401 20 18272 1 1 0 0 1 1 0 1 1 1 1 1 1 1 1 1 0 0 1 1
402 20 19026 1 1 1 1 1 0 1 1 1 0 0 1 1 1 1 1 1 0 1 0
403 20 19793 1 1 1 0 1 1 1 1 1 1 1 0 1 0 0 1 1 0 1 1
404 20 18249 1 0 1 1 1 1 0 1 1 1 1 1 1 0 1 1 1 0 1 1
405 20 17036 1 1 0 1 0 1 1 1 0 1 1 0 1 1 1 1 1 1 1 1
406 20 15847 0 1 0 0 1 1 1 1 1 1 1 1 1 1 1 1 1 0 1 1
407 20 18638 1 1 1 1 1 1 0 1 0 1 1 0 1 0 0 1 1 1 1 1
408 20 17350 1 0 1 1 1 1 1 1 0 0 1 0 1 1 1 1 1 0 1 1
409 20 16276 1 1 1 1 1 1 1 1 1 0 1 1 1 0 1 1 0 1 0 0
410 20 17288 1 1 1 0 1 1 1 1 1 0 0 1 1 1 1 0 1 1 1 0
411 20 18779 0 0 1 1 1 1 1 1 1 0 1 1 0 1 1 1 0 1 1 1
412 20 17760 1 1 0 1 1 0 0 1 0 1 1 1 1 0 1 1 1 1 1 1
413 20 20200 1 1 0 1 1 1 1 1 0 1 1 1 1 1 1 0 1 0 1 0
414 20 15469 0 1 0 1 1 0 1 1 1 1 1 1 1 1 1 1 1 0 1 1
415 20 16926 1 1 0 1 1 1 0 1 1 1 1 1 0 1 1 1 0 0 1 1
416 20 20278 1 1 1 1 0 1 1 1 1 1 1 1 0 1 0 1 1 0 1 0
417 20 17894 0 1 0 1 1 0 1 0 0 1 1 1 1 0 1 1 1 1 1 1
418 20 17078 1 1 1 0 1 1 0 1 1 1 1 1 0 1 1 1 0 1 0 1
419 20 12828 1 1 1 1 0 1 1 0 1 1 1 1 1 1 0 1 1 0 1 1
420 20 18829 0 1 0 1 1 1 1 0 0 1 0 1 1 1 1 1 1 1 1 1
421 20 14782 1 1 0 1 1 1 1 1 0 0 1 1 0 1 1 1 1 1 1 1
422 20 18364 1 1 0 1 1 0 0 1 1 1 1 1 1 0 1 0 1 1 1 1
423 20 17972 0 1 1 0 1 1 1 1 0 1 1 0 1 1 1 1 1 1 1 0
424 20 15396 1 1 1 0 1 1 1 1 0 0 1 1 0 1 1 1 1 0 1 1
425 20 19699 0 1 1 1 1 0 1 0 1 1 1 0 1 0 1 1 1 1 0 1
426 20 16508 0 1 0 1 1 1 1 1 0 1 1 0 1 1 1 1 1 1 0 1
427 20 16169 0 1 1 0 1 1 0 1 1 1 1 1 1 1 0 1 0 1 1 1
428 20 16802 1 1 1 0 1 1 1 1 0 1 1 1 1 0 1 1 1 0 1 1
429 20 20393 1 0 1 1 1 1 0 1 1 1 0 1 0 1 0 0 1 1 1 1
430 20 18429 1 1 0 1 1 0 1 1 0 1 0 1 1 1 1 1 1 0 1 1
431 20 15819 1 1 1 1 1 1 1 1 1 0 1 0 0 1 0 1 1 1 1 1
432 20 20196 1 0 0 1 1 1 1 1 1 1 1 0 1 1 1 1 0 1 0 1
433 20 16023 1 1 0 0 1 1 1 1 1 1 1 1 0 0 1 1 1 1 0 1
434 20 20864 0 1 1 1 1 1 1 0 1 1 0 0 1 1 1 1 1 1 0 1
435 20 20114 1 0 1 1 1 1 1 1 1 1 1 1 1 1 1 0 0 0 0 1
436 20 20824 1 1 0 0 1 1 1 1 1 1 0 1 1 1 0 1 1 1 0 1
437 20 18071 1 1 0 0 1 1 1 0 0 1 1 1 1 1 1 0 1 0 1 1
438 20 17431 1 1 0 0 1 1 1 1 1 0 1 1 1 0 1 1 1 1 0 1
439 20 16035 1 0 0 0 1 1 1 1 1 1 1 1 0 1 1 1 1 1 0 1
440 20 17638 1 1 1 0 1 1 1 0 1 1 0 1 1 1 0 1 1 1 0 1
441 20 16221 1 1 1 1 1 1 1 1 1 0 1 1 1 0 1 1 1 0 1 0
442 20 17790 1 1 0 1 1 1 1 0 1 1 0 1 0 1 1 1 1 0 1 1
443 20 16712 0 1 0 0 0 1 1 0 1 1 1 1 1 1 1 1 1 1 1 1
444 20 15022 1 1 1 1 1 1 1 1 1 1 1 1 0 0 1 0 1 1 1 0
445 20 16361 0 1 1 1 1 1 1 0 1 1 0 1 1 1 1 1 1 1 0 1
446 20 17914 1 1 0 1 1 1 1 1 1 1 1 0 1 0 1 0 1 0 1 1
447 20 19184 1 1 1 1 0 1 1 1 1 1 0 1 1 1 0 1 1 0 0 1
448 20 17748 0 1 1 1 0 1 1 0 1 1 0 1 1 1 1 1 1 1 1 0
449 20 19243 1 1 0 1 1 0 1 0 1 1 0 1 1 1 0 1 1 1 1 1
450 20 17634 1 1 1 1 1 1 1 0 1 0 1 0 1 1 1 0 1 1 0 1
451 20 18030 1 1 1 1 0 1 1 1 0 1 1 1 1 1 1 0 1 0 0 1
452 20 18953 1 1 1 0 1 0 1 1 1 0 1 1 1 1 0 0 1 1 1 1
453 20 17871 1 1 1 1 0 0 1 1 1 1 1 1 1 1 1 1 0 1 0 0
454 20 15156 0 1 1 1 1 1 1 1 1 0 1 1 1 1 0 1 1 0 1 1
455 20 19342 1 0 1 1 1 0 0 1 0 1 1 1 1 0 1 1 1 1 1 1
456 20 18496 0 0 1 1 1 1 1 1 1 1 0 1 1 1 1 0 0 1 1 1
457 20 17395 1 1 1 0 1 0 1 0 1 1 1 1 0 0 1 1 1 0 1 1
458 20 17219 1 0 1 1 0 0 1 1 0 0 1 1 1 1 1 1 1 1 1 1
459 20 19282 1 1 0 0 1 1 1 1 1 1 1 0 1 1 0 0 1 1 1 1
460 20 18126 1 0 0 1 1 1 1 1 1 1 1 1 1 1 0 1 1 1 0 0
461 20 18319 1 1 1 1 1 0 1 1 1 0 1 0 1 1 1 0 0 1 1 1
462 20 15474 1 1 1 1 1 0 1 1 0 0 1 1 1 1 1 0 1 1 1 1
463 20 19052 1 0 1 0 1 1 0 1 1 1 1 0 1 1 1 1 0 1 1 1
464 20 17606 0 1 1 1 1 1 1 1 0 1 0 1 0 1 1 1 1 0 1 1
465 20 18069 1 1 1 1 1 1 0 0 1 1 0 1 1 1 1 0 1 1 0 1
466 20 16775 1 1 1 0 1 1 1 1 1 1 1 1 1 1 1 0 1 1 0 0
467 20 18737 1 0 0 1 1 1 0 1 1 1 1 1 1 1 1 1 0 1 0 1
468 20 16472 0 1 1 1 1 1 1 1 1 0 1 1 1 0 1 1 1 1 0 0
469 20 18717 1 1 1 1 0 1 0 1 0 1 1 0 1 1 1 1 1 0 1 1
470 20 18039 1 1 1 1 0 1 1 1 1 0 1 0 1 1 1 1 1 0 1 0
471 20 17053 0 1 0 1 1 0 1 1 1 1 1 0 1 1 1 1 1 1 1 1
472 20 16641 1 1 0 1 1 0 0 1 1 1 1 1 1 1 1 1 0 1 0 1
473 20 16688 1 1 1 0 1 1 0 1 0 1 0 1 1 1 0 1 1 1 1 1
474 20 15729 1 1 1 1 1 1 1 0 1 0 1 1 1 1 0 1 0 1 1 1
475 20 17317 1 1 1 1 0 1 1 1 1 1 0 1 0 1 0 1 1 1 1 1
476 20 15527 1 1 1 0 1 1 0 1 1 0 1 1 1 1 1 1 1 1 0 1
477 20 18648 1 1 1 0 1 0 1 1 0 1 0 0 1 1 1 1 1 1 1 1
478 20 17706 1 1 0 1 0 1 1 1 1 1 1 1 1 1 0 1 1 0 1 0
479 20 19428 0 1 1 1 1 0 1 1 1 1 1 1 1 1 0 0 0 1 0 1
480 20 16421 0 1 1 0 1 1 0 1 1 1 1 1 0 1 1 1 1 1 1 1
481 20 19361 1 1 0 1 0 1 1 1 0 0 1 1 1 1 1 1 1 1 1 0
482 20 19975 1 0 1 1 1 0 0 1 1 1 0 1 1 1 1 1 1 1 0 1
483 20 20184 1 1 1 1 0 1 1 1 1 1 0 1 1 0 0 0 1 0 1 1
484 20 17187 1 1 1 1 1 1 1 1 1 0 0 1 1 1 1 0 1 0 0 1
485 20 19986 0 1 1 0 1 0 1 1 1 1 1 0 1 0 1 1 1 1 1 1
486 20 15070 1 1 1 0 0 1 0 1 1 1 1 1 1 1 1 1 1 1 0 1
487 20 18375 0 1 1 1 1 1 1 1 1 1 1 0 0 1 0 1 1 1 0 1
488 20 17649 1 1 1 0 1 1 1 1 1 1 1 1 1 0 0 1 0 0 1 1
489 20 17318 1 1 0 1 1 1 1 1 0 1 1 1 1 0 1 0 1 1 0 1
490 20 18034 1 1 1 1 1 0 0 1 0 1 1 1 1 1 0 0 1 1 1 1
491 20 18885 1 1 1 1 1 1 1 0 1 0 1 0 1 1 1 0 1 1 1 1
492 20 17662 1 0 1 1 1 1 1 1 1 1 0 1 0 1 1 0 1 1 1 0
493 20 17716 1 0 1 1 1 1 1 0 1 1 1 0 1 1 1 0 0 1 1 1
494 20 19319 1 0 1 1 1 1 1 1 1 1 1 1 0 0 0 1 1 1 1 0
495 20 19140 1 1 1 1 1 0 1 0 1 1 1 1 1 1 1 0 0 0 1 1
496 20 18454 1 1 1 1 1 1 1 1 1 0 0 0 1 1 0 1 1 1 1 0
497 20 17741 1 0 1 1 1 1 1 1 1 1 1 0 1 0 1 1 1 1 1 0
498 20 19442 0 1 1 1 1 0 1 1 1 1 0 1 0 1 1 1 1 1 1 0
499 20 18101 0 0 1 1 0 1 1 0 1 1 1 1 1 0 1 1 1 0 1 1
500 20 18059 1 0 0 1 1 1 0 1 1 1 1 0 0 1 1 1 1 1 1 1
