1 30 23036 1 1 1 0 1 0 0 0 1 1 1 0 1 1 1 1 1 1 0 0 1 1 1 0 1 0 1 1 1 1
2 30 24763 1 1 1 0 1 0 1 1 0 0 1 1 1 1 1 1 1 0 1 1 1 1 1 0 0 1 0 1 1 0
3 30 29443 1 1 1 1 0 1 0 0 1 1 1 1 0 0 1 1 1 0 1 1 1 0 1 0 1 0 1 1 1 1
4 30 26201 1 0 1 0 0 1 1 0 1 1 1 1 0 0 1 1 0 1 1 1 1 1 1 0 0 1 0 1 1 1
5 30 26857 1 1 0 0 1 0 1 0 1 1 1 1 0 1 1 1 1 0 1 1 1 1 1 1 1 0 0 1 1 1
6 30 28189 0 1 1 1 1 0 1 0 1 1 1 0 1 1 1 1 0 0 1 1 1 1 1 0 0 1 1 1 0 1
7 30 27564 0 0 1 0 1 1 1 0 1 1 1 1 0 1 1 1 1 0 1 0 0 1 1 1 1 1 1 1 1 1
8 30 28282 0 0 0 1 0 1 1 1 1 0 1 1 0 1 1 1 1 1 1 1 1 0 1 1 0 1 1 1 0 1
9 30 28232 1 1 1 1 0 0 0 0 1 1 1 1 1 1 1 1 1 0 1 1 1 0 1 0 1 1 1 0 1 1
10 30 27863 1 0 1 1 1 1 1 1 0 1 1 1 0 1 0 1 1 1 0 1 0 0 1 0 1 1 1 0 1 1
1 30 23269 1 1 1 0 1 1 1 1 1 1 1 0 1 1 1 0 1 1 1 0 1 1 0 1 0 0 1 1 1 0
2 30 24730 1 1 0 0 1 1 1 1 1 0 1 1 0 0 0 0 1 0 1 0 1 1 1 1 1 1 1 1 1 1
3 30 29751 0 1 0 1 0 1 1 0 1 1 1 1 0 1 1 1 1 1 1 0 1 0 1 1 1 0 1 1 1 1
4 30 26707 0 1 1 0 1 1 1 1 1 1 0 1 1 0 1 1 1 1 1 0 1 0 0 0 1 1 1 1 1 1
5 30 26634 1 0 1 1 1 0 0 1 1 1 1 0 1 1 0 0 1 1 1 1 1 0 0 1 0 1 1 1 1 1
6 30 27949 1 0 1 1 1 1 1 1 1 0 1 0 1 0 0 0 1 1 1 1 0 0 0 1 0 1 1 1 1 1
7 30 27588 1 0 1 0 1 1 1 0 1 1 0 0 1 1 1 0 1 1 1 1 0 1 0 1 1 1 1 1 1 1
8 30 28551 0 1 1 0 1 0 1 1 1 1 1 0 0 1 1 1 1 1 0 1 1 1 1 1 0 1 1 1 0 1
9 30 27818 1 1 0 1 0 0 1 1 0 1 1 1 1 1 0 1 1 0 1 1 0 1 1 1 0 1 1 1 1 0
10 30 28109 0 0 1 1 1 1 1 0 1 1 0 1 1 0 0 1 0 1 1 1 1 1 1 1 1 0 1 1 1 1
1 30 23038 1 0 1 1 0 0 0 1 1 1 1 0 0 1 1 1 1 1 1 0 1 1 0 1 0 1 1 1 1 1
2 30 24978 1 1 1 0 1 1 0 1 1 0 1 1 1 0 1 1 1 1 0 1 1 1 1 1 0 1 0 0 1 1
3 30 29258 1 1 1 1 0 1 0 0 1 0 0 1 1 1 0 0 1 0 1 1 1 1 1 0 0 1 1 1 1 1
4 30 26430 0 1 1 0 0 0 1 1 1 1 1 1 1 0 0 1 0 1 1 1 1 1 1 0 1 0 1 1 1 1
5 30 26639 1 1 0 0 1 0 1 1 0 1 0 1 1 0 1 1 1 1 1 1 0 0 1 1 1 1 1 0 1 1
6 30 28181 1 0 1 1 1 1 1 0 1 1 1 0 1 1 1 0 1 0 1 1 0 1 1 1 0 1 1 1 0 0
7 30 27845 0 0 1 0 0 0 1 1 1 1 0 1 1 1 1 1 1 1 1 1 1 1 1 1 1 1 1 1 0 1
8 30 28299 0 0 1 1 0 1 1 1 1 1 1 1 1 1 1 1 1 1 0 1 0 1 1 1 0 0 0 1 0 1
9 30 27976 1 1 1 1 0 1 1 0 1 1 1 1 0 1 1 0 0 0 1 1 0 1 0 0 1 1 1 1 1 1
10 30 27623 0 0 0 1 1 0 1 1 1 1 1 1 0 1 0 1 0 1 1 1 1 1 1 1 1 1 0 0 0 1
1 30 23029 1 1 1 1 0 1 1 0 1 1 0 1 0 1 1 1 1 0 1 1 0 1 1 1 1 0 1 0 1 0
2 30 24726 0 1 1 1 1 1 0 1 1 0 1 1 1 0 0 0 1 1 0 1 1 1 1 1 0 1 1 1 0 1
3 30 29232 1 1 1 1 0 1 0 1 1 1 1 1 0 0 1 1 0 1 1 1 1 0 0 1 1 0 0 0 1 1
4 30 25950 1 1 1 1 1 1 1 1 1 0 0 1 1 0 0 1 0 0 0 1 1 1 1 0 0 1 1 1 0 0
5 30 26631 1 1 1 1 1 0 0 0 1 0 0 1 0 0 1 1 1 1 1 1 1 0 0 1 1 1 1 1 1 1
6 30 27933 0 0 1 1 1 1 1 0 1 1 0 0 0 1 1 0 1 1 1 0 1 1 1 1 0 1 1 1 0 1
7 30 27589 1 0 1 0 1 1 1 1 0 1 0 1 1 1 1 1 1 0 1 1 0 1 1 0 1 1 0 1 1 1
8 30 28650 1 1 1 0 1 0 1 0 0 1 1 1 1 1 1 1 1 1 0 1 1 1 1 0 1 1 0 1 1 1
9 30 28417 1 1 1 1 0 1 0 0 1 1 1 1 1 1 0 1 1 0 1 1 1 0 1 1 1 1 1 0 1 1
10 30 28066 1 1 0 1 1 1 0 1 1 0 1 1 0 0 1 1 1 1 1 1 1 1 1 0 0 1 1 1 0 1
1 30 23276 1 1 1 0 0 0 1 0 1 1 1 1 0 1 1 0 1 1 1 1 1 1 1 1 0 1 1 1 1 0
2 30 24753 0 0 1 1 1 0 1 1 1 1 1 1 1 0 1 0 1 0 1 1 1 1 1 1 0 1 0 1 0 1
3 30 29497 1 1 0 1 1 1 0 0 1 1 1 1 0 1 0 1 1 1 1 0 0 0 1 1 1 1 1 1 1 0
4 30 26216 0 1 0 0 0 0 1 0 1 1 1 1 1 0 1 1 1 0 1 0 1 1 1 1 1 1 0 1 1 1
5 30 26652 1 1 0 1 0 1 1 1 1 1 1 0 0 1 1 0 1 1 0 1 0 0 1 1 1 1 0 1 1 1
6 30 28186 0 0 1 1 1 1 1 0 1 1 0 0 1 1 0 0 1 1 1 1 1 1 1 0 1 1 1 1 0 1
7 30 27125 1 0 1 0 0 1 1 1 1 1 0 0 0 1 1 0 1 1 1 1 1 1 0 0 1 0 1 1 1 1
8 30 28079 0 1 1 1 1 0 1 1 1 1 1 0 1 0 1 0 0 1 1 1 0 1 1 1 0 0 0 1 1 1
9 30 27955 1 1 1 1 0 1 1 0 0 1 1 1 0 1 0 1 1 1 1 1 1 0 0 1 0 1 1 0 1 1
10 30 28116 1 0 1 1 1 1 1 0 0 0 1 1 1 1 1 1 0 0 1 1 1 1 1 1 1 0 1 1 0 1
