1 15 6226 0 1 1 1 1 1 0 1 1 1 1 1 1 1 1
2 15 5807 1 1 1 1 1 1 1 1 1 0 1 1 1 0 1
3 15 8186 1 1 1 1 1 0 1 0 1 1 1 1 1 1 1
4 15 6091 1 1 1 1 1 1 1 1 1 1 1 1 0 1 1
5 15 7297 1 1 1 1 1 1 1 0 1 1 1 0 1 1 1
6 15 7723 0 1 1 0 1 1 1 1 0 1 1 1 1 1 1
7 15 5854 1 1 1 1 0 1 1 1 1 1 1 0 1 1 1
8 15 7321 1 1 1 0 1 0 1 1 1 1 1 1 1 1 1
9 15 7441 1 1 0 0 1 1 1 1 1 1 1 1 1 1 1
10 15 6089 1 1 1 1 1 1 0 0 1 0 1 1 1 1 1
11 15 5063 1 1 1 1 1 1 1 1 1 0 1 1 0 1 1
12 15 6067 1 1 1 0 1 1 1 1 1 1 1 1 1 1 1
13 15 6887 0 1 1 1 1 1 0 0 0 1 1 1 1 1 1
14 15 6329 0 1 1 1 1 1 1 1 1 0 1 1 1 1 1
15 15 5923 1 1 1 1 1 1 1 1 1 0 1 1 1 1 1
16 15 7147 0 1 1 1 1 1 0 1 1 1 1 1 1 1 1
17 15 7900 1 1 1 1 1 1 1 0 1 0 1 1 1 1 1
18 15 8089 1 1 1 1 1 1 1 1 1 1 1 1 0 1 0
19 15 6812 1 1 0 0 1 1 1 1 1 1 1 1 1 1 1
20 15 8234 1 1 1 1 1 1 1 1 1 1 1 0 0 1 1
21 15 5235 1 1 1 1 1 1 1 1 1 1 0 0 1 1 1
22 15 6928 1 1 1 0 0 1 1 1 1 1 1 1 1 1 1
23 15 7319 1 1 1 1 1 1 0 1 1 1 1 1 1 0 1
24 15 6277 1 1 1 1 1 1 1 1 1 1 1 0 1 1 0
25 15 7568 1 1 1 1 1 1 1 1 1 1 1 1 0 1 1
26 15 6775 1 0 1 1 1 1 0 1 1 1 1 1 1 0 1
27 15 7584 1 0 1 1 1 1 1 0 1 1 0 1 0 1 1
28 15 7304 1 1 1 1 1 1 1 1 1 1 0 1 1 1 1
29 15 6812 1 1 1 1 1 0 1 1 1 1 1 1 1 1 0
30 15 5812 0 1 0 1 1 1 1 1 1 1 1 1 1 1 1
31 15 7481 1 0 1 1 1 1 1 1 1 1 1 0 1 1 1
32 15 6844 1 1 1 1 0 1 1 1 0 1 1 1 1 1 1
33 15 6966 0 1 1 1 1 1 1 0 1 1 1 0 1 1 1
34 15 6692 1 1 1 1 1 1 1 1 0 1 1 0 1 1 1
35 15 6232 1 1 0 1 1 1 1 1 0 1 1 1 1 1 1
36 15 6043 1 1 1 1 1 1 0 1 1 1 0 1 1 1 1
37 15 7981 0 1 1 1 1 1 1 0 1 1 1 1 1 1 1
38 15 7322 1 1 1 1 1 0 1 1 1 1 1 1 1 0 1
39 15 6907 0 1 1 1 1 1 1 1 0 1 1 1 1 1 1
40 15 6491 1 1 1 1 1 1 1 1 1 1 1 1 0 1 1
41 15 6939 1 1 0 1 0 1 1 1 1 1 1 0 1 1 1
42 15 7281 1 1 1 0 1 1 1 0 1 1 1 1 1 1 1
43 15 6946 0 1 1 0 1 1 1 1 1 1 0 1 1 1 1
44 15 7644 1 1 0 1 1 1 1 1 1 1 0 1 0 1 1
45 15 7454 1 1 1 0 1 1 1 1 1 0 1 1 1 1 1
46 15 4676 0 1 1 1 1 0 1 1 1 1 1 1 1 1 1
47 15 6538 1 1 1 1 1 1 1 1 0 0 0 1 1 1 1
48 15 5182 1 1 1 1 1 0 1 1 0 1 1 1 1 1 1
49 15 8252 1 0 1 1 1 1 1 1 0 1 1 0 1 1 1
50 15 8409 1 1 0 1 1 1 1 0 1 1 1 1 0 1 1
51 15 5331 1 1 1 0 0 1 1 1 1 1 1 1 0 1 1
52 15 6418 1 0 1 1 1 1 1 1 1 1 0 1 0 1 1
53 15 5697 0 1 1 1 1 0 1 1 1 1 1 1 1 1 1
54 15 7252 1 1 1 0 1 1 1 1 1 1 1 1 1 1 0
55 15 6799 1 0 1 1 1 1 0 1 1 1 0 1 1 1 1
56 15 6853 1 1 0 1 1 1 1 1 1 1 1 1 1 1 1
57 15 8363 1 1 0 1 1 1 1 1 0 1 1 1 1 1 0
58 15 6389 1 0 1 1 0 1 1 1 1 1 1 0 1 1 1
59 15 6900 0 1 1 1 0 1 1 1 1 1 1 1 1 1 1
60 15 5846 1 1 1 1 0 1 1 1 1 1 0 0 1 1 1
61 15 8143 1 1 0 1 1 1 1 1 0 1 1 0 1 1 1
62 15 7116 1 1 0 1 1 1 1 1 0 1 1 1 1 0 1
63 15 7677 1 1 0 1 1 1 1 1 1 0 1 1 1 1 1
64 15 5918 1 1 1 1 0 1 1 1 1 0 1 1 1 1 1
65 15 6318 1 0 1 1 1 1 1 1 1 1 1 1 1 1 1
66 15 6602 1 0 1 1 1 1 1 1 0 1 1 1 1 1 1
67 15 7311 1 1 1 1 1 1 1 1 1 1 1 1 0 1 1
68 15 6561 1 0 1 1 1 1 1 1 1 1 1 1 1 0 1
69 15 6783 1 1 1 1 0 1 1 1 1 1 1 0 1 1 1
70 15 6407 1 0 1 1 1 1 1 1 1 1 1 1 1 1 0
71 15 7225 1 1 1 1 1 0 1 1 1 1 1 1 1 1 0
72 15 6128 1 1 1 1 1 1 1 0 1 1 1 1 1 0 1
73 15 5672 0 1 1 1 1 1 1 1 1 1 0 1 0 1 1
74 15 5460 0 1 0 0 1 1 1 1 1 1 1 1 1 1 1
75 15 7087 0 0 1 1 0 1 1 1 1 1 1 1 1 1 1
76 15 7734 1 1 0 0 1 1 1 1 1 0 1 1 1 1 1
77 15 6241 1 1 0 0 1 1 1 1 1 1 1 0 1 1 0
78 15 7586 1 1 1 1 1 1 1 1 1 0 1 0 1 1 1
79 15 6139 1 0 1 1 1 0 1 1 1 1 1 1 1 1 0
80 15 6779 1 1 1 1 1 1 1 1 1 1 1 1 1 1 0
81 15 6254 1 0 1 1 1 1 1 1 1 0 1 1 1 1 1
82 15 6683 1 1 1 0 1 1 1 1 1 1 1 1 1 0 0
83 15 6187 1 0 1 1 1 1 1 1 0 1 1 1 1 1 1
84 15 6580 1 1 1 1 0 1 1 1 1 1 1 0 1 1 1
85 15 6200 1 1 1 1 1 1 0 0 1 1 1 1 1 1 0
86 15 5927 1 1 1 1 1 1 0 1 1 1 1 0 1 1 1
87 15 7031 1 1 1 1 1 1 0 1 0 1 1 1 1 0 1
88 15 7870 1 0 1 1 1 1 1 1 1 1 1 1 1 1 0
89 15 6589 0 1 1 1 1 1 1 1 1 1 0 1 1 1 1
90 15 5981 1 1 1 1 1 0 1 1 0 1 1 1 1 1 1
91 15 6944 0 1 1 1 1 1 1 1 1 1 1 1 1 1 1
92 15 5287 1 1 0 1 1 1 1 1 1 1 1 1 0 1 1
93 15 6718 1 1 1 1 1 1 1 1 1 1 0 1 1 1 1
94 15 7099 1 0 0 1 1 1 1 0 1 1 1 1 1 1 1
95 15 6801 1 1 0 1 1 1 1 1 1 1 0 1 1 1 1
96 15 6450 1 0 1 1 0 1 1 1 1 1 1 1 1 1 1
97 15 9128 1 1 0 1 0 1 1 1 1 1 0 1 1 1 1
98 15 5810 0 0 1 1 1 1 1 1 1 1 1 1 0 1 1
99 15 8004 1 0 1 1 1 1 1 1 1 1 1 1 1 1 0
100 15 5793 1 1 1 1 1 1 0 1 1 1 1 1 0 1 1
