1 15 3585 0 0 0 1 0 0 0 0 1 0 1 1 1 1 1
2 15 3251 1 1 0 1 1 0 1 1 0 0 1 0 1 1 1
3 15 4648 0 0 1 1 1 0 0 0 1 1 1 1 0 1 1
4 15 3552 1 1 0 0 0 1 1 0 1 1 0 1 0 1 0
5 15 4036 1 1 1 0 0 0 1 1 1 0 1 0 1 1 0
6 15 4424 0 0 1 0 1 0 1 1 0 1 1 0 0 0 1
7 15 3336 1 1 1 0 0 1 1 1 0 0 0 1 1 1 1
8 15 4156 0 0 1 0 1 0 0 1 1 0 1 1 1 1 0
9 15 4243 1 1 0 0 1 1 1 0 1 0 0 0 0 1 1
10 15 3499 1 1 1 1 1 0 0 0 1 0 0 0 1 1 1
11 15 2955 0 1 1 0 0 1 1 1 1 0 1 1 0 0 1
12 15 3568 1 1 0 0 1 0 1 0 1 0 0 1 1 0 1
13 15 3892 0 1 0 1 1 0 0 0 0 1 0 0 0 1 1
14 15 3582 0 1 1 1 0 1 1 1 0 0 0 1 1 1 0
15 15 3556 0 0 1 1 1 0 1 1 0 0 0 0 1 1 1
16 15 4148 0 0 1 1 0 1 0 1 0 1 0 1 1 0 1
17 15 4531 1 0 0 1 0 1 0 0 1 0 1 0 1 1 1
18 15 4668 1 1 1 0 1 1 0 0 1 0 0 0 0 1 0
19 15 3822 1 1 0 0 0 1 1 1 1 1 0 0 1 0 1
20 15 4755 1 0 1 0 0 0 1 1 0 1 1 0 1 1 1
21 15 2862 1 0 1 1 1 1 0 1 1 1 0 0 0 1 0
22 15 3620 1 1 0 0 1 1 1 0 1 1 1 0 0 1 1
23 15 4062 1 1 1 0 1 1 0 1 0 0 1 0 1 0 0
24 15 3409 0 0 1 1 1 1 1 1 1 0 1 0 0 1 0
25 15 4312 0 1 0 1 1 1 1 0 0 1 1 1 0 0 0
26 15 3883 1 0 0 0 0 0 0 0 1 1 1 1 1 0 1
27 15 4191 0 0 1 0 1 1 1 0 0 0 0 0 0 1 0
28 15 3850 1 0 0 1 1 1 1 1 1 0 0 1 1 1 0
29 15 3840 1 0 0 0 0 0 1 0 1 1 1 1 1 1 0
30 15 3053 0 0 1 1 1 0 1 1 1 1 1 1 1 0 0
31 15 3903 1 0 1 1 1 1 0 0 1 1 0 0 1 0 1
32 15 3982 0 1 1 0 0 1 1 1 0 0 1 1 0 0 1
33 15 3846 0 0 1 0 1 1 1 0 1 1 1 1 1 0 0
34 15 3879 1 1 1 1 1 1 1 0 0 1 0 0 1 0 0
35 15 3428 1 1 0 0 1 1 1 0 0 0 1 0 1 0 1
36 15 3509 0 0 1 1 1 0 0 1 1 1 0 1 1 0 1
37 15 4452 0 1 1 0 1 1 1 0 1 0 1 1 0 0 1
38 15 4068 0 1 1 1 0 0 1 1 0 0 1 1 0 0 1
39 15 3857 0 0 0 0 1 1 1 1 0 1 0 1 1 1 0
40 15 3693 1 1 1 1 0 1 1 0 1 0 0 1 0 1 1
41 15 3721 1 1 1 0 1 0 1 0 0 1 1 0 1 1 1
42 15 4050 0 1 1 0 1 1 0 1 1 1 0 1 0 1 1
43 15 3999 0 1 1 0 1 0 1 0 0 1 0 0 0 0 1
44 15 4287 1 0 1 1 0 1 0 1 0 0 0 1 0 1 0
45 15 4272 1 1 1 0 1 1 0 1 1 0 1 0 0 0 0
46 15 2692 0 1 1 0 0 0 1 0 1 1 0 1 1 1 1
47 15 3715 0 1 1 1 1 1 0 0 0 0 0 1 1 1 0
48 15 2959 1 0 1 0 1 1 1 1 0 0 1 1 0 0 0
49 15 4761 1 1 0 0 1 1 1 0 0 1 0 0 1 1 0
50 15 4734 0 1 0 0 1 1 1 0 1 0 0 1 0 0 1
51 15 3030 1 0 1 0 0 1 0 1 1 0 0 1 0 1 1
52 15 3726 1 0 0 1 1 1 0 1 0 0 1 1 0 1 1
53 15 3268 0 1 1 0 1 0 0 1 1 1 1 1 0 1 0
54 15 4115 1 1 1 0 1 1 1 0 1 0 0 1 0 0 0
55 15 3827 1 0 1 1 0 1 0 0 0 1 0 1 1 0 0
56 15 3576 1 1 0 1 0 1 1 0 1 1 1 1 0 0 0
57 15 4566 1 1 1 1 1 0 0 1 0 0 1 0 0 1 1
58 15 3718 1 0 1 1 1 1 1 1 1 0 1 0 0 1 0
59 15 3852 0 0 0 1 0 1 1 0 1 1 1 1 0 0 0
60 15 3225 1 1 0 0 0 1 1 1 1 0 0 0 0 1 1
61 15 4613 1 0 0 1 1 0 0 0 0 1 1 0 1 1 0
62 15 4221 0 1 0 1 1 1 0 1 0 1 0 0 1 0 0
63 15 4380 1 1 0 0 0 1 0 1 1 1 1 0 0 1 0
64 15 3527 1 0 0 1 0 1 0 1 0 0 1 1 1 1 0
65 15 3500 0 0 0 1 0 0 1 1 1 1 1 1 1 0 1
66 15 3495 1 1 1 0 1 0 1 1 0 1 0 1 1 0 1
67 15 4114 0 1 1 1 0 1 1 1 1 1 0 0 0 1 0
68 15 3720 1 0 1 0 1 0 1 1 0 0 0 1 0 0 1
69 15 3964 1 0 1 1 0 1 0 1 0 0 1 0 1 1 1
70 15 3921 1 0 1 0 0 1 1 1 0 1 1 1 1 0 0
71 15 3999 1 1 1 1 0 1 0 1 1 0 1 1 0 0 0
72 15 3570 1 0 1 1 0 1 1 0 1 1 1 1 0 0 0
73 15 3236 0 1 1 0 1 0 1 1 1 1 0 0 1 1 0
74 15 3075 0 1 0 0 0 0 1 1 0 1 1 0 1 1 0
75 15 3962 0 0 0 0 0 1 1 1 1 0 1 1 0 1 0
76 15 4226 1 0 0 0 1 1 1 0 1 1 1 0 0 1 0
77 15 3559 0 0 0 0 1 0 0 1 1 1 1 0 1 0 0
78 15 4269 1 0 1 1 1 1 1 0 1 0 1 0 0 0 0
79 15 3589 1 0 1 0 0 0 1 1 1 1 1 0 1 0 0
80 15 3926 0 1 1 1 0 0 1 1 0 1 1 0 0 1 0
81 15 3345 1 0 1 0 1 0 1 1 1 1 1 1 0 1 0
82 15 3692 1 0 1 1 0 1 1 1 0 0 1 1 1 1 0
83 15 3360 0 0 1 0 0 1 1 1 0 0 1 1 0 1 1
84 15 3712 1 1 1 0 0 1 0 1 0 1 0 0 0 1 0
85 15 3469 1 1 0 0 0 1 0 0 1 0 0 0 1 1 0
86 15 3402 0 1 1 1 1 1 0 0 1 1 0 0 0 0 0
87 15 4074 1 0 1 1 0 1 0 0 0 0 0 1 1 0 1
88 15 4394 1 0 1 0 1 0 1 0 1 1 0 1 0 0 0
89 15 3830 0 1 1 0 0 1 1 1 1 0 0 0 1 0 1
90 15 3548 0 1 1 1 1 0 0 0 0 1 1 1 1 1 1
91 15 4031 0 1 1 0 1 1 1 0 0 1 0 1 1 1 1
92 15 2983 1 0 0 1 1 1 0 1 1 1 1 1 0 0 0
93 15 3891 1 0 0 0 1 1 1 1 1 1 0 1 0 0 1
94 15 4003 1 0 1 1 1 1 0 0 1 1 1 0 1 0 0
95 15 3990 1 0 0 1 1 1 1 0 1 1 0 1 1 1 0
96 15 3683 1 0 0 1 0 1 1 0 1 1 0 1 1 1 0
97 15 5164 1 0 0 0 0 1 1 0 1 1 0 1 0 0 1
98 15 3319 0 0 1 0 0 1 0 0 1 1 1 1 0 1 0
99 15 4431 1 0 0 1 1 0 1 1 0 1 0 0 1 1 0
100 15 3371 1 0 1 1 0 1 1 0 1 1 0 1 0 1 1
