1 15 5424 857 847 167 127 785 788 759 762 145 105 435 389 454 471 391 379 458 490 299 270 311 332 65 34 871 880 330 340 453 419
2 15 3072 23 80 172 147 260 316 471 439 326 299 147 222 45 62 139 196 802 820 351 378 300 242 39 59 258 300 250 221 257 204
3 15 3968 279 254 685 702 430 450 183 117 51 18 19 77 782 788 609 643 498 541 74 63 329 388 35 49 200 244 270 320 517 543
4 15 5432 362 369 817 813 733 753 210 227 936 936 367 364 129 176 231 163 735 743 547 574 325 378 356 410 677 687 344 323 21 48
5 15 4296 415 438 175 155 571 552 152 165 68 159 296 299 603 641 21 117 126 112 816 806 57 109 593 629 84 23 904 908 490 523
6 15 4468 370 413 647 617 194 203 669 671 370 344 472 523 212 152 216 215 200 132 521 551 179 174 156 239 290 335 386 356 704 689
7 15 3564 331 306 828 818 617 588 131 131 200 235 11 25 397 365 122 199 379 379 758 750 91 46 7 96 433 413 68 2 83 1
8 15 3810 184 112 25 4 402 375 1 58 622 600 369 427 685 716 146 96 73 71 930 930 295 343 444 396 38 90 444 458 105 100
9 15 3394 529 503 271 219 28 103 553 588 528 571 406 404 343 365 234 183 44 49 40 25 407 372 572 595 80 105 105 45 103 166
10 15 4255 586 553 277 227 203 243 203 262 69 146 683 696 61 125 406 370 134 197 768 758 214 166 344 381 75 55 704 721 592 629
11 15 4148 437 470 22 72 860 859 132 203 487 513 34 56 138 200 425 383 130 124 107 54 474 474 326 271 382 371 471 499 760 771
12 15 4635 476 506 433 487 434 480 46 70 70 87 825 834 645 625 475 427 132 193 181 220 307 273 771 769 118 36 637 606 244 312
13 15 4603 281 246 565 579 625 626 572 596 499 450 122 46 753 770 28 12 133 210 389 343 537 541 516 473 327 282 5 79 402 420
14 15 3924 308 298 85 155 629 664 406 356 314 338 570 528 244 171 226 276 308 336 31 52 10 24 10 97 353 289 485 526 926 928
15 15 2567 57 102 132 130 237 223 279 250 109 44 471 493 22 76 378 394 70 115 126 130 25 24 406 359 254 297 470 515 173 203
16 15 4238 704 732 603 580 4 72 551 549 440 493 461 438 861 862 134 89 9 81 29 94 359 306 181 248 173 221 550 539 239 231
17 15 4910 783 802 836 824 69 75 245 229 542 532 18 9 421 383 217 283 167 225 327 316 708 708 211 183 363 414 660 656 571 588
18 15 4579 50 129 517 560 347 401 106 167 617 643 151 143 36 7 423 391 265 318 468 512 298 276 844 844 576 546 573 609 453 456
19 15 4084 427 431 306 335 12 97 514 515 358 388 198 207 417 401 701 706 250 178 301 363 386 447 145 79 485 511 395 335 211 236
20 15 3984 655 661 234 216 74 90 221 151 600 611 82 134 463 435 415 359 356 316 89 31 246 178 25 27 604 571 163 210 753 738
21 15 4394 271 316 252 204 822 817 3 79 410 377 891 884 106 26 95 102 315 345 151 146 486 455 243 311 271 206 686 659 491 520
22 15 4076 542 551 575 554 12 56 538 566 292 250 326 283 469 483 358 368 695 714 288 263 23 104 85 60 534 507 27 3 331 391
23 15 3726 632 609 554 527 58 5 297 245 475 490 260 222 347 346 343 342 70 82 395 371 5 99 43 131 298 342 629 661 252 212
24 15 4680 188 116 155 219 40 128 280 247 574 613 635 603 478 457 709 687 295 276 133 53 508 474 122 155 634 666 609 642 490 490
25 15 5171 161 108 339 338 264 219 589 621 653 683 84 93 517 473 362 301 448 416 869 857 741 750 483 526 19 45 313 354 622 633
26 15 4796 861 867 280 245 351 318 586 591 603 564 188 210 316 261 626 631 318 277 456 448 226 205 136 58 177 157 275 271 597 604
27 15 4421 257 249 259 237 94 174 230 158 103 149 511 527 870 868 591 589 23 74 850 857 463 509 62 119 745 770 296 349 173 151
28 15 4851 400 340 150 223 401 347 117 62 152 136 634 617 177 202 661 649 605 628 461 471 398 371 742 737 103 17 495 509 568 603
29 15 3722 631 652 288 328 176 147 663 636 30 93 338 280 447 470 175 137 136 61 37 49 97 99 260 193 565 577 424 373 386 396
30 15 5439 29 95 443 482 335 290 628 662 817 806 157 202 132 201 404 366 917 916 822 823 86 49 472 439 538 541 568 584 451 455
31 15 4464 496 512 946 943 121 43 202 265 463 513 353 376 802 816 192 145 9 38 414 445 190 124 394 435 294 312 656 670 48 43
32 15 3204 191 148 359 304 195 151 71 15 361 368 268 245 722 720 339 381 157 147 333 323 415 387 20 87 185 229 139 74 250 193
33 15 3700 128 138 67 130 186 138 416 394 575 601 325 276 123 83 258 285 535 536 614 633 206 127 144 147 245 312 522 489 282 260
34 15 4140 111 28 325 269 272 337 473 439 443 456 49 118 663 658 142 176 312 250 206 150 283 259 117 200 908 910 856 850 16 112
35 15 5880 889 885 672 680 825 823 124 126 715 687 334 331 496 541 500 498 614 603 668 701 508 549 190 246 237 219 292 304 287 247
36 15 4135 623 597 208 219 148 208 623 655 637 640 27 55 66 65 864 856 545 530 879 874 5 47 331 383 105 34 98 187 10 14
37 15 5075 752 738 655 652 523 561 143 94 237 226 796 795 37 83 532 508 364 383 597 615 363 340 576 579 724 701 19 74 26 63
38 15 3326 523 554 143 125 266 288 627 632 142 116 55 4 876 873 194 185 4 11 275 295 336 275 43 47 414 455 21 91 239 202
39 15 5096 578 555 638 629 442 416 581 593 395 403 726 747 370 405 609 625 351 358 265 213 99 132 645 637 46 38 404 409 221 217
40 15 5967 108 184 781 780 424 406 818 804 927 928 664 655 243 293 689 689 566 536 191 221 163 222 878 876 568 593 340 310 99 73
41 15 3335 58 84 118 97 906 907 199 274 83 21 205 198 87 132 229 161 3 56 326 282 901 907 11 11 650 673 386 382 7 86
42 15 5348 648 640 277 227 292 355 218 176 927 934 565 559 406 449 740 764 517 495 525 564 518 529 186 206 127 116 736 743 4 93
43 15 5231 943 947 125 186 918 924 887 890 186 148 110 140 649 643 67 17 200 239 40 79 685 657 721 709 259 329 48 33 701 714
44 15 4765 148 175 115 94 331 283 712 712 95 120 927 926 58 86 145 136 516 525 635 638 60 92 607 627 39 18 852 838 717 695
45 15 3800 290 303 36 64 499 449 596 566 24 62 144 99 215 260 792 785 188 194 788 786 125 201 66 149 598 620 213 155 177 196
46 15 5247 462 461 873 864 432 478 607 573 97 28 303 319 714 740 353 417 327 368 395 426 308 368 434 472 583 593 554 560 117 166
47 15 4534 216 265 436 381 495 516 47 36 109 41 266 307 32 41 477 456 837 851 338 285 305 341 775 759 618 613 275 260 442 421
48 15 5854 599 579 535 533 614 599 348 313 301 247 41 112 540 567 717 712 906 914 353 355 135 174 677 655 271 248 511 525 770 778
49 15 4286 320 353 618 653 756 779 361 348 200 238 307 238 496 507 273 253 391 450 27 93 10 64 206 272 690 688 338 369 365 319
50 15 6187 241 183 920 916 727 736 332 393 224 223 821 838 212 168 542 506 763 739 876 882 964 966 423 481 136 149 516 525 37 94
51 15 3274 73 93 253 300 222 178 451 418 498 513 311 318 731 706 430 392 223 263 5 99 307 365 236 218 143 91 47 12 163 80
52 15 2795 658 638 177 188 241 259 665 684 99 184 244 235 199 152 161 132 82 107 89 25 321 317 193 268 203 237 128 183 34 122
53 15 4236 325 373 926 932 676 707 81 161 404 422 363 368 496 497 140 139 128 59 57 18 184 131 238 250 846 854 197 199 234 261
54 15 5297 745 728 263 313 102 48 580 582 631 647 149 107 587 576 457 484 377 339 196 137 566 565 88 17 172 173 948 953 761 745
55 15 3589 790 794 154 133 95 176 398 356 142 194 539 576 401 354 187 222 100 70 306 347 106 112 159 170 251 240 591 562 268 264
56 15 3379 576 582 862 875 73 110 27 99 71 153 602 611 52 117 379 400 230 267 28 8 92 51 936 938 23 104 21 67 252 297
57 15 5280 765 786 203 208 102 122 554 581 101 155 817 804 393 394 312 250 737 725 87 54 414 443 490 503 776 781 513 523 336 372
58 15 3843 43 61 772 779 580 551 35 22 3 60 229 268 544 589 698 715 68 43 508 485 107 174 196 180 72 115 829 829 120 116
59 15 3756 205 169 229 195 112 150 703 693 317 256 746 765 207 203 28 23 345 326 106 135 270 258 389 333 268 237 149 168 622 614
60 15 5373 54 10 307 376 545 584 820 820 656 677 220 161 142 84 321 366 767 751 627 619 515 520 922 916 107 166 472 512 242 291
61 15 6272 669 648 434 389 73 144 363 333 847 847 705 724 822 828 704 728 717 705 504 512 210 221 815 803 90 66 442 488 446 459
62 15 4354 158 149 906 902 294 241 98 54 550 552 660 654 702 692 161 160 342 282 603 569 74 8 496 508 84 111 201 179 114 198
63 15 6060 784 795 932 926 643 675 353 395 765 779 60 75 36 9 365 374 822 819 663 638 450 478 181 251 362 366 912 908 247 275
64 15 4754 158 109 652 651 143 203 873 882 744 725 187 134 576 541 195 180 82 45 215 224 25 90 385 370 286 357 622 627 800 789
65 15 4729 100 118 229 164 433 387 568 531 833 843 398 445 792 789 395 356 123 168 482 528 311 252 657 647 430 456 62 89 99 164
66 15 3965 471 427 310 356 782 779 427 409 420 386 70 63 2 69 911 915 38 89 449 443 388 361 196 135 75 54 107 133 311 271
67 15 4865 455 438 297 263 17 10 523 513 320 306 34 49 495 452 723 706 150 109 711 736 254 320 901 893 349 289 644 633 209 285
68 15 4942 616 614 595 613 889 885 447 425 231 228 44 79 765 747 688 719 113 164 219 270 271 237 631 636 123 130 156 214 390 384
69 15 4832 705 697 593 594 342 280 87 99 562 533 107 104 448 500 757 769 738 755 31 88 128 214 546 537 11 85 185 175 800 818
70 15 5328 24 116 115 121 231 202 532 562 952 953 610 607 418 467 311 330 976 975 234 292 195 267 917 914 423 470 370 407 352 352
71 15 4085 159 209 421 396 666 665 220 155 69 84 43 84 239 310 507 523 369 383 427 461 56 10 512 466 164 89 652 645 603 616
72 15 3601 486 507 204 142 480 449 15 33 52 86 749 757 82 26 24 47 568 600 135 55 480 440 26 62 147 96 227 206 827 818
73 15 4572 382 389 336 312 417 402 895 904 354 315 512 532 143 200 294 281 473 474 776 796 581 614 343 404 78 139 89 107 43 123
74 15 3333 389 401 44 83 169 108 8 99 131 85 478 505 530 487 425 413 141 171 99 116 87 75 310 331 498 543 50 136 808 795
75 15 4877 597 589 6 40 925 919 258 204 954 958 233 307 779 778 795 785 66 88 597 563 16 33 679 652 78 38 4 24 110 96
76 15 4716 325 388 457 504 314 344 178 246 82 167 491 526 109 67 594 594 729 737 243 298 512 535 524 519 514 467 340 405 484 474
77 15 4598 203 174 511 496 73 106 452 474 172 169 51 128 294 280 892 897 949 948 230 249 92 30 978 979 477 486 268 230 106 113
78 15 5636 724 728 599 572 631 611 739 750 460 414 452 426 55 92 99 178 853 859 26 93 31 56 166 245 798 790 588 574 824 833
79 15 3828 610 589 9 15 278 336 65 67 423 473 342 350 107 113 623 642 289 293 311 374 890 882 212 205 106 129 237 221 284 323
80 15 3960 498 513 379 357 338 296 446 413 318 273 55 116 10 36 290 233 589 599 258 315 725 739 148 232 381 361 485 488 31 37
81 15 4955 620 638 851 857 513 500 320 385 476 520 438 474 468 429 349 323 624 620 144 159 374 316 380 328 252 178 252 257 133 71
82 15 5242 823 819 72 150 31 91 202 144 200 199 801 804 164 169 860 866 932 926 245 226 613 613 385 371 477 527 710 704 38 100
83 15 4512 41 24 120 112 644 652 282 236 668 681 609 640 563 539 87 42 45 33 33 109 717 736 355 354 382 403 571 613 523 552
84 15 6244 763 772 925 923 484 435 365 400 437 427 897 904 764 766 775 780 441 408 667 662 339 282 19 12 755 767 131 166 43 100
85 15 3656 459 484 507 503 219 297 872 876 161 167 42 133 60 85 218 292 429 445 81 91 313 267 816 823 199 215 36 88 158 157
86 15 4708 568 606 689 689 74 165 472 497 446 425 780 799 981 981 2 66 424 388 659 671 114 136 74 11 381 396 55 145 166 159
87 15 3790 547 581 288 293 55 20 430 410 302 255 401 438 67 84 344 408 433 430 22 68 422 433 505 469 105 83 461 495 356 392
88 15 5066 52 27 911 914 75 17 73 94 858 858 551 596 248 199 932 938 184 111 432 424 738 713 518 526 237 178 20 38 504 530
89 15 4160 215 208 396 386 43 79 582 588 424 374 342 367 486 502 59 81 225 186 614 591 143 83 382 420 331 276 904 899 54 50
90 15 4272 25 78 173 208 789 802 110 124 268 315 565 558 680 705 245 244 361 355 550 585 344 379 433 484 127 132 483 456 188 232
91 15 4035 97 105 208 273 483 509 68 141 352 297 31 98 433 445 158 180 441 450 801 781 600 613 121 36 611 637 16 19 624 620
92 15 3728 705 716 333 302 363 414 512 520 649 661 247 178 542 497 314 267 430 445 237 287 39 88 17 44 69 57 11 77 193 215
93 15 5802 546 557 837 847 781 779 112 119 657 655 161 141 199 163 881 880 456 510 430 477 438 423 639 607 291 282 336 385 489 532
94 15 6224 654 667 239 167 148 158 8 81 964 961 899 907 511 525 789 790 500 510 763 785 35 91 169 88 776 790 333 380 992 993
95 15 4175 562 526 663 680 541 514 653 651 25 23 139 152 21 67 50 25 775 761 404 452 182 258 445 444 522 487 178 182 59 152
96 15 4108 99 165 803 804 57 85 216 279 868 869 123 147 848 860 621 657 286 283 436 434 478 501 98 14 24 1 77 116 101 120
97 15 4746 850 848 209 209 107 103 105 88 406 462 294 347 486 521 219 181 914 914 217 261 622 648 808 820 151 68 118 122 427 419
98 15 3587 70 119 921 920 301 316 281 292 296 228 27 93 201 196 253 218 1 8 780 776 185 104 43 73 212 134 770 761 143 123
99 15 4680 266 277 850 849 654 633 870 863 236 307 21 9 190 119 185 104 588 555 150 139 245 301 121 50 592 626 385 364 497 487
100 15 3902 337 366 551 517 538 573 281 229 570 559 272 243 17 112 387 363 530 568 331 346 173 153 74 23 45 139 747 769 25 89
