1 15 10177 808 812 834 826 951 956 566 530 690 700 936 934 978 979 829 824 741 760 943 949 956 956 833 823 951 952 962 963 744 725
2 15 10314 905 899 768 760 740 764 666 654 982 983 731 749 872 878 948 945 676 701 919 921 980 981 849 852 933 940 980 982 944 947
3 15 10268 701 682 981 981 789 773 785 784 719 706 990 990 659 688 994 993 945 947 817 800 976 975 599 581 1000 1000 898 893 982 980
4 15 10359 928 928 973 975 904 900 955 960 961 958 768 782 799 815 877 888 798 808 711 706 867 876 779 796 787 774 979 980 863 873
5 15 10971 925 919 977 977 931 926 913 909 906 907 849 841 973 973 948 952 996 996 734 752 882 877 967 970 775 789 968 969 970 967
6 15 10536 944 946 768 770 979 980 771 786 976 976 595 562 793 808 933 928 966 965 969 969 972 974 978 978 798 780 871 864 857 865
7 15 10960 834 846 851 857 951 946 914 918 946 950 965 964 921 921 989 990 787 808 968 968 946 942 992 993 856 845 1000 1000 780 760
8 15 10409 919 924 919 919 912 906 979 977 968 971 998 998 906 907 880 878 675 655 547 542 969 972 916 913 947 946 823 830 654 653
9 15 10856 996 996 973 975 958 956 964 964 961 957 960 961 913 913 952 947 868 856 849 860 918 919 840 830 884 879 726 729 809 805
10 15 10521 886 878 982 983 813 818 979 978 998 998 775 769 865 853 824 820 726 725 941 945 939 933 800 786 998 998 863 861 763 779
11 15 10487 898 888 991 990 972 974 843 850 989 989 961 963 911 910 713 726 550 554 983 982 959 960 607 634 953 953 798 815 981 980
12 15 10521 768 771 862 851 815 803 952 955 985 984 985 984 877 877 953 951 996 996 918 917 811 824 378 335 919 916 937 933 996 996
13 15 10741 896 888 844 849 894 887 888 884 982 983 975 976 858 855 859 855 946 943 948 953 807 805 997 997 980 982 935 928 618 632
14 15 10404 729 747 928 927 883 880 858 848 994 995 801 786 971 970 960 957 961 959 815 819 874 873 876 885 899 904 636 652 820 827
15 15 10550 646 638 934 929 863 865 801 810 886 883 906 909 976 979 941 943 857 849 790 777 935 930 903 905 824 828 996 996 930 934
16 15 10632 906 906 954 949 786 796 969 968 932 938 726 720 824 836 960 957 951 947 912 911 747 738 956 954 958 958 760 774 950 950
17 15 10115 866 875 991 991 636 610 730 713 792 813 829 813 777 777 985 985 939 936 1000 1000 865 867 748 763 694 719 954 953 838 822
18 15 10363 760 766 984 986 798 807 893 884 873 863 944 941 767 775 951 946 827 826 738 756 829 829 960 958 948 946 799 811 883 894
19 15 10821 928 931 930 922 939 936 973 972 909 905 714 727 899 901 882 893 799 804 934 932 941 944 966 966 998 998 919 923 796 787
20 15 10744 889 894 739 748 845 856 973 972 949 945 975 973 1000 1000 924 924 938 935 758 779 873 883 759 775 965 964 883 889 960 957
21 15 10313 832 828 813 798 917 919 843 841 768 787 870 869 694 685 855 856 952 948 743 723 947 945 939 936 821 805 965 964 933 927
22 15 10388 995 995 843 834 850 851 919 915 832 838 433 383 762 765 945 940 902 909 837 822 999 999 933 938 971 971 846 852 919 918
23 15 10408 747 769 987 987 888 894 782 797 948 950 666 693 973 972 970 969 990 990 977 975 973 973 886 886 583 617 798 799 842 852
24 15 10872 932 933 958 955 762 784 799 809 949 951 977 978 721 706 924 928 898 900 961 958 923 928 912 914 958 961 957 959 959 961
25 15 10888 837 837 866 875 759 772 914 913 993 994 928 934 995 995 985 985 997 997 891 889 823 837 919 926 846 855 892 887 965 963
26 15 10361 661 694 958 955 703 692 978 978 950 954 993 992 695 665 836 851 967 966 852 846 707 733 946 943 970 971 835 851 901 904
27 15 10430 932 932 659 664 894 894 957 953 895 897 966 963 991 990 620 607 950 949 729 710 917 916 923 919 857 860 999 999 749 751
28 15 10720 929 935 970 972 909 915 801 801 784 785 979 978 960 960 914 906 896 889 807 797 847 839 732 743 959 963 941 943 973 971
29 15 9920 920 921 827 836 843 843 733 742 555 538 922 924 887 890 927 922 919 926 946 951 835 833 557 515 594 602 986 986 949 947
30 15 10402 817 800 999 999 740 760 854 841 871 874 790 776 733 750 949 947 891 884 949 950 874 875 912 907 751 747 970 972 903 896
31 15 10960 962 960 990 990 808 813 961 959 1000 1000 916 918 929 927 993 992 641 669 832 816 959 955 853 839 940 936 941 941 976 976
32 15 10671 980 981 951 950 819 836 898 906 942 948 900 905 897 894 967 967 755 779 896 894 967 969 782 771 961 962 780 799 844 833
33 15 10074 850 835 883 883 800 798 801 789 958 960 858 854 980 979 689 689 867 880 922 920 925 927 450 408 984 986 670 677 956 952
34 15 10992 928 931 976 978 919 925 954 956 1000 1000 944 948 774 795 969 969 871 871 900 907 982 984 966 964 820 815 804 820 934 938
35 15 11035 906 907 978 979 745 724 946 942 844 854 905 902 945 946 984 983 958 954 997 996 861 860 939 945 989 990 851 837 946 947
36 15 9988 899 893 899 903 884 878 634 604 752 740 998 998 893 895 733 721 652 634 975 973 976 977 663 668 749 737 805 824 973 974
37 15 10372 954 950 774 774 903 910 904 899 820 829 857 851 802 816 908 912 919 924 846 841 673 673 783 763 924 917 931 927 967 964
38 15 10378 934 930 918 911 704 698 844 855 644 676 751 736 725 705 898 895 920 918 987 987 902 910 904 908 997 997 858 862 987 988
39 15 10640 834 829 780 783 931 936 801 797 866 873 928 927 987 988 923 925 898 898 777 782 667 647 987 988 941 938 996 997 984 985
40 15 10399 809 800 827 818 725 720 919 915 857 849 958 962 968 965 968 970 966 964 889 894 903 895 863 872 818 833 729 742 800 791
41 15 10400 757 778 970 970 977 976 939 934 538 508 951 953 826 832 789 769 942 942 986 987 897 887 984 982 684 668 869 861 891 895
42 15 10580 950 950 971 970 979 978 981 982 990 991 837 834 738 745 958 960 995 995 900 907 905 902 856 849 616 609 916 916 633 654
43 15 10715 829 821 748 745 809 815 909 905 867 867 793 777 989 989 994 994 999 999 912 917 728 735 986 987 904 895 932 936 995 995
44 15 10660 975 974 965 967 983 981 974 976 909 905 849 840 795 792 779 758 996 995 870 860 804 823 840 828 901 896 741 758 945 944
45 15 10076 879 875 762 768 665 679 900 901 936 932 909 902 924 927 750 727 689 720 976 976 818 832 961 963 765 776 881 882 781 782
46 15 9996 800 782 763 782 721 745 989 990 550 579 789 783 993 993 587 571 826 837 840 854 938 937 840 849 985 984 892 895 982 982
47 15 10040 876 878 861 856 685 669 937 934 779 795 442 461 912 921 971 972 610 584 871 865 852 854 974 974 821 815 984 984 975 972
48 15 10668 954 957 539 529 638 638 994 994 925 924 949 952 975 975 959 963 828 838 978 977 947 944 942 937 952 952 774 765 981 980
49 15 10327 977 976 868 857 880 871 976 979 971 973 697 669 924 924 852 854 770 778 716 714 870 879 967 963 818 828 902 895 721 748
50 15 10839 926 925 970 967 812 814 986 986 920 919 866 865 797 780 954 951 896 886 966 967 786 787 884 885 843 828 966 964 977 979
51 15 10756 868 858 963 965 993 993 927 924 979 978 830 815 828 831 669 691 841 829 972 972 927 925 983 982 962 960 998 998 706 695
52 15 10264 538 512 908 905 876 879 806 816 936 937 986 987 986 988 827 838 932 933 859 846 768 749 982 983 881 884 560 586 986 987
53 15 10390 990 989 915 921 944 949 996 997 733 759 919 914 708 694 920 914 803 801 762 746 890 884 880 870 702 675 941 941 885 887
54 15 10912 994 995 955 956 851 850 761 771 797 784 977 975 905 897 934 934 817 802 972 971 958 958 971 969 961 958 814 804 973 974
55 15 10831 967 971 902 899 977 976 997 997 950 950 977 980 795 778 925 924 969 968 846 842 739 756 953 949 570 540 999 999 973 973
56 15 10376 856 860 897 893 944 942 881 869 966 969 544 547 813 807 940 936 966 963 891 896 987 987 595 586 845 842 887 877 959 957
57 15 10814 901 907 928 922 963 961 952 953 991 991 671 647 857 860 877 865 973 974 958 960 993 993 780 785 854 857 891 892 929 923
58 15 11064 1000 1000 977 977 930 936 855 850 744 740 933 935 987 987 937 942 993 992 958 959 946 943 998 998 735 720 841 855 996 997
59 15 10362 815 813 789 795 968 971 951 952 731 741 960 960 984 984 936 931 855 866 888 888 733 710 935 937 839 839 587 582 982 983
60 15 10172 724 735 833 840 674 655 739 733 922 926 722 708 909 909 953 957 946 943 952 954 991 991 846 855 926 930 780 777 799 797
61 15 10791 893 892 969 966 775 793 941 937 872 871 811 822 970 969 938 939 974 976 914 916 903 905 940 942 650 640 961 962 978 978
62 15 10335 828 827 708 723 908 911 853 839 774 787 931 927 818 803 994 994 941 936 660 681 784 774 795 798 1000 1000 996 995 929 924
63 15 9808 871 870 806 798 994 995 944 943 698 700 891 880 974 973 829 832 736 750 585 611 990 989 507 547 550 567 941 945 944 939
64 15 10697 972 971 986 986 822 823 712 696 851 838 975 973 957 956 929 927 917 917 950 951 820 828 859 860 748 751 894 893 980 979
65 15 10918 625 601 976 977 865 875 960 960 868 869 946 950 959 959 846 834 999 999 923 931 962 960 996 996 977 977 969 966 777 783
66 15 11039 966 964 734 743 925 930 901 895 928 929 908 901 994 995 975 976 923 924 925 920 977 976 872 877 994 994 809 822 968 971
67 15 10322 958 960 900 892 619 606 964 965 745 731 991 991 936 942 734 734 917 921 829 830 810 803 925 918 936 934 896 906 743 729
68 15 10271 828 839 946 949 992 992 963 966 936 935 851 858 537 493 963 965 897 889 935 936 526 486 655 629 990 990 982 982 838 853
69 15 10848 852 841 852 852 992 992 934 937 942 943 900 890 958 956 854 856 853 840 899 898 853 849 894 891 877 890 907 904 994 994
70 15 10848 607 615 830 843 996 996 944 938 822 814 916 924 989 988 963 963 1000 1000 960 961 859 852 973 975 862 864 863 875 977 979
71 15 10344 988 989 922 929 839 845 916 921 765 765 993 993 778 782 782 798 954 954 561 585 957 958 957 960 979 981 999 999 540 570
72 15 10362 951 955 994 993 864 854 799 791 884 895 821 838 920 917 976 976 886 891 847 844 844 840 811 816 586 567 966 964 804 819
73 15 10341 876 873 660 671 845 840 802 807 885 879 956 953 893 895 960 962 914 908 979 978 665 666 973 972 749 772 934 937 836 848
74 15 10885 941 946 981 979 972 975 871 878 984 986 897 901 731 757 712 723 963 964 996 995 973 975 786 787 975 973 994 994 831 838
75 15 10539 766 789 868 879 704 730 820 833 901 897 976 976 991 992 910 908 929 931 994 994 814 805 896 891 777 773 856 851 972 971
76 15 10520 725 730 983 983 977 976 853 849 994 994 780 771 984 983 739 761 777 791 771 753 886 878 905 912 972 972 852 849 953 950
77 15 10797 994 995 859 855 647 615 902 908 832 834 950 947 972 974 934 939 948 947 777 765 919 911 901 909 970 968 928 935 964 963
78 15 10352 755 739 828 823 797 784 983 985 925 925 727 739 989 989 974 972 834 825 894 890 613 628 982 981 834 825 936 937 870 870
79 15 9716 540 526 909 913 974 972 589 576 851 862 541 532 935 932 623 648 961 963 910 912 960 963 601 593 944 943 912 908 895 895
80 15 10712 989 988 977 979 803 791 983 984 914 910 684 656 892 888 955 953 992 993 810 818 665 671 734 720 1000 1000 995 995 998 998
81 15 9980 760 776 879 889 865 860 911 915 533 550 750 726 636 664 763 766 935 930 871 875 888 894 845 837 895 901 955 955 990 990
82 15 10344 923 924 847 844 893 885 927 932 728 752 891 897 874 886 769 759 690 720 780 779 764 777 911 910 997 997 969 970 968 966
83 15 10158 980 979 875 875 579 597 614 612 935 931 688 717 974 973 784 779 815 798 976 976 997 998 943 938 843 839 896 895 799 787
84 15 10653 938 938 798 787 918 912 981 982 972 975 943 948 975 974 797 804 764 783 783 794 969 967 835 848 718 744 975 976 951 947
85 15 10587 962 959 930 928 908 907 877 865 775 753 782 786 983 985 791 776 970 967 869 856 956 960 826 831 824 817 889 897 892 894
86 15 10405 899 900 922 916 881 872 684 673 890 890 955 954 973 973 725 703 659 633 943 946 902 899 820 819 937 934 999 999 818 830
87 15 10989 932 925 967 969 763 740 962 962 964 963 954 954 921 916 848 852 855 855 1000 1000 872 877 986 987 896 900 903 912 914 916
88 15 10655 801 807 807 819 948 953 859 849 899 894 997 997 933 929 863 870 985 985 606 603 937 934 968 969 922 920 884 890 910 906
89 15 10729 967 967 935 932 934 936 939 939 743 746 974 976 958 957 921 929 819 811 827 833 585 560 990 989 987 987 974 976 859 863
90 15 10430 734 717 979 978 919 912 907 908 851 858 768 745 943 944 916 920 660 684 992 993 979 979 927 931 812 823 770 770 881 890
91 15 10438 883 894 967 966 902 897 973 972 640 648 771 756 770 790 854 868 893 889 849 853 770 772 932 929 914 916 939 940 991 991
92 15 10571 894 887 775 753 969 970 775 760 962 959 930 936 910 918 800 789 893 884 918 912 848 856 752 773 954 952 898 893 936 937
93 15 10282 994 994 859 864 872 877 968 971 870 867 920 919 943 945 871 867 848 859 507 469 731 717 971 972 718 734 977 975 804 810
94 15 10188 813 812 985 985 593 599 981 981 985 986 766 776 911 918 977 978 900 905 761 770 857 859 994 995 758 768 902 894 552 568
95 15 10509 992 991 906 899 960 956 847 852 609 628 896 894 971 974 819 823 896 894 931 936 930 927 954 952 791 781 785 804 850 858
96 15 10288 936 931 388 446 951 952 946 944 805 815 899 896 906 899 828 817 885 882 817 820 908 906 950 951 974 972 728 716 939 935
97 15 10822 958 957 996 996 967 969 794 810 971 970 976 977 962 964 593 595 814 797 925 924 989 990 880 877 981 980 723 699 999 999
98 15 10124 970 968 884 882 712 686 771 780 904 905 910 906 503 510 744 760 814 806 870 881 951 955 988 988 777 779 938 940 920 917
99 15 10764 869 866 707 682 998 998 884 893 826 833 995 995 863 856 966 968 786 794 947 948 914 916 966 965 768 787 982 983 984 984
100 15 10700 946 945 733 759 596 635 894 893 985 984 997 997 980 979 870 874 973 975 991 991 962 961 808 799 967 968 675 656 999 999
