1 15 10134 808 812 834 826 856 849 566 530 731 730 936 934 978 979 829 824 741 760 943 949 956 956 833 823 951 952 962 963 744 725
2 15 10340 905 899 768 760 740 764 666 654 982 983 731 749 904 910 948 945 676 701 919 921 980 981 849 852 933 940 980 982 944 947
3 15 10268 701 682 981 981 789 773 785 784 719 706 990 990 659 688 994 993 945 947 817 800 976 975 599 581 1000 1000 898 893 982 980
4 15 10359 928 928 973 975 904 900 955 960 961 958 768 782 799 815 877 888 798 808 711 706 867 876 779 796 787 774 979 980 863 873
5 15 10211 925 919 768 747 724 725 568 609 931 926 869 878 913 918 913 909 906 907 849 841 973 973 948 952 996 996 599 612 882 877
6 15 10696 775 789 968 969 970 967 991 991 944 946 768 770 979 980 771 786 976 976 595 562 793 808 933 928 966 965 969 969 972 974
7 15 10843 909 917 978 978 798 780 871 864 857 865 983 983 834 846 851 857 951 946 914 918 946 950 965 964 921 921 989 990 787 808
8 15 10636 946 942 992 993 856 845 1000 1000 780 760 919 919 912 906 670 671 968 971 998 998 906 907 880 878 675 655 824 826 969 972
9 15 10756 947 946 823 830 654 653 749 769 996 996 973 975 958 956 964 964 961 957 960 961 913 913 952 947 868 856 849 860 879 884
10 15 10164 918 919 840 830 884 879 726 729 809 805 982 982 983 984 982 983 415 421 979 978 998 998 775 769 865 853 824 820 726 725
11 15 10587 742 734 907 915 939 933 800 786 998 998 863 861 763 779 653 642 898 888 991 990 972 974 843 850 989 989 961 963 915 912
12 15 9879 911 910 713 726 550 554 863 870 880 870 983 982 959 960 809 798 992 993 607 634 626 639 798 815 981 980 862 851 815 803
13 15 10032 813 832 952 955 689 661 795 781 718 709 884 895 985 984 985 984 744 727 953 951 996 996 918 917 811 824 378 335 919 916
14 15 10140 974 972 937 933 996 996 888 894 896 888 844 849 821 835 888 884 535 517 277 217 982 983 975 976 858 855 859 855 946 943
15 15 10214 780 799 948 953 807 805 997 997 665 634 958 955 980 982 935 928 736 717 902 906 618 632 902 899 729 747 928 927 883 880
16 15 10240 737 730 914 906 685 716 858 848 994 995 801 786 971 970 960 957 961 959 815 819 874 873 876 885 899 904 636 652 820 827
17 15 10473 646 638 934 929 863 865 801 810 953 952 906 909 976 979 941 943 763 778 962 960 857 849 790 777 935 930 941 946 824 828
18 15 10676 905 909 996 996 930 934 954 949 786 796 969 968 932 938 726 720 824 836 960 957 790 782 912 911 747 738 956 954 958 958
19 15 9988 950 950 974 971 636 610 730 713 792 813 829 813 777 777 985 985 939 936 1000 1000 865 867 748 763 694 719 729 704 838 822
20 15 10208 760 766 984 986 680 677 808 826 798 807 893 884 873 863 944 941 767 775 951 946 827 826 738 756 829 829 960 958 948 946
21 15 10316 859 867 662 683 937 936 799 811 883 894 869 879 928 931 930 922 939 936 973 972 909 905 714 727 749 764 846 838 899 901
22 15 10700 900 906 934 932 941 944 966 966 998 998 772 784 997 997 904 908 796 787 772 761 889 894 739 748 845 856 973 972 949 945
23 15 10460 802 783 975 973 1000 1000 924 924 835 849 758 779 873 883 759 775 965 964 883 889 960 957 813 798 917 919 843 841 768 787
24 15 10258 840 840 855 856 952 948 743 723 947 945 939 936 821 805 965 964 933 927 843 834 850 851 919 915 832 838 622 617 762 765
25 15 10589 690 663 817 820 902 909 837 822 999 999 933 938 971 971 846 852 919 918 987 987 792 812 926 919 888 894 782 797 948 950
26 15 10062 981 980 970 969 990 990 977 975 973 973 886 886 583 617 631 653 842 852 958 955 762 784 666 655 949 951 977 978 433 475
27 15 10691 721 706 975 976 854 845 732 709 965 962 924 928 898 900 961 958 923 928 912 914 958 961 957 959 959 961 866 875 759 772
28 15 11189 902 904 914 913 954 958 928 934 995 995 953 949 984 984 985 985 923 916 891 889 936 940 919 926 846 855 892 887 965 963
29 15 10361 661 694 958 955 703 692 978 978 950 954 993 992 695 665 836 851 967 966 852 846 707 733 946 943 970 971 835 851 901 904
30 15 10335 932 932 659 664 894 894 957 953 895 897 966 963 683 662 946 949 991 990 620 607 950 949 729 710 917 916 923 919 857 860
31 15 10308 470 429 999 999 749 751 868 859 929 935 970 972 909 915 801 801 731 746 979 978 960 960 881 880 775 772 968 965 896 889
32 15 10396 994 995 807 797 847 839 879 875 870 875 958 960 959 963 941 943 973 971 827 836 843 843 733 742 555 538 922 924 887 890
33 15 10080 919 926 946 951 835 833 557 515 594 602 986 986 896 894 686 665 817 800 999 999 740 760 958 954 942 943 854 841 871 874
34 15 10108 811 819 790 776 733 750 949 947 891 884 949 950 874 875 912 907 751 747 933 939 903 896 919 915 572 569 687 665 962 960
35 15 10978 984 982 990 990 808 813 961 959 1000 1000 916 918 929 927 993 992 641 669 832 816 959 955 853 839 940 936 941 941 976 976
36 15 10668 976 975 951 950 819 836 898 906 942 948 900 905 897 894 967 967 755 779 896 894 967 969 782 771 961 962 780 799 844 833
37 15 9202 850 835 883 883 652 624 720 724 800 798 801 789 275 213 858 854 980 979 689 689 756 774 880 871 925 927 450 408 984 986
38 15 11162 956 952 994 994 928 931 976 978 919 925 954 956 1000 1000 944 948 774 795 969 969 871 871 900 907 982 984 966 964 820 815
39 15 10848 934 938 629 608 906 907 978 979 745 724 946 942 844 854 905 902 945 946 984 983 958 954 997 996 861 860 939 945 989 990
40 15 10444 938 939 886 893 946 947 990 991 899 893 899 903 884 878 634 604 752 740 998 998 893 895 733 721 652 634 975 973 976 977
41 15 9789 749 737 805 824 663 676 601 569 902 895 774 774 903 910 904 899 820 829 857 851 817 816 813 814 802 816 908 912 919 924
42 15 9762 905 908 846 841 673 673 468 501 933 934 783 763 924 917 931 927 967 964 729 748 934 930 918 911 704 698 844 855 644 676
43 15 10188 725 705 898 895 920 918 987 987 902 910 904 908 644 642 795 792 688 719 858 862 987 988 883 891 834 829 780 783 931 936
44 15 10373 866 873 928 927 834 838 923 925 671 653 777 782 715 727 916 916 667 647 987 988 941 938 996 997 984 985 953 951 809 800
45 15 10373 936 940 827 818 899 903 919 915 857 849 958 962 968 965 968 970 966 964 556 536 903 895 863 872 818 833 729 742 800 791
46 15 9982 757 778 970 970 977 976 930 923 792 812 939 934 538 508 951 953 826 832 789 769 458 503 986 987 897 887 984 982 684 668
47 15 10379 891 895 971 970 979 978 981 982 990 991 803 797 738 745 958 960 995 995 900 907 747 764 856 849 616 609 916 916 633 654
48 15 10236 829 821 748 745 809 815 909 905 511 530 817 818 867 867 793 777 989 989 994 994 999 999 912 917 728 735 986 987 904 895
49 15 10604 766 772 955 953 641 634 932 936 995 995 965 967 983 981 974 976 909 905 849 840 795 792 779 758 996 995 754 737 963 963
50 15 9972 804 823 840 828 901 896 741 758 945 944 957 961 879 875 626 645 665 679 900 901 936 932 909 902 924 927 750 727 689 720
51 15 9968 818 832 761 766 955 958 961 963 765 776 965 962 860 858 642 669 781 782 763 782 721 745 989 990 550 579 937 937 993 993
52 15 9905 826 837 840 854 938 937 840 849 985 984 892 895 642 660 927 922 876 878 861 856 685 669 937 934 779 795 442 461 912 921
53 15 9988 532 502 971 972 610 584 871 865 852 854 974 974 821 815 984 984 975 972 845 843 954 957 539 529 638 638 994 994 925 924
54 15 11130 975 975 959 963 828 838 978 977 947 944 942 937 952 952 875 871 981 980 804 808 977 976 868 857 880 871 976 979 971 973
55 15 10366 924 924 852 854 770 778 892 899 870 879 646 653 818 828 902 895 900 906 975 974 721 748 970 967 812 814 986 986 920 919
56 15 10299 894 891 866 865 797 780 954 951 896 886 966 967 674 667 884 885 939 938 979 978 783 768 678 705 843 828 966 964 755 767
57 15 10530 781 790 963 965 993 993 927 924 748 766 834 820 979 978 830 815 828 831 669 691 841 829 972 972 927 925 983 982 888 880
58 15 10438 962 960 998 998 701 674 908 905 876 879 806 816 936 937 541 572 962 964 986 987 986 988 827 838 932 933 859 846 768 749
59 15 10088 881 884 560 586 986 987 823 815 990 989 915 921 944 949 996 997 733 759 700 698 708 694 920 914 803 801 762 746 890 884
60 15 10708 834 841 941 941 885 887 805 816 994 995 955 956 851 850 761 771 797 784 977 975 905 897 934 934 817 802 972 971 958 958
61 15 10656 961 958 814 804 973 974 730 748 967 971 762 762 977 976 997 997 950 950 977 980 631 609 892 894 795 778 925 924 969 968
62 15 10450 739 756 953 949 570 540 999 999 973 973 897 893 944 942 881 869 966 969 544 547 813 807 940 936 966 963 891 896 987 987
63 15 10561 977 978 595 586 845 842 887 877 959 957 826 840 901 907 928 922 963 961 952 953 991 991 671 647 857 860 877 865 973 974
64 15 10615 909 905 942 941 997 997 958 960 993 993 780 785 703 724 891 892 688 679 973 974 929 923 977 977 930 936 855 850 744 740
65 15 11019 987 987 937 942 993 992 958 959 946 943 998 998 735 720 841 855 996 997 789 795 968 971 951 952 731 741 960 960 984 984
66 15 9863 980 980 936 931 734 751 888 888 733 710 935 937 839 839 581 563 962 965 587 582 982 983 960 962 705 681 833 840 674 655
67 15 10272 922 926 818 820 981 980 500 532 909 909 953 957 946 943 952 954 991 991 834 829 573 565 956 956 926 930 780 777 799 797
68 15 10396 893 892 969 966 818 822 806 814 775 793 941 937 872 871 811 822 791 780 938 939 974 976 914 916 903 905 940 942 650 640
69 15 10252 840 856 961 962 978 978 849 845 816 803 708 723 908 911 853 839 774 787 931 927 818 803 994 994 941 936 660 681 784 774
70 15 9959 572 537 795 798 1000 1000 996 995 929 924 806 798 994 995 932 931 698 700 891 880 974 973 829 832 736 750 585 611 712 705
71 15 9836 990 989 507 547 625 617 945 942 550 567 941 945 944 939 519 496 972 971 986 986 822 823 712 696 851 838 975 973 957 956
72 15 10698 702 731 929 927 917 917 950 951 820 828 859 860 748 751 894 893 980 979 976 977 865 875 960 960 868 869 946 950 959 959
73 15 10256 999 999 399 363 971 974 923 931 974 976 996 996 977 977 750 743 777 783 792 802 635 659 873 879 925 930 901 895 928 929
74 15 10147 994 995 473 442 923 924 925 920 977 976 872 877 994 994 809 822 968 971 693 719 828 828 900 892 619 606 964 965 745 731
75 15 9977 955 958 819 825 980 981 991 991 936 942 734 734 409 364 943 945 680 649 829 830 810 803 727 745 798 792 925 918 936 934
76 15 9580 583 591 896 906 743 729 900 896 828 839 376 381 991 991 946 949 992 992 665 657 769 760 963 966 936 935 851 858 537 493
77 15 10557 897 889 935 936 526 486 655 629 990 990 982 982 838 853 944 945 852 841 852 852 992 992 934 937 942 943 900 890 958 956
78 15 10556 806 796 899 898 853 849 894 891 877 890 907 904 994 994 991 991 607 615 830 843 996 996 944 938 822 814 916 924 860 852
79 15 10852 989 988 963 963 1000 1000 960 961 859 852 973 975 862 864 873 864 805 809 863 875 977 979 922 929 839 845 916 921 765 765
80 15 9992 778 782 782 798 954 954 561 585 910 907 957 960 979 981 999 999 540 570 994 993 864 854 799 791 658 676 832 837 884 895
81 15 9996 752 758 821 838 920 917 976 976 886 891 847 844 844 840 811 816 586 567 966 964 804 819 902 900 876 873 660 671 845 840
82 15 10640 924 917 802 807 883 883 947 942 885 879 956 953 893 895 960 962 914 908 979 978 665 666 973 972 749 772 934 937 836 848
83 15 10885 941 946 981 979 972 975 871 878 984 986 897 901 731 757 712 723 963 964 996 995 973 975 786 787 975 973 994 994 831 838
84 15 10421 766 789 868 879 704 730 820 833 901 897 976 976 991 992 910 908 929 931 847 862 814 805 896 891 777 773 856 851 972 971
85 15 10537 725 730 983 983 977 976 853 849 754 733 903 907 994 994 780 771 984 983 739 761 777 791 940 943 886 878 905 912 972 972
86 15 9597 604 581 564 533 953 950 859 855 647 615 733 754 832 834 950 947 972 974 852 842 541 538 846 832 948 947 777 765 919 911
87 15 10878 871 876 901 909 970 968 676 693 996 996 928 935 964 963 985 984 875 882 983 985 925 925 727 739 989 989 974 972 834 825
88 15 9808 993 993 866 858 613 628 982 981 834 825 936 937 870 870 827 832 540 526 909 913 974 972 589 576 851 862 541 532 935 932
89 15 10325 811 801 623 648 903 899 852 865 961 963 896 885 974 972 910 912 960 963 601 593 944 943 797 799 895 895 977 979 803 791
90 15 9704 914 910 684 656 892 888 955 953 992 993 810 818 796 803 859 849 665 671 734 720 638 648 551 568 1000 1000 995 995 645 644
91 15 10171 998 998 879 889 865 860 911 915 533 550 750 726 636 664 763 766 935 930 871 875 888 894 845 837 895 901 955 955 990 990
92 15 10344 923 924 847 844 893 885 927 932 728 752 891 897 874 886 769 759 690 720 780 779 764 777 911 910 997 997 969 970 968 966
93 15 10068 980 979 875 875 579 597 739 721 843 836 614 612 935 931 688 717 974 973 784 779 815 798 976 976 997 998 943 938 843 839
94 15 10312 960 956 896 895 799 787 916 919 548 523 819 832 649 643 779 772 938 938 798 787 918 912 981 982 972 975 943 948 975 974
95 15 10093 907 906 564 545 764 783 796 779 861 865 783 794 969 967 835 848 641 663 876 867 797 814 975 976 951 947 936 937 962 959
96 15 10476 908 907 877 865 775 753 782 786 944 940 809 810 983 985 791 776 970 967 869 856 956 960 826 831 824 817 889 897 892 894
97 15 10439 899 900 964 960 881 872 684 673 890 890 955 954 973 973 725 703 659 633 943 946 902 899 820 819 937 934 999 999 818 830
98 15 10876 932 925 967 969 763 740 962 962 964 963 954 954 921 916 848 852 855 855 1000 1000 872 877 940 943 735 717 986 987 896 900
99 15 10216 914 916 777 790 494 464 702 694 948 953 859 849 899 894 997 997 933 929 863 870 985 985 925 932 932 929 606 603 937 934
100 15 10424 922 920 884 890 910 906 996 996 967 967 935 932 934 936 939 939 743 746 691 685 958 957 921 929 819 811 827 833 585 560
