1 15 6244 144 88 452 401 595 563 259 228 586 594 242 253 856 849 901 904 977 975 89 139 547 562 470 438 486 443 401 352 800 800
2 15 7800 690 700 936 934 130 191 671 676 548 520 640 616 937 941 829 824 294 328 530 501 675 662 854 867 956 956 862 872 199 271
3 15 6398 592 579 72 99 634 649 248 318 477 503 454 482 691 704 813 811 744 725 543 568 722 713 198 174 905 899 768 760 137 149
4 15 8181 682 698 666 654 982 983 219 241 392 445 503 545 927 926 672 701 966 964 575 598 774 755 839 843 484 513 773 790 773 754
5 15 5723 639 643 184 170 161 104 754 749 887 894 605 574 476 519 558 570 692 715 399 355 733 738 63 147 266 286 454 486 283 308
6 15 7806 890 891 919 921 646 634 171 183 809 799 343 356 502 550 751 769 586 603 826 821 430 405 849 852 933 940 705 706 398 454
7 15 5432 875 873 185 140 300 261 408 460 319 375 859 847 301 329 97 135 511 543 379 383 841 855 354 298 807 809 332 336 223 243
8 15 7373 295 253 981 981 789 773 785 784 801 783 480 512 822 820 845 860 711 729 615 596 237 206 406 457 890 893 498 465 62 40
9 15 5491 119 173 870 870 423 416 701 694 719 706 119 206 300 246 263 248 622 622 243 217 348 402 296 365 340 287 568 552 933 928
10 15 5620 852 845 817 800 34 126 313 327 15 64 801 821 324 363 379 343 632 666 356 293 332 369 316 382 855 846 928 928 71 77
11 15 6680 781 784 348 409 602 624 557 569 896 895 386 427 472 443 321 352 194 217 592 566 591 563 884 893 473 521 595 594 658 670
12 15 6595 590 628 188 147 524 524 961 958 420 413 119 136 291 275 912 911 768 782 362 415 697 721 799 815 789 785 100 135 724 704
13 15 7380 826 839 798 808 798 812 932 938 318 347 55 138 935 936 39 7 820 826 867 876 233 202 787 774 657 676 926 924 235 173
14 15 6036 297 338 409 463 192 114 280 228 135 96 626 648 909 909 751 763 358 418 349 288 576 545 871 870 894 887 182 104 716 723
15 15 6451 675 648 619 613 530 555 241 275 105 49 779 759 977 977 908 901 621 622 365 420 317 329 176 217 356 319 526 482 869 878
16 15 6720 925 925 737 758 694 680 230 224 307 360 904 905 913 909 812 802 262 208 665 692 228 160 381 377 376 376 465 457 502 454
17 15 6766 659 683 67 130 973 973 868 880 612 583 464 468 485 439 674 652 280 351 687 666 873 886 599 612 530 497 428 455 259 321
18 15 6631 882 877 967 970 595 561 344 369 431 377 256 294 358 393 693 706 970 967 268 209 82 96 991 992 648 614 516 555 288 282
19 15 4892 75 97 281 334 714 729 24 67 587 580 577 600 134 102 112 134 386 439 676 652 907 900 495 523 976 976 135 151 37 84
20 15 7244 793 808 237 242 828 834 552 590 297 362 398 361 997 996 839 834 480 484 969 969 288 220 540 567 134 125 866 856 837 835
21 15 6045 336 379 828 838 451 436 762 760 390 426 218 287 766 751 256 320 457 461 500 526 18 44 387 382 348 310 857 865 983 983
22 15 8303 991 991 716 696 909 912 834 846 674 669 293 292 197 244 720 709 658 630 900 897 341 333 430 454 851 857 951 946 914 918
23 15 7348 909 902 946 950 654 683 895 902 384 425 850 849 140 198 920 914 355 357 578 554 736 755 533 572 703 694 157 154 425 385
24 15 7079 128 99 771 765 522 529 298 326 316 333 948 947 931 936 458 433 502 500 508 537 643 660 803 805 584 572 469 467 968 968
25 15 6889 751 727 700 727 615 653 142 203 226 166 724 741 646 637 994 994 516 541 606 566 157 78 555 584 658 647 322 335 1000 1000
26 15 7120 927 928 780 760 401 417 919 924 622 625 217 238 919 919 648 677 123 168 432 410 670 671 397 348 838 847 248 202 759 769
27 15 6190 749 733 179 158 998 998 879 880 221 167 188 217 895 885 352 405 346 370 472 509 480 481 82 129 730 705 772 763 395 396
28 15 7129 794 792 369 352 667 689 426 398 989 990 463 494 709 692 675 655 532 545 125 128 824 826 643 649 306 347 713 703 677 708
29 15 5681 916 913 467 436 278 347 22 55 378 372 187 118 197 219 943 940 704 682 526 540 741 727 107 115 737 743 654 653 245 204
30 15 8732 658 658 931 932 532 542 18 97 996 996 416 359 958 956 964 964 812 796 938 940 749 735 540 533 642 635 801 806 961 957
31 15 5602 721 708 643 637 366 310 411 414 400 375 256 287 180 240 33 32 205 220 849 860 879 884 367 422 392 443 511 511 790 770
32 15 6195 662 661 737 721 412 457 348 405 917 918 484 438 639 604 548 516 407 401 213 165 50 16 675 680 518 559 982 982 152 184
33 15 5461 801 820 379 396 138 174 334 351 733 717 718 746 457 409 804 810 255 214 251 177 557 540 15 38 880 887 201 231 304 357
34 15 6661 375 382 683 664 229 245 926 923 427 478 775 769 865 853 491 478 584 543 382 326 473 432 404 414 914 913 449 417 350 406
35 15 5990 621 616 372 423 217 259 703 727 394 408 854 855 490 506 131 113 410 406 978 980 151 188 538 577 452 433 921 917 256 330
36 15 6255 769 784 159 108 162 134 465 476 803 807 648 616 763 779 426 410 330 264 653 642 824 829 315 293 290 309 816 814 396 432
37 15 6378 245 260 374 344 279 337 124 102 791 795 640 640 906 904 713 729 825 819 443 425 325 389 419 438 370 376 615 633 904 909
38 15 6116 387 432 461 511 845 838 501 461 927 925 45 139 436 452 577 538 615 621 558 588 10 43 628 602 989 989 373 431 294 249
39 15 6979 662 634 958 959 869 879 597 572 365 313 81 48 625 621 179 181 915 912 529 499 474 429 717 701 534 492 685 704 534 539
40 15 6468 544 545 407 396 711 682 146 208 429 472 248 191 849 845 167 217 538 580 648 660 199 258 809 798 992 993 587 608 811 796
41 15 6880 397 449 738 718 258 189 840 847 707 715 415 396 407 460 563 592 810 799 242 240 852 846 798 815 200 152 640 644 733 724
42 15 7655 174 201 668 691 280 304 667 673 577 534 933 939 816 826 862 851 549 505 456 464 382 413 583 587 873 875 934 939 815 803
43 15 5807 545 570 585 570 426 462 676 653 206 152 709 725 878 872 743 752 466 466 359 344 393 428 118 181 545 568 479 442 131 169
44 15 4456 350 401 127 158 407 434 528 498 558 568 391 446 659 642 569 557 338 327 332 379 597 613 126 178 311 342 185 247 93 115
45 15 4027 105 60 848 839 93 14 315 335 329 345 397 358 173 235 155 119 334 357 670 670 150 150 276 260 495 459 361 406 333 399
46 15 6730 828 837 493 535 20 81 764 758 709 714 714 698 298 228 364 409 710 703 364 369 974 972 647 675 935 935 137 89 456 439
47 15 6632 124 211 622 616 612 622 670 696 251 263 850 845 472 514 493 454 991 991 23 16 238 280 844 849 478 520 858 850 764 761
48 15 6025 821 835 205 203 141 221 433 461 700 698 469 436 309 363 637 648 404 429 638 625 923 922 289 223 304 340 277 217 982 983
49 15 8080 430 394 975 976 769 779 478 511 858 855 735 744 374 383 859 855 946 943 30 3 807 805 997 997 536 556 642 612 665 634
50 15 6283 163 167 587 616 980 982 762 750 818 806 222 182 375 368 559 538 420 437 606 610 275 332 631 651 20 17 742 738 694 719
51 15 6286 773 768 552 563 736 717 445 445 924 921 682 680 125 142 200 177 878 871 471 513 591 551 547 516 475 479 337 309 122 61
52 15 6124 337 318 758 774 312 312 100 89 214 183 453 491 685 668 850 860 123 107 433 465 661 645 423 369 676 703 902 899 729 747
53 15 6724 791 804 928 927 147 212 30 48 234 185 934 933 973 974 164 186 796 794 914 906 747 757 648 645 824 827 176 235 100 146
54 15 7881 374 362 498 457 836 822 804 803 353 339 724 704 709 735 759 772 502 463 801 786 971 970 425 406 865 857 960 957 271 250
55 15 6254 483 496 165 98 808 795 620 642 133 198 91 48 212 290 909 901 58 119 876 885 921 914 319 301 747 724 661 692 815 806
56 15 6712 625 602 558 561 521 473 718 717 352 340 394 362 690 699 47 130 340 304 251 276 863 865 348 338 979 977 743 767 961 962
57 15 7198 537 538 316 255 280 248 742 766 601 637 768 759 277 302 853 857 886 883 670 647 289 290 906 909 74 65 943 945 856 855
58 15 7052 550 537 941 943 394 426 962 960 241 170 275 212 40 49 711 717 965 966 502 453 405 361 977 978 857 849 786 799 209 184
59 15 6428 213 205 876 887 368 423 420 471 706 679 596 613 178 162 788 773 824 828 799 801 487 439 133 131 905 909 394 342 349 402
60 15 7180 185 151 648 683 674 694 606 626 96 131 723 721 809 813 837 823 629 618 569 580 779 791 613 618 691 716 208 258 909 914
61 15 7298 903 907 247 256 432 433 347 406 527 522 892 883 735 750 969 968 550 569 524 505 164 236 505 532 969 969 663 636 696 712
62 15 5925 786 766 147 97 442 458 726 720 401 408 545 580 402 373 466 463 615 587 459 430 310 324 653 634 700 677 197 185 558 554
63 15 5714 824 836 960 957 258 193 906 909 570 566 284 269 95 177 24 53 191 221 902 908 723 713 160 230 32 70 872 865 342 330
64 15 6294 231 256 685 693 681 697 172 160 656 655 383 439 245 314 286 260 788 770 395 392 743 730 760 774 505 517 728 721 610 647
65 15 7822 866 875 991 991 773 787 911 905 469 429 738 715 760 741 81 37 43 16 829 813 658 665 956 952 494 468 985 985 224 203
66 15 5550 238 162 125 168 27 82 578 620 50 119 306 297 665 660 593 615 964 962 48 8 797 814 698 709 822 810 810 803 217 220
67 15 6676 162 162 690 693 270 201 571 542 778 789 996 997 694 719 765 759 859 869 729 704 278 326 197 239 343 304 565 594 448 427
68 15 6685 351 385 191 170 614 589 779 797 902 911 757 755 236 282 598 625 673 700 781 799 110 142 110 165 798 807 873 881 584 623
69 15 8880 957 954 455 424 857 847 893 884 982 981 937 940 597 610 638 640 505 506 861 861 873 863 571 571 867 869 291 295 817 805
70 15 6228 556 577 804 814 155 200 804 804 767 775 48 111 910 905 47 109 83 68 626 600 838 846 899 893 258 225 456 410 534 497
71 15 5134 852 845 414 400 203 210 645 654 354 311 618 613 68 145 261 310 239 171 240 188 667 697 93 36 706 730 211 228 847 843
72 15 7091 828 832 292 343 462 505 600 568 814 822 901 897 59 84 937 936 799 811 895 896 85 82 785 770 566 579 431 475 410 369
73 15 7520 869 879 733 732 673 704 80 67 192 134 407 395 288 259 884 893 930 922 939 936 962 960 632 609 667 688 148 127 996 997
74 15 7547 257 241 664 635 570 605 980 978 731 714 801 790 798 799 899 901 517 491 372 367 803 818 900 906 161 108 47 118 934 932
75 15 6143 689 661 264 233 914 911 587 607 511 525 225 244 706 705 471 489 838 829 168 154 316 380 424 481 531 487 263 204 772 784
76 15 6736 303 342 933 931 493 470 894 902 805 801 929 932 172 177 559 592 534 573 700 672 598 573 262 265 747 767 88 159 404 387
77 15 7204 78 8 815 833 298 276 684 656 687 660 861 865 101 56 794 793 648 645 668 676 973 972 127 123 624 636 693 714 954 957
78 15 7017 807 826 53 95 880 884 660 637 421 457 502 513 550 516 949 945 733 722 852 856 379 366 620 620 434 420 749 761 183 256
79 15 6199 267 336 694 725 373 367 122 66 100 72 781 764 859 850 644 653 979 980 276 302 617 609 938 935 148 118 395 340 556 583
80 15 7212 758 779 79 7 894 901 529 564 759 775 684 713 332 288 567 532 928 921 361 379 651 651 960 957 503 470 832 828 179 204
81 15 5260 284 256 497 506 791 793 648 626 81 25 288 297 116 125 88 14 497 481 686 677 444 483 95 55 707 685 903 899 451 453
82 15 5998 285 256 408 449 372 323 331 357 48 99 398 345 773 792 903 895 168 227 140 141 359 310 860 857 758 759 952 948 743 723
83 15 5910 112 86 648 670 236 282 941 942 549 523 537 563 47 136 624 613 630 663 636 641 179 169 472 488 887 878 132 156 758 762
84 15 4209 9 37 449 404 89 15 205 194 562 576 995 995 689 710 85 6 189 142 477 440 849 862 128 189 174 134 146 199 216 204
85 15 7313 379 346 386 403 919 915 786 789 976 975 832 838 616 606 715 743 379 386 61 4 257 269 810 825 476 443 778 790 772 753
86 15 5664 622 617 5 65 603 634 209 198 606 579 878 885 104 107 690 663 207 162 828 813 360 400 236 247 574 612 230 182 929 930
87 15 6833 185 141 957 959 837 822 420 417 349 302 375 438 90 132 963 965 552 547 613 595 805 790 461 507 644 633 643 666 648 660
88 15 7034 698 674 337 304 208 144 329 279 400 385 584 572 785 803 681 674 967 968 506 464 855 853 629 610 278 231 851 844 685 662
89 15 5521 290 349 747 769 100 27 652 619 179 156 83 65 916 913 978 978 406 433 112 82 5 15 392 351 609 622 476 486 957 959
90 15 5763 345 320 116 184 782 797 730 717 370 379 878 879 845 856 611 606 344 309 360 387 327 315 218 243 666 693 183 173 429 459
91 15 6460 894 894 553 595 43 90 263 314 247 318 510 538 873 886 516 484 986 986 209 194 729 709 990 990 628 624 434 456 201 272
92 15 7224 977 975 60 2 973 973 886 886 770 762 672 670 49 84 476 452 548 516 463 410 915 913 644 628 25 83 767 785 806 823
93 15 7548 146 160 631 653 75 8 978 977 505 458 792 772 801 794 279 248 485 525 781 763 932 933 958 955 762 784 437 458 873 866
94 15 7106 102 125 554 561 621 601 799 803 758 735 810 803 458 442 400 376 656 624 456 412 702 675 111 185 521 493 986 986 949 951
95 15 7114 789 771 654 641 681 677 866 854 238 242 475 525 856 853 670 690 854 845 774 768 245 195 68 85 317 352 855 845 551 592
96 15 6477 111 126 648 621 212 231 751 754 647 625 489 511 858 867 86 21 834 850 707 702 528 530 225 297 420 465 658 690 923 928
97 15 6762 97 46 415 469 958 961 284 282 442 479 492 447 513 522 993 993 323 385 447 488 837 837 866 875 479 482 552 509 755 745
98 15 6262 219 172 481 492 576 567 860 865 505 544 499 541 466 427 557 541 653 654 951 955 954 958 964 962 62 93 51 32 30 113
99 15 5063 143 93 409 368 146 69 768 791 298 259 163 114 247 313 864 854 744 723 76 154 985 985 588 556 631 615 85 176 182 246
100 15 6331 676 706 544 584 687 701 823 837 919 926 510 544 327 380 390 373 811 821 407 408 272 294 95 142 489 514 477 472 487 438
