1 15 9832 808 812 834 826 856 849 566 530 731 730 610 602 690 700 936 934 978 979 829 824 741 760 943 949 956 956 862 872 951 952
2 15 9900 744 725 768 760 740 764 666 654 982 983 731 749 904 910 948 945 676 701 919 921 660 665 849 852 933 940 980 982 875 873
3 15 9760 944 947 943 947 701 682 354 298 807 809 981 981 789 773 785 784 822 820 845 860 801 810 990 990 500 516 994 993 945 947
4 15 10531 933 928 817 800 976 975 599 581 1000 1000 898 893 982 980 602 624 875 872 973 975 904 900 955 960 961 958 768 782 921 923
5 15 9736 799 815 877 888 798 808 711 706 867 876 779 796 787 774 979 980 751 763 967 968 863 873 576 545 925 919 768 747 724 725
6 15 10460 931 926 869 878 913 918 913 909 906 907 849 841 973 973 948 952 612 583 599 612 882 877 967 970 775 789 968 969 970 967
7 15 9964 607 627 991 991 944 946 768 770 979 980 771 786 976 976 595 562 747 762 933 928 966 965 839 834 972 974 978 978 390 426
8 15 10122 457 461 756 751 857 865 983 983 834 846 851 857 951 946 914 918 946 950 965 964 578 554 864 876 921 921 989 990 787 808
9 15 10432 946 942 992 993 856 845 1000 1000 780 760 401 417 919 924 919 919 912 906 670 671 968 971 998 998 879 880 895 885 906 907
10 15 10243 850 850 880 878 675 655 638 630 969 972 916 913 947 946 823 830 654 653 749 769 996 996 973 975 958 956 964 964 812 796
11 15 10551 813 796 877 884 961 957 960 961 913 913 952 947 868 856 849 860 879 884 940 939 918 919 840 830 884 879 726 729 809 805
12 15 9667 886 878 638 638 733 717 982 983 415 421 951 948 941 947 775 769 865 853 824 820 726 725 907 915 662 642 840 836 939 933
13 15 10419 998 998 863 861 763 779 653 642 898 888 826 818 865 853 964 960 904 904 991 990 637 666 843 850 989 989 961 963 869 879
14 15 9058 625 621 713 726 550 554 863 870 880 870 799 814 538 580 674 644 992 993 607 634 626 639 798 815 981 980 862 851 815 803
15 15 9528 813 832 952 955 689 661 795 781 718 709 884 895 618 588 848 839 744 727 953 951 996 996 918 917 811 824 378 335 793 796
16 15 9834 919 916 714 722 996 996 888 894 896 888 844 849 821 835 888 884 717 740 983 982 535 517 277 217 982 983 975 976 858 855
17 15 10155 946 943 948 953 807 805 997 997 665 634 958 955 880 884 851 866 980 982 606 610 905 910 902 906 618 632 902 899 729 747
18 15 10376 883 880 677 705 802 821 914 906 685 716 858 848 994 995 801 786 971 970 960 957 961 959 815 819 874 873 876 885 899 904
19 15 9736 747 724 956 953 820 827 934 929 863 865 801 810 961 962 742 766 953 952 906 909 453 483 965 965 366 370 941 943 763 778
20 15 10440 965 966 977 978 857 849 790 777 935 930 941 946 824 828 620 635 947 949 996 996 930 934 837 823 691 716 954 949 786 796
21 15 9396 932 938 663 636 696 712 726 720 824 836 960 957 790 782 912 911 730 721 956 954 958 958 640 632 248 263 760 774 950 950
22 15 10101 866 875 991 991 636 610 730 713 792 813 829 813 777 777 985 985 939 936 1000 1000 865 867 748 763 779 767 996 997 694 719
23 15 9946 838 822 824 826 760 766 984 986 680 677 808 826 798 807 873 881 967 970 635 631 857 847 893 884 982 981 937 940 597 610
24 15 10364 873 863 944 941 767 775 951 946 827 826 738 756 899 893 852 845 618 613 913 906 829 829 960 958 948 946 899 902 937 936
25 15 10647 883 894 869 879 928 931 974 973 871 881 930 922 939 936 962 960 909 905 714 727 749 764 846 838 953 948 882 893 900 906
26 15 10504 941 944 966 966 998 998 772 784 997 997 817 816 894 902 904 908 881 881 919 923 796 787 772 761 889 894 739 748 845 856
27 15 10168 613 616 973 972 906 912 954 957 949 945 975 973 1000 1000 924 924 835 849 486 492 529 564 759 775 965 964 883 889 960 957
28 15 9784 832 828 813 798 917 919 555 564 787 795 843 841 768 787 870 869 840 840 855 856 622 627 887 898 952 948 743 723 947 945
29 15 9791 821 805 965 964 933 927 689 710 850 851 919 915 832 838 616 606 996 996 560 554 901 903 622 617 762 765 945 940 828 813
30 15 9960 902 909 837 822 999 999 805 790 926 924 933 938 971 971 278 231 919 918 987 987 792 812 926 919 331 287 957 959 888 894
31 15 10302 878 879 845 856 948 950 666 693 981 980 747 738 841 842 970 969 990 990 977 975 973 973 886 886 583 617 644 628 949 945
32 15 9112 909 901 798 799 649 650 399 434 842 852 781 763 932 933 958 955 762 784 494 511 521 493 986 986 949 951 977 978 433 475
33 15 10175 721 706 975 976 854 845 732 709 619 622 665 653 858 867 961 958 923 928 912 914 958 961 957 959 959 961 866 875 759 772
34 15 10895 902 904 914 913 954 958 928 934 995 995 953 949 984 984 617 636 923 916 891 889 936 940 919 926 846 855 892 887 965 963
35 15 10296 661 694 958 955 703 692 978 978 950 954 993 992 695 665 836 851 967 966 852 846 707 733 946 943 970 971 835 851 820 803
36 15 10052 723 745 936 936 932 932 659 664 894 894 957 953 895 897 764 759 717 732 966 963 683 662 946 949 991 990 620 622 883 885
37 15 9728 991 991 620 607 522 489 970 969 950 949 729 710 917 916 923 919 822 834 995 995 857 860 646 664 470 429 999 999 749 751
38 15 10336 929 935 970 972 799 785 801 801 731 746 979 978 960 960 881 880 686 683 891 896 775 772 968 965 896 889 807 797 847 839
39 15 9664 982 982 738 745 870 875 958 960 671 664 542 563 959 963 941 943 973 971 688 667 965 964 769 774 941 945 529 551 555 538
40 15 10114 887 890 927 922 919 926 946 951 835 833 557 515 594 602 986 986 896 894 686 665 926 922 928 930 817 800 999 999 740 760
41 15 9876 944 948 958 954 419 428 854 841 871 874 670 643 733 750 949 947 891 884 949 950 874 875 912 907 751 747 933 939 638 667
42 15 9544 572 569 687 665 571 582 764 779 962 960 990 990 808 813 961 959 661 639 802 783 647 612 879 873 1000 1000 916 918 710 707
43 15 10812 929 927 993 992 641 669 832 816 959 955 853 839 940 936 941 941 976 976 862 864 980 981 951 950 819 836 898 906 942 948
44 15 10347 902 909 785 802 897 894 967 967 755 779 924 927 900 902 844 836 967 969 873 863 961 962 780 799 844 833 883 883 652 624
45 15 9119 800 798 801 789 275 213 789 768 980 979 689 689 278 266 880 871 925 927 450 408 984 986 670 677 956 952 994 994 928 931
46 15 10459 919 925 715 742 960 959 954 956 1000 1000 944 948 774 795 969 969 568 563 890 896 788 770 900 907 982 984 966 964 745 747
47 15 10127 820 815 804 820 934 938 629 608 790 778 913 906 906 907 978 979 728 731 944 949 745 724 946 942 844 854 905 902 773 786
48 15 10206 945 946 984 983 622 586 891 880 958 954 997 996 599 600 352 412 861 860 939 945 989 990 851 837 938 939 886 893 946 947
49 15 9324 899 893 899 903 884 878 668 638 752 740 998 998 411 390 699 691 893 895 537 559 652 634 975 973 976 977 663 668 749 737
50 15 9628 663 676 601 569 902 895 774 774 903 910 904 899 820 829 857 851 934 938 777 793 701 694 768 773 817 816 813 814 802 816
51 15 9708 919 924 918 911 673 673 468 501 933 934 648 622 924 917 931 927 967 964 729 748 728 708 859 866 816 826 918 911 704 698
52 15 9316 644 676 751 736 725 705 694 718 920 918 987 987 540 577 904 908 644 642 795 792 688 719 858 862 987 988 883 891 626 612
53 15 9743 834 829 780 783 931 936 801 797 866 873 476 460 648 664 928 927 834 838 923 925 671 653 821 822 941 940 777 782 948 948
54 15 9820 715 727 916 916 667 647 941 947 941 938 826 843 984 985 953 951 809 800 827 818 899 903 883 893 857 849 958 962 100 160
55 15 9978 505 552 968 970 966 964 556 536 903 895 931 933 610 648 863 872 818 833 729 742 800 791 933 927 944 946 970 970 977 976
56 15 8853 963 963 702 678 612 587 553 591 678 648 939 934 538 508 951 953 826 832 296 327 458 503 986 987 897 887 984 982 684 668
57 15 10216 891 895 971 970 979 978 981 982 990 991 803 797 738 745 958 960 995 995 900 907 312 360 874 882 907 902 856 849 616 609
58 15 9250 633 654 811 829 829 821 748 745 809 815 909 905 511 530 817 818 867 867 518 533 982 980 917 916 989 989 645 666 578 620
59 15 10225 728 735 986 987 904 895 673 659 431 462 955 953 641 634 932 936 995 995 965 967 832 839 874 869 983 981 974 976 909 905
60 15 10232 795 792 779 758 996 995 754 737 963 963 870 860 804 823 685 691 881 890 840 828 901 896 741 758 945 944 957 961 879 875
61 15 10115 853 848 626 645 665 679 909 907 911 913 900 901 936 932 971 973 924 927 750 727 689 720 976 976 818 832 761 766 955 958
62 15 9725 765 776 965 962 860 858 642 669 781 782 763 782 721 745 989 990 550 579 937 937 993 993 587 571 826 837 840 854 938 937
63 15 9676 844 839 893 884 508 538 840 849 985 984 892 895 642 660 927 922 720 697 995 994 876 878 764 781 685 669 746 728 779 795
64 15 10219 953 949 442 461 912 921 808 808 782 781 971 972 610 584 871 865 884 888 935 934 852 854 974 974 821 815 984 984 975 972
65 15 10736 954 957 539 529 638 638 994 994 925 924 933 939 975 975 959 963 828 838 978 977 947 944 942 937 952 952 875 871 981 980
66 15 9937 977 976 868 857 880 871 712 740 971 973 697 669 667 688 852 854 770 778 892 899 870 879 646 653 818 828 902 895 900 906
67 15 9097 721 748 970 967 812 814 212 228 920 919 866 865 797 780 485 531 896 886 434 462 674 667 884 885 939 938 979 978 783 768
68 15 10493 843 828 966 964 755 767 964 963 977 979 963 965 993 993 927 924 748 766 834 820 979 978 830 815 828 831 669 691 841 829
69 15 10030 676 656 983 982 661 646 867 862 888 880 934 936 962 960 998 998 910 909 922 918 701 674 546 557 706 695 908 905 876 879
70 15 10051 936 937 541 572 931 935 986 987 801 820 827 838 932 933 859 846 768 749 982 983 642 637 560 586 986 987 823 815 990 989
71 15 10141 944 949 996 997 733 759 700 698 708 694 835 840 803 801 762 746 932 928 834 832 890 884 880 870 834 841 941 941 885 887
72 15 10646 994 995 955 956 851 850 761 771 797 784 977 975 905 897 934 934 817 802 972 971 650 638 971 969 961 958 790 770 973 974
73 15 10351 795 797 762 762 977 976 997 997 950 950 862 848 822 833 977 980 631 609 892 894 795 778 925 924 969 968 846 842 739 756
74 15 9990 570 540 999 999 973 973 897 893 944 942 881 869 966 969 715 724 833 836 544 547 778 761 991 991 813 807 618 590 966 963
75 15 10292 810 828 891 896 987 987 595 586 845 842 774 785 985 985 942 946 849 836 610 612 959 957 826 840 901 907 928 922 963 961
76 15 10547 967 967 952 953 714 742 671 647 806 813 861 861 857 860 877 865 616 635 1000 1000 973 974 942 941 997 997 958 960 993 993
77 15 10548 703 724 891 892 688 679 973 974 929 923 977 977 930 936 855 850 675 660 971 972 744 740 933 935 987 987 937 942 993 992
78 15 9713 962 962 571 555 793 792 958 959 854 867 836 824 946 943 998 998 735 720 482 474 843 859 789 795 968 971 676 705 731 741
79 15 9685 991 990 936 931 734 751 534 505 855 866 888 888 733 710 935 937 839 839 581 563 962 965 587 582 702 682 960 962 870 859
80 15 9797 705 681 739 734 724 735 833 840 674 655 739 733 922 926 818 820 981 980 500 532 909 909 814 802 946 943 952 954 991 991
81 15 9771 573 565 956 956 926 930 674 677 799 797 700 697 893 892 969 966 818 822 806 814 799 789 713 714 775 793 941 937 872 871
82 15 10123 791 780 938 939 473 523 914 916 903 905 940 942 650 640 961 962 886 890 939 937 978 978 849 845 816 803 708 723 908 911
83 15 10528 885 884 853 839 774 787 931 927 818 803 994 994 941 936 660 681 784 774 795 798 1000 1000 996 995 929 924 806 798 994 995
84 15 8987 598 572 932 931 698 700 891 880 974 973 829 832 736 750 585 611 712 705 738 742 625 617 945 942 550 567 941 945 480 475
85 15 9800 568 581 519 496 972 971 986 986 822 823 712 696 851 838 975 973 957 956 570 574 702 731 929 927 917 917 950 951 820 828
86 15 10699 681 680 771 783 748 751 894 893 881 879 1000 1000 980 979 976 977 865 875 960 960 868 869 946 950 959 959 846 834 999 999
87 15 10648 971 974 923 931 974 976 996 996 977 977 750 743 777 783 792 802 635 659 873 879 911 902 901 895 928 929 908 901 994 995
88 15 10311 712 704 473 442 762 779 975 976 923 924 925 920 977 976 872 877 994 994 809 822 754 731 990 990 968 971 892 890 863 874
89 15 10097 828 828 900 892 824 820 964 965 745 731 819 825 980 981 991 991 936 942 734 734 409 364 943 945 680 649 952 949 917 920
90 15 9916 698 679 829 830 810 803 727 745 798 792 925 918 936 934 896 906 743 729 900 896 828 839 376 381 991 991 946 949 992 992
91 15 9868 769 760 963 966 936 935 851 858 537 493 963 965 897 889 796 796 526 486 655 629 943 949 982 982 838 853 827 831 852 841
92 15 10172 975 974 852 852 992 992 934 937 942 943 900 890 958 956 854 856 806 796 511 550 853 849 398 432 970 972 894 891 877 890
93 15 10588 809 801 907 904 994 994 991 991 607 615 830 843 996 996 804 805 862 865 944 938 822 814 846 837 860 852 963 963 1000 1000
94 15 10181 942 941 960 961 859 852 973 975 862 864 625 653 805 809 863 875 977 979 570 553 839 845 916 921 765 765 993 993 778 782
95 15 9956 954 954 561 585 910 907 557 541 957 958 957 960 979 981 999 999 540 570 994 993 864 854 799 791 658 676 832 837 884 895
96 15 8859 752 758 509 467 878 889 875 887 886 891 847 844 701 691 603 623 844 840 679 683 586 567 619 655 804 819 902 900 589 620
97 15 10534 845 840 802 807 883 883 947 942 885 879 758 754 877 888 956 953 842 851 962 960 893 895 960 962 914 908 979 978 665 666
98 15 10478 749 772 934 937 836 848 981 979 843 854 871 878 984 986 897 901 731 757 712 723 963 964 912 909 716 707 996 995 973 975
99 15 10548 861 859 786 787 975 973 751 741 961 961 994 994 911 912 855 854 831 838 868 879 704 730 820 833 901 897 976 976 991 992
100 15 10442 929 931 847 862 814 805 896 891 777 773 856 851 602 564 986 987 972 971 983 983 977 976 763 779 754 733 903 907 994 994
