1 15 5601 857 847 549 507 406 360 742 732 415 427 759 762 145 105 100 120 24 77 454 471 531 503 515 475 600 567 201 202 704 677
2 15 4421 65 34 871 880 330 340 453 419 361 318 64 127 172 147 707 722 471 439 326 299 147 222 45 62 139 196 802 820 574 537
3 15 5843 929 932 367 392 753 776 524 547 547 569 310 338 188 180 257 204 458 489 279 254 803 797 96 37 233 206 864 866 696 716
4 15 3970 335 311 19 77 782 788 609 643 498 541 74 63 329 388 35 49 200 244 270 320 773 772 228 288 228 166 135 119 448 421
5 15 6245 840 830 247 229 114 166 396 347 525 563 443 458 309 360 602 572 268 280 938 944 735 743 547 574 718 728 356 410 769 776
6 15 4426 677 687 830 833 192 151 658 665 499 547 250 303 415 438 175 155 571 552 152 165 68 159 296 299 603 641 21 117 126 112
7 15 6356 769 759 538 532 57 109 593 629 682 709 142 70 700 712 904 908 490 523 622 625 160 231 647 617 194 203 669 671 778 784
8 15 4638 706 689 20 10 212 152 216 215 200 132 521 551 179 174 156 239 290 335 386 356 764 754 595 630 111 142 503 470 939 937
9 15 6520 882 889 131 131 578 573 300 284 282 250 882 893 701 677 738 733 379 379 758 750 653 681 705 734 661 633 433 413 68 2
10 15 5895 149 113 184 112 967 970 688 694 986 985 255 314 1 58 622 600 369 427 645 609 669 687 685 716 146 96 73 71 930 930
11 15 5332 220 229 653 685 399 432 444 458 105 100 615 641 529 503 680 695 807 813 409 370 410 368 117 188 528 571 406 404 343 365
12 15 5788 411 464 813 804 477 476 40 25 836 823 496 475 791 808 572 595 639 670 304 359 202 265 212 198 901 904 277 227 265 270
13 15 4962 203 243 203 262 69 146 683 696 946 950 66 84 962 961 181 212 134 197 768 758 214 166 344 381 75 55 766 747 589 553
14 15 5818 592 629 809 790 721 701 866 859 375 412 92 85 250 286 643 677 652 620 425 383 130 124 107 54 819 801 285 304 507 502
15 15 5444 382 371 471 499 760 771 896 890 222 151 24 26 93 28 380 380 636 668 684 690 825 834 645 625 475 427 132 193 181 220
16 15 5763 88 140 307 273 771 769 694 717 97 101 88 38 189 146 739 719 336 390 773 752 620 618 625 626 536 530 499 450 842 854
17 15 5774 934 929 740 759 185 197 103 35 878 872 461 443 692 679 314 266 128 213 402 420 471 435 573 593 742 763 189 168 406 356
18 15 4500 349 294 325 344 570 528 745 759 643 663 308 336 31 52 10 24 10 97 353 289 485 526 713 710 76 98 720 741 287 325
19 15 5692 592 600 701 706 109 44 471 493 22 76 889 892 615 648 325 276 94 25 506 533 25 24 866 869 964 966 764 765 173 203
20 15 5074 704 732 603 580 4 72 551 549 440 493 461 438 861 862 134 89 9 81 29 94 920 922 665 686 173 221 550 539 239 231
21 15 6424 783 802 235 183 745 767 544 547 501 526 983 983 366 394 542 532 18 9 421 383 217 283 837 848 327 316 708 708 804 815
22 15 4476 676 687 363 414 917 914 595 589 150 180 50 129 534 506 92 23 55 125 347 401 106 167 617 643 151 143 861 870 81 12
23 15 6282 827 810 328 275 779 771 137 216 468 512 298 276 844 844 576 546 573 609 873 869 230 207 479 487 703 714 685 693 53 32
24 15 4908 543 522 499 497 493 522 358 388 198 207 417 401 532 529 33 18 404 367 386 447 859 869 775 758 277 321 355 338 7 42
25 15 4451 439 451 970 968 408 415 211 236 306 282 421 479 234 216 74 90 221 151 600 611 82 134 379 384 784 790 82 80 353 406
26 15 5615 569 552 331 333 604 571 163 210 753 738 242 273 193 213 820 811 630 664 3 79 410 377 891 884 106 26 649 678 655 668
27 15 5036 281 278 527 487 271 206 229 201 606 607 463 410 542 551 635 624 167 105 434 430 292 250 326 283 469 483 876 876 177 189
28 15 5654 454 448 358 368 695 714 288 263 324 389 32 113 85 60 534 507 723 749 979 980 623 620 814 799 804 809 58 5 297 245
29 15 5182 373 403 632 603 745 757 347 346 756 743 127 162 507 532 70 82 469 480 983 981 202 188 898 895 28 121 43 131 298 342
30 15 5806 252 212 461 453 359 348 200 220 40 128 280 247 358 349 635 603 590 592 601 584 745 755 821 834 968 967 796 800 152 215
31 15 6265 536 523 609 642 490 490 211 139 818 815 514 474 804 798 117 77 68 78 517 473 362 301 453 415 594 591 788 775 951 950
32 15 6115 821 822 19 45 313 354 622 633 863 869 667 676 268 226 283 352 544 503 197 223 746 733 750 726 444 423 986 986 121 176
33 15 4638 365 340 22 34 318 277 772 776 75 34 574 611 226 205 136 58 510 498 417 360 619 584 528 492 597 604 87 83 552 526
34 15 5663 659 637 553 581 94 174 784 796 298 354 607 616 147 153 511 527 870 868 591 589 23 74 850 857 463 509 549 534 80 27
35 15 4328 201 143 3 57 126 66 634 600 138 126 670 676 393 436 198 214 353 295 238 291 575 564 671 638 348 327 177 202 686 676
36 15 5593 680 700 605 628 461 471 398 371 742 737 103 17 624 625 392 384 846 834 212 175 223 151 675 683 663 636 30 93 338 280
37 15 4008 386 414 97 142 175 137 136 61 37 49 97 99 260 193 565 577 424 373 386 396 443 482 991 991 373 329 12 64 628 662
38 15 4899 300 245 339 286 43 50 132 201 404 366 636 605 920 917 376 370 822 823 86 49 472 439 527 486 284 244 467 419 316 357
39 15 5672 350 286 457 457 594 586 290 221 855 865 572 605 753 735 152 126 834 844 463 513 353 376 802 816 192 145 9 38 414 445
40 15 5476 699 685 604 639 263 207 743 719 161 196 294 312 586 573 594 631 438 476 191 148 759 758 149 113 203 272 801 789 361 368
41 15 4691 604 587 827 832 333 379 721 730 334 345 424 367 68 140 185 229 139 74 452 398 545 552 619 638 418 422 128 138 67 130
42 15 6301 991 990 456 485 416 394 575 601 325 276 795 781 292 330 123 83 258 285 535 536 642 634 608 631 883 891 456 484 522 489
43 15 7152 404 427 651 678 874 879 594 612 473 439 443 456 610 646 342 309 432 416 663 658 669 693 404 426 875 882 690 703 816 830
44 15 7853 28 103 908 910 856 850 754 778 153 102 908 900 686 696 672 680 604 578 828 841 846 839 667 678 331 332 851 851 725 718
45 15 4344 641 631 467 449 612 614 260 239 83 73 190 246 237 219 292 304 287 247 703 674 637 663 291 274 637 640 27 55 66 65
46 15 6341 917 916 571 539 877 889 379 369 389 405 331 383 750 754 151 121 529 566 508 471 10 14 978 977 769 758 540 542 228 197
47 15 5970 523 561 143 94 237 226 796 795 860 873 568 588 301 297 532 502 692 715 364 383 597 615 363 340 78 64 712 686 697 713
48 15 4756 1000 1000 263 213 571 543 26 63 232 265 523 554 143 125 266 288 627 632 142 116 55 4 971 968 879 876 53 146 194 185
49 15 5990 93 99 275 295 984 984 892 902 838 838 414 455 21 91 239 202 183 130 779 768 626 622 442 416 581 593 395 403 726 747
50 15 5415 421 366 733 746 609 625 342 362 619 595 384 345 856 861 99 132 645 637 46 38 404 409 221 217 410 352 454 417 526 531
51 15 6986 818 804 927 928 664 655 243 293 689 689 901 899 787 779 548 580 316 278 151 206 878 876 568 593 340 310 578 538 325 381
52 15 4372 852 859 58 84 186 115 570 551 118 97 906 907 767 753 67 44 28 74 837 841 205 198 87 132 229 161 3 56 552 567
53 15 5236 825 838 901 907 11 11 650 673 386 382 7 86 521 505 610 627 242 285 499 459 200 141 30 15 406 449 740 764 517 495
54 15 5757 518 529 836 822 193 136 381 418 868 878 910 905 789 810 92 13 943 947 125 186 80 3 682 674 254 185 340 400 186 148
55 15 5567 376 338 443 448 480 429 283 281 649 643 607 587 311 331 954 958 661 643 750 759 138 152 653 648 22 70 40 79 592 568
56 15 4855 685 657 721 709 259 329 400 454 233 202 724 733 148 175 115 94 331 283 712 712 95 120 927 926 58 86 145 136 516 525
57 15 4945 60 92 607 627 39 18 970 967 931 928 791 793 290 303 36 64 499 449 596 566 24 62 144 99 215 260 792 785 188 194
58 15 5721 705 727 633 665 581 618 295 230 405 429 823 820 213 155 177 196 202 208 514 470 868 868 96 133 607 573 652 680 381 406
59 15 3947 384 342 54 92 5 30 193 206 242 301 905 908 278 272 192 207 164 94 372 355 432 448 222 267 388 396 310 366 793 806
60 15 4850 593 563 98 134 754 758 569 570 654 686 474 468 109 41 266 307 32 41 641 643 702 682 496 523 32 43 338 285 305 341
61 15 6086 215 143 854 846 559 572 275 260 600 605 456 497 599 579 535 533 386 341 542 518 691 697 348 313 301 247 804 801 443 439
62 15 6297 177 234 41 112 743 721 95 127 431 427 717 712 906 914 977 977 810 818 99 147 278 252 841 854 969 970 129 79 659 653
63 15 5717 770 778 316 335 320 353 829 826 345 343 618 653 756 779 715 705 213 145 606 604 258 221 241 284 496 507 273 253 391 450
64 15 5046 135 194 10 64 206 272 690 688 338 369 365 319 205 242 888 894 920 916 958 957 172 99 343 357 45 44 821 838 212 168
65 15 6221 634 615 652 626 974 972 423 481 951 955 695 691 336 326 408 439 37 94 196 227 393 432 253 300 222 178 764 766 839 839
66 15 5714 351 319 451 423 797 808 685 679 307 365 236 218 142 203 272 207 723 742 804 815 658 638 436 472 553 536 487 513 241 259
67 15 4711 387 347 222 284 99 184 244 235 765 779 403 443 328 385 220 285 891 895 891 898 203 237 128 183 417 471 366 361 325 373
68 15 3934 676 707 81 161 568 576 363 368 496 497 140 139 128 59 430 431 134 149 710 712 184 131 238 250 270 264 265 200 235 196
69 15 5864 234 261 953 956 91 47 954 949 174 167 581 601 102 48 743 731 545 506 467 425 281 238 745 740 626 624 457 484 377 339
70 15 6108 383 375 933 939 740 757 762 740 761 745 334 394 908 902 295 351 790 794 154 133 95 176 398 356 142 194 539 576 401 354
71 15 4693 175 241 290 227 771 791 306 347 106 112 916 916 216 160 435 452 570 603 591 562 202 196 153 169 529 553 31 20 576 582
72 15 5671 594 585 713 701 117 182 71 153 602 611 52 117 766 772 812 822 191 268 853 850 5 48 801 818 744 738 337 279 431 479
73 15 5176 287 320 252 297 155 107 48 54 102 122 484 457 629 625 198 259 101 155 840 830 954 957 67 35 490 470 949 946 915 917
74 15 5880 254 319 490 503 776 781 295 293 530 545 163 118 833 831 685 714 577 619 470 420 738 716 229 268 544 589 698 715 68 43
75 15 5556 413 459 196 180 72 115 829 829 442 485 467 511 301 238 403 364 739 740 254 314 913 920 597 586 299 279 703 693 317 256
76 15 3826 156 217 900 892 466 444 125 118 527 557 555 520 366 383 28 23 377 396 308 357 47 110 292 278 15 24 281 338 340 371
77 15 5083 580 606 499 511 451 410 52 123 268 237 149 168 622 614 381 380 567 556 252 285 818 834 182 193 26 124 628 625 879 871
78 15 5520 507 463 195 247 553 566 235 308 601 583 530 541 166 239 767 751 627 619 515 520 461 447 243 306 922 916 107 166 472 512
79 15 4296 98 40 175 237 36 49 683 711 64 136 640 650 350 348 41 41 705 724 858 850 151 107 345 328 105 50 701 682 418 459
80 15 6824 353 312 920 915 713 716 885 886 913 906 504 488 315 294 557 588 906 902 294 241 98 54 550 552 660 654 702 692 161 160
81 15 6608 670 683 953 956 603 569 228 294 98 19 833 845 861 861 642 615 141 117 243 245 49 95 932 926 889 886 353 395 765 779
82 15 5603 248 255 288 293 450 400 377 360 371 426 365 374 822 819 529 544 114 45 869 872 243 255 68 94 552 515 912 904 796 793
83 15 6734 165 248 247 275 916 909 812 802 524 490 152 223 873 882 827 818 855 865 785 782 728 744 622 602 615 625 82 45 215 224
84 15 6143 421 459 385 370 286 357 622 627 940 937 744 748 191 256 525 496 223 267 229 164 433 387 568 531 922 916 398 445 792 789
85 15 4668 366 414 382 333 420 423 56 1 656 678 657 647 350 316 406 415 771 757 72 78 143 148 767 782 44 91 164 87 581 579
86 15 5219 420 386 70 63 2 69 911 915 38 89 449 443 388 361 196 135 540 579 357 337 358 399 353 376 791 793 900 904 751 775
87 15 4997 540 524 523 513 867 870 247 289 320 306 34 49 495 452 146 138 372 339 723 706 150 109 316 267 533 496 80 162 901 893
88 15 7051 14 45 964 963 644 633 209 285 75 71 595 613 889 885 996 996 714 707 702 709 231 228 534 577 706 691 656 643 885 894
89 15 5579 214 151 170 163 734 717 430 434 461 453 155 164 555 536 766 755 287 351 674 668 783 790 335 390 818 816 572 594 20 17
90 15 5867 958 955 738 755 754 777 491 521 128 214 485 451 15 22 792 788 272 218 11 37 185 175 800 818 18 21 855 841 832 848
91 15 5412 677 694 427 447 238 214 181 106 317 333 733 727 861 863 311 330 857 843 995 994 201 231 122 168 52 18 423 470 370 407
92 15 5416 462 513 352 352 602 626 159 209 421 396 666 665 277 317 706 732 513 557 866 857 286 220 36 68 314 259 775 754 335 314
93 15 4785 447 455 380 347 202 217 243 173 191 159 543 529 601 585 345 283 545 508 299 236 890 899 480 449 15 33 52 86 749 757
94 15 5268 686 716 320 311 135 55 763 764 526 571 145 127 331 372 147 96 227 206 756 740 933 934 684 701 146 84 450 501 336 312
95 15 4893 353 302 789 794 250 257 354 315 512 532 143 200 915 909 167 245 294 281 473 474 776 796 581 614 343 404 78 139 89 107
96 15 5389 586 625 43 123 717 716 559 588 509 466 488 497 8 99 554 587 164 160 135 194 522 524 449 397 246 217 957 957 800 784
97 15 4652 425 413 141 171 496 537 502 543 535 501 444 424 348 350 50 119 47 141 37 68 950 949 971 968 73 143 6 40 791 773
98 15 6779 855 842 233 307 703 686 838 828 754 775 137 72 257 198 925 931 16 33 679 652 78 38 916 924 819 833 939 943 325 388
99 15 3540 192 192 65 114 282 252 87 4 36 35 155 202 109 67 635 609 228 205 496 447 348 333 243 298 512 535 524 519 514 467
100 15 4878 484 474 456 504 724 740 351 321 43 12 73 106 452 474 916 922 322 311 23 29 51 128 949 947 448 410 294 280 512 535
