1 15 8309 144 88 834 826 586 594 566 530 731 730 610 602 543 570 936 934 852 843 829 824 741 760 530 501 675 662 854 867 956 956
2 15 9112 951 952 962 963 743 757 813 811 744 725 780 797 620 651 768 760 571 587 666 654 982 983 643 625 933 930 731 749 484 513
3 15 8877 553 532 412 427 796 778 770 750 676 701 919 921 324 346 657 647 980 981 853 847 933 940 705 706 875 873 943 947 701 682
4 15 8696 825 830 354 298 807 809 534 529 631 616 529 574 789 773 785 784 822 820 845 860 711 729 947 947 801 810 990 990 500 516
5 15 9342 928 925 994 993 98 178 817 800 976 975 599 581 1000 1000 788 805 982 980 602 624 557 569 973 975 448 490 955 960 961 958
6 15 9640 594 571 768 782 921 923 896 889 898 905 789 785 695 719 724 704 798 808 798 812 932 938 711 706 840 826 820 826 867 876
7 15 8528 787 774 297 338 955 956 979 980 751 763 967 968 863 873 576 545 871 870 894 887 451 464 530 555 241 275 568 609 931 926
8 15 9069 749 738 869 878 820 828 913 909 436 455 849 841 973 973 948 952 612 583 332 355 996 996 599 612 916 922 967 970 358 393
9 15 10057 970 967 991 991 944 946 869 869 764 760 768 770 979 980 623 633 931 934 525 524 976 976 595 562 747 762 924 928 966 965
10 15 8700 997 996 839 834 972 974 642 612 820 835 978 978 370 416 762 760 390 426 218 287 457 461 756 751 857 865 983 983 834 846
11 15 9074 889 882 851 857 951 946 914 918 484 530 654 683 895 902 965 964 578 554 736 755 533 572 703 694 921 921 574 578 695 708
12 15 7945 787 808 643 660 803 805 968 968 188 220 615 653 856 845 31 49 1000 1000 780 760 401 417 919 924 538 515 648 677 755 732
13 15 8887 670 671 623 599 998 998 879 880 895 885 906 907 515 486 949 947 880 878 426 398 989 990 463 494 709 692 675 655 532 545
14 15 9061 824 826 643 649 800 810 969 972 916 913 467 436 974 973 947 946 455 450 943 940 704 682 654 653 494 519 931 932 606 590
15 15 9592 799 796 103 77 973 975 958 956 964 964 812 796 938 940 749 735 422 462 961 957 960 961 913 913 952 947 780 775 706 698
16 15 9424 493 458 879 884 940 939 918 919 840 830 662 661 737 721 884 879 726 729 809 805 675 680 886 878 638 638 711 718 982 983
17 15 9117 662 672 415 421 951 948 545 539 775 769 865 853 824 820 726 725 744 742 742 734 907 915 662 642 840 836 939 933 800 786
18 15 9392 863 861 763 779 272 295 824 829 816 814 797 787 713 729 825 819 663 634 904 909 826 818 865 853 964 960 904 904 741 717
19 15 8187 991 990 637 666 577 538 615 621 558 588 989 989 373 431 869 879 780 761 625 621 179 181 915 912 713 726 550 554 863 870
20 15 8280 248 191 849 845 799 814 538 580 674 644 992 993 607 634 626 639 489 472 844 841 642 612 733 724 844 842 577 534 889 896
21 15 9536 862 851 815 803 569 587 878 872 746 757 795 774 857 858 756 778 696 669 890 880 676 649 945 941 952 955 689 661 795 781
22 15 9452 884 895 618 588 848 839 744 727 953 951 996 996 918 917 811 824 378 335 793 796 853 864 919 916 714 722 499 457 888 894
23 15 9180 850 845 896 888 996 996 521 497 844 849 604 625 794 776 821 835 487 481 964 962 818 817 888 890 637 648 717 740 638 625
24 15 9494 983 982 535 517 277 217 982 983 975 976 769 779 653 637 946 943 948 953 807 805 997 997 665 634 958 955 522 559 851 866
25 15 7403 423 391 375 368 606 610 275 332 772 762 694 719 650 654 736 717 902 906 597 600 780 778 337 318 758 774 502 486 847 858
26 15 9149 850 860 618 632 902 899 729 747 943 945 883 880 592 606 802 821 918 913 629 647 858 848 757 778 990 989 351 395 615 613
27 15 9754 783 771 971 970 960 957 483 496 815 819 874 873 876 885 899 904 956 953 267 231 891 894 820 827 934 929 863 865 801 810
28 15 10007 742 766 953 952 906 909 453 483 943 945 856 855 941 943 763 778 962 960 965 966 502 453 857 849 790 777 935 930 941 946
29 15 9305 596 613 403 436 788 773 824 828 799 801 487 439 620 635 947 949 996 996 808 811 759 778 930 934 837 823 884 891 954 949
30 15 7988 892 883 735 750 969 968 932 938 663 636 696 712 226 172 442 458 726 720 402 373 780 778 700 677 960 957 461 492 401 358
31 15 8816 648 650 723 713 912 911 730 721 644 628 747 738 956 954 958 958 640 632 801 811 694 663 615 650 368 389 610 647 974 971
32 15 7725 991 991 636 610 730 713 792 813 263 234 274 297 956 952 494 468 985 985 367 334 349 300 784 803 578 620 865 867 593 615
33 15 9244 710 684 928 930 748 763 779 767 550 524 503 518 690 693 778 789 996 997 694 719 765 759 858 849 954 953 838 822 765 745
34 15 9986 824 826 760 766 779 797 902 911 984 986 802 790 840 835 919 921 912 906 680 677 808 826 798 807 873 881 967 970 635 631
35 15 9288 893 884 982 981 937 940 597 610 861 861 873 863 944 941 817 805 763 767 767 775 951 946 168 222 738 756 899 893 421 425
36 15 9591 852 845 624 602 805 791 435 433 913 906 829 829 960 958 948 946 899 902 901 897 695 713 534 543 842 844 883 894 869 879
37 15 10580 970 970 570 546 942 943 928 931 974 973 871 881 930 922 939 936 962 960 909 905 570 605 980 978 846 838 953 948 882 893
38 15 9666 934 932 303 270 914 911 747 770 635 612 836 835 838 829 998 998 772 784 997 997 817 816 588 620 904 908 881 881 919 923
39 15 9503 781 785 796 787 772 761 889 894 298 276 845 856 973 972 906 912 954 957 895 898 731 727 949 945 291 349 852 856 947 944
40 15 9312 975 973 1000 1000 456 502 448 464 979 980 835 849 486 492 529 564 759 775 965 964 883 889 960 957 656 647 896 889 813 798
41 15 9583 911 908 917 919 555 564 787 795 843 841 768 787 870 869 840 840 771 754 903 895 855 856 622 627 650 668 800 795 887 898
42 15 9479 743 723 947 945 939 936 821 805 965 964 636 641 887 878 820 836 536 497 836 852 754 764 850 851 919 915 580 608 616 606
43 15 9300 560 554 901 903 622 617 801 799 887 896 209 198 945 940 828 813 817 820 902 909 837 822 581 557 931 930 999 999 805 790
44 15 9038 644 633 819 826 676 688 546 531 704 690 984 984 478 468 681 674 278 231 919 918 921 913 943 938 987 987 792 812 926 919
45 15 9209 727 704 331 287 957 959 888 894 782 797 730 717 845 856 714 740 666 693 981 980 747 738 841 842 970 969 455 444 878 881
46 15 8097 977 975 973 973 886 886 770 762 820 804 617 621 391 386 583 617 690 699 314 355 631 653 649 650 399 434 842 852 580 561
47 15 9124 781 763 932 933 958 955 762 784 494 511 945 942 489 440 515 534 797 781 521 493 986 986 949 951 977 978 433 475 866 854
48 15 8290 475 525 856 853 670 690 854 845 732 709 619 622 665 653 378 336 924 928 647 625 489 511 858 867 707 702 528 530 961 958
49 15 9576 968 966 958 961 957 959 832 820 993 993 323 385 866 875 759 772 456 454 902 904 914 913 691 700 404 392 995 995 953 949
50 15 9510 479 452 864 854 744 723 588 556 631 615 997 997 891 889 891 890 963 965 936 940 919 926 846 855 892 887 758 775 489 514
51 15 9211 487 438 661 694 517 507 942 944 958 955 703 692 829 828 950 954 993 992 695 665 389 368 692 697 836 851 967 966 895 896
52 15 9049 575 605 707 733 541 502 549 528 946 943 970 971 835 851 820 803 717 704 764 759 992 992 723 745 936 936 578 614 659 664
53 15 9047 690 718 895 897 764 759 717 732 773 763 644 665 966 963 589 565 873 863 991 990 412 426 883 885 620 607 522 489 970 969
54 15 8924 729 710 705 729 488 475 681 712 525 566 563 591 995 995 857 860 627 592 470 429 999 999 749 751 868 859 929 935 970 972
55 15 9843 755 757 799 785 801 801 731 746 524 570 960 960 881 880 686 683 891 896 775 772 968 965 896 889 836 839 994 995 807 797
56 15 9281 685 662 636 656 564 557 847 839 548 515 982 982 738 745 870 875 958 960 671 664 542 563 959 963 941 943 973 971 688 667
57 15 9268 827 836 843 843 769 774 941 945 486 517 927 934 529 551 555 538 922 924 887 890 927 922 620 630 946 951 835 833 571 556
58 15 9048 557 515 594 602 657 690 473 495 979 980 896 894 540 569 645 666 686 665 926 922 928 930 753 736 931 928 764 747 981 980
59 15 8935 786 784 792 778 684 654 390 410 776 765 387 350 670 643 840 847 949 947 891 884 756 756 640 637 894 884 765 761 949 950
60 15 7965 912 907 751 747 933 939 649 620 970 972 580 551 880 868 296 324 668 653 638 667 489 497 674 669 182 212 571 582 764 779
61 15 9244 669 686 984 982 990 990 808 813 961 959 661 639 802 783 802 793 120 110 545 591 916 918 710 707 665 690 929 927 993 992
62 15 9751 865 853 490 504 832 816 959 955 853 839 940 936 941 941 976 976 862 864 980 981 951 950 226 175 597 628 819 836 898 906
63 15 9392 875 876 748 756 526 573 942 948 522 557 944 946 785 802 821 809 967 967 755 779 701 679 900 902 414 358 967 969 873 863
64 15 7632 782 771 961 962 780 799 844 833 135 96 574 568 270 343 768 775 429 398 612 623 720 724 800 798 801 789 275 213 789 768
65 15 7948 858 854 151 147 266 289 980 979 689 689 278 266 527 560 670 687 880 871 925 927 450 408 878 867 729 718 984 986 670 677
66 15 9334 722 746 956 952 994 994 928 931 976 978 919 925 819 819 871 868 715 742 960 959 669 646 629 596 536 532 168 130 806 809
67 15 9449 954 956 1000 1000 631 601 688 705 823 837 901 898 969 969 568 563 890 896 788 770 771 789 534 571 850 857 510 478 935 936
68 15 9631 854 865 982 984 966 964 745 747 804 820 423 376 789 800 934 938 796 778 790 778 913 906 906 907 608 645 855 857 674 687
69 15 10199 1000 1000 931 924 560 533 565 534 930 931 745 724 946 942 844 854 905 902 773 786 923 926 850 856 984 983 834 825 959 963
70 15 9008 891 880 885 881 659 629 958 954 615 592 693 710 997 996 599 600 868 874 766 783 939 945 989 990 851 837 177 142 374 398
71 15 9744 801 814 747 749 886 893 946 947 990 991 761 765 899 903 884 878 615 644 815 797 668 638 785 772 634 604 752 740 998 998
72 15 8816 699 691 893 895 537 559 774 780 777 795 298 300 813 807 861 860 760 771 440 457 975 973 976 977 663 668 749 737 805 824
73 15 8999 928 927 462 420 682 669 782 772 393 383 954 950 774 774 903 910 691 716 528 494 764 787 820 829 857 851 934 938 777 793
74 15 9639 598 620 817 816 813 814 802 816 908 912 919 924 918 911 873 868 846 841 673 673 468 501 933 934 833 840 1000 1000 648 622
75 15 8717 520 479 924 917 931 927 798 805 991 992 555 558 836 846 967 964 613 608 577 577 729 748 728 708 301 242 666 685 761 748
76 15 9200 859 866 813 811 695 678 825 832 528 554 958 955 918 911 704 698 844 855 644 676 751 736 377 405 931 933 960 958 694 718
77 15 8736 462 445 920 918 601 569 982 982 987 987 540 577 904 908 422 435 888 879 458 408 775 773 688 719 858 862 470 447 966 965
78 15 8941 883 891 815 800 258 256 807 812 807 811 685 693 780 783 931 936 801 797 565 548 694 693 648 664 928 927 814 797 761 758
79 15 9556 807 803 671 653 821 822 941 940 777 782 805 823 800 806 715 727 916 916 667 647 941 947 355 346 962 966 941 938 826 843
80 15 7891 386 441 809 800 454 438 936 940 827 818 656 667 554 533 466 492 820 814 857 849 958 962 100 160 444 496 801 797 796 796
81 15 8877 358 324 765 778 819 836 544 552 748 730 966 964 556 536 903 895 931 933 610 648 832 826 655 678 863 872 818 833 729 742
82 15 8594 933 927 944 946 970 970 548 543 640 606 977 976 702 678 830 822 553 591 678 648 691 698 500 467 586 579 538 508 653 684
83 15 8853 453 400 872 859 789 769 860 848 561 521 458 503 986 987 897 887 984 982 684 668 463 454 857 852 341 332 891 895 971 970
84 15 9407 933 936 979 978 981 982 990 991 626 628 737 759 617 640 518 503 837 834 515 503 909 904 403 362 959 961 975 975 780 779
85 15 8906 958 960 995 995 900 907 312 360 580 553 747 764 874 882 907 902 856 849 616 609 565 586 554 536 692 712 829 821 748 745
86 15 9100 352 344 809 815 909 905 805 806 817 818 867 867 729 710 819 813 792 796 958 960 723 716 952 954 642 626 684 695 518 533
87 15 8248 793 777 989 989 645 666 159 142 994 994 578 620 247 224 728 735 641 676 904 895 673 659 431 462 955 953 641 634 932 936
88 15 9144 705 703 995 995 942 944 832 839 830 825 574 538 546 556 983 981 348 372 618 600 855 859 857 869 849 840 718 717 779 758
89 15 8479 660 682 996 995 754 737 963 963 870 860 617 640 685 691 501 501 562 532 492 452 492 442 548 593 840 828 901 896 718 704
90 15 9804 971 970 876 884 631 636 987 987 742 754 945 944 793 782 753 772 626 645 665 679 909 907 911 913 540 553 936 932 971 973
91 15 8630 909 902 924 927 750 727 689 720 976 976 375 351 991 990 885 891 761 766 232 215 961 963 765 776 626 631 817 818 127 174
92 15 8927 965 962 418 383 675 652 860 858 814 797 868 871 974 974 972 969 834 820 781 782 763 782 82 87 817 804 721 745 615 653
93 15 9361 874 886 463 438 640 669 550 579 937 937 802 784 772 780 993 993 753 743 834 833 587 571 826 837 840 854 938 937 893 884
94 15 8687 840 849 985 984 892 895 642 660 994 995 607 604 898 892 615 633 764 781 323 288 746 728 664 676 720 707 779 795 390 338
95 15 9195 772 764 732 759 655 621 609 571 442 461 912 921 808 808 782 781 971 972 610 584 871 865 653 655 990 990 727 740 960 964
96 15 8662 935 934 852 854 518 564 821 815 482 483 810 827 984 984 975 972 707 691 196 186 816 826 954 957 539 529 629 640 610 627
97 15 9428 994 994 197 198 812 825 925 924 933 939 975 975 741 738 942 943 959 963 828 838 978 977 280 267 333 327 947 944 942 937
98 15 9693 875 871 476 474 739 756 981 980 804 808 977 976 868 857 880 871 712 740 971 973 697 669 667 688 852 854 696 670 922 915
99 15 8698 676 666 906 909 655 643 580 564 509 547 776 793 716 714 870 879 646 653 841 851 967 963 818 828 475 517 604 565 834 843
100 15 9613 886 885 731 722 986 986 725 716 774 787 900 906 975 974 845 843 612 598 721 748 878 874 926 925 970 967 812 814 276 274
