1 15 8896 144 88 834 826 586 594 566 530 731 730 610 602 543 570 936 934 978 979 829 824 741 760 854 867 956 956 862 872 951 952
2 15 9315 701 676 962 963 691 704 813 811 744 725 780 797 905 899 768 760 740 764 666 654 982 983 731 749 484 513 773 790 904 910
3 15 9506 872 878 948 945 676 701 919 921 660 665 657 647 980 981 853 847 933 940 705 706 875 873 943 947 701 682 354 298 807 809
4 15 9980 631 616 981 981 789 773 785 784 822 820 845 860 801 810 990 990 500 516 994 993 945 947 817 800 976 975 599 581 1000 1000
5 15 10115 982 980 602 624 557 569 973 975 884 893 955 960 961 958 768 782 921 923 789 785 898 896 826 839 798 808 798 812 932 938
6 15 8870 867 876 779 796 787 774 790 786 955 956 979 980 751 763 967 968 863 873 576 545 617 592 452 475 451 464 530 555 724 725
7 15 9856 931 926 593 562 749 738 869 878 820 828 913 909 906 907 849 841 973 973 948 952 612 583 687 666 990 991 599 612 882 877
8 15 10024 358 393 968 969 970 967 991 991 944 946 768 770 979 980 525 524 976 976 595 562 747 762 933 928 966 965 839 834 972 974
9 15 9658 820 835 978 978 390 426 942 946 457 461 756 751 857 865 983 983 834 846 674 669 720 709 851 857 951 946 914 918 946 950
10 15 9157 928 925 965 964 578 554 736 755 533 572 425 385 921 921 989 990 787 808 643 660 803 805 968 968 700 727 615 653 856 845
11 15 9460 724 741 1000 1000 780 760 401 417 919 924 919 919 648 677 670 671 623 599 998 998 879 880 895 885 906 907 515 486 949 947
12 15 9376 675 655 638 630 643 649 800 810 969 972 916 913 947 946 447 413 943 940 704 682 654 653 749 769 879 868 799 796 958 956
13 15 10723 812 796 938 940 813 796 877 884 961 957 960 961 913 913 952 947 868 856 849 860 879 884 940 939 918 919 840 830 884 879
14 15 9472 917 918 726 729 809 805 675 680 886 878 638 638 711 718 982 983 415 421 951 948 941 947 775 769 865 853 824 820 726 725
15 15 9668 914 913 907 915 662 642 840 836 939 933 800 786 998 998 863 861 763 779 272 295 898 888 713 729 825 819 826 818 865 853
16 15 9306 845 838 741 717 637 666 843 850 989 989 961 963 869 879 780 761 625 621 713 726 550 554 863 870 880 870 799 814 538 580
17 15 9297 992 993 607 634 626 639 798 815 981 980 862 851 815 803 569 587 813 803 746 757 795 774 857 858 944 942 528 498 689 661
18 15 9716 718 709 884 895 618 588 848 839 744 727 953 951 996 996 918 917 811 824 378 335 793 796 855 845 919 916 714 722 996 996
19 15 9156 896 888 844 849 604 625 794 776 821 835 818 817 888 890 888 884 717 740 638 625 535 517 277 217 982 983 975 976 769 779
20 15 10169 858 855 859 855 946 943 948 953 807 805 997 997 665 634 958 955 880 884 851 866 980 982 606 610 891 892 772 762 694 719
21 15 9164 736 717 902 906 597 600 780 778 502 486 838 849 618 632 902 899 729 747 943 945 883 880 677 705 802 821 918 913 629 647
22 15 10231 685 716 858 848 994 995 801 786 971 970 960 957 483 496 815 819 874 873 876 885 899 904 956 953 820 827 934 929 863 865
23 15 9981 865 867 801 810 961 962 742 766 953 952 906 909 453 483 965 965 366 370 941 943 763 778 962 960 965 966 977 978 857 849
24 15 10331 935 930 941 946 824 828 620 635 947 949 996 996 930 934 837 823 884 891 954 949 786 796 969 968 932 938 663 636 696 712
25 15 9476 786 766 726 720 824 836 960 957 790 782 648 650 723 713 912 911 730 721 644 628 747 738 956 954 958 958 640 632 801 811
26 15 9584 248 263 760 774 615 650 974 971 839 852 991 991 636 610 730 713 792 813 829 813 777 777 985 985 939 936 1000 1000 865 867
27 15 9208 964 962 748 763 779 767 550 524 503 518 690 693 778 789 996 997 694 719 765 759 838 822 765 745 760 766 779 797 902 911
28 15 9742 680 677 808 826 798 807 873 881 967 970 635 631 676 699 893 884 982 981 937 940 597 610 944 941 817 805 804 814 767 775
29 15 9953 827 826 738 756 899 893 852 845 618 613 913 906 829 829 960 958 948 946 899 902 901 897 799 811 534 543 842 844 883 894
30 15 10524 570 546 942 943 928 931 974 973 871 881 930 922 939 936 962 960 909 905 570 605 980 978 846 838 953 948 882 893 900 906
31 15 10322 613 599 934 932 941 944 635 612 836 835 966 966 998 998 772 784 997 997 817 816 894 902 904 908 881 881 919 923 796 787
32 15 9564 889 894 739 748 845 856 973 972 906 912 954 957 895 898 731 727 949 945 291 349 852 856 947 944 694 725 456 502 835 849
33 15 9730 529 564 759 775 965 964 883 889 960 957 813 798 917 919 555 564 787 795 843 841 768 787 870 869 840 840 771 754 903 895
34 15 9868 622 627 887 898 952 948 743 723 947 945 939 936 821 805 965 964 570 549 887 878 933 927 536 497 995 995 689 710 850 851
35 15 9444 814 802 919 915 832 838 616 606 996 996 560 554 901 903 622 617 635 663 945 940 828 813 817 820 902 909 837 822 581 557
36 15 9764 999 999 805 790 926 924 676 688 546 531 704 690 984 984 754 768 971 971 278 231 919 918 921 913 943 938 987 987 792 812
37 15 9548 385 383 727 704 331 287 957 959 888 894 782 797 878 879 845 856 948 950 666 693 981 980 747 738 841 842 970 969 990 990
38 15 9425 816 813 977 975 973 973 886 886 583 617 644 628 949 945 631 653 649 650 399 434 842 852 781 763 932 933 958 955 762 784
39 15 8927 873 866 494 511 945 942 489 440 515 534 797 781 521 493 986 986 949 951 977 978 433 475 975 976 854 845 732 709 619 622
40 15 9796 965 962 924 928 647 625 489 511 858 867 707 702 420 465 912 914 958 961 957 959 832 820 993 993 959 961 866 875 759 772
41 15 10263 902 904 914 913 691 700 404 392 995 995 953 949 984 984 617 636 923 916 891 889 891 890 963 965 936 940 919 926 846 855
42 15 9703 758 775 487 438 661 694 958 955 703 692 978 978 950 954 993 992 695 665 909 903 967 966 852 846 707 733 541 502 970 971
43 15 9860 820 803 717 704 764 759 992 992 723 745 936 936 932 932 659 664 894 894 957 953 895 897 764 759 717 732 966 963 589 565
44 15 9457 683 662 946 949 991 990 412 426 883 885 620 607 522 489 970 969 950 949 729 710 917 916 525 566 822 834 995 995 857 860
45 15 9903 911 905 646 664 470 429 999 999 749 751 868 859 929 935 970 972 799 785 801 801 731 746 979 978 960 960 881 880 686 683
46 15 9692 775 772 968 965 896 889 807 797 636 656 907 901 847 839 560 534 982 982 738 745 870 875 958 960 671 664 542 563 959 963
47 15 9924 973 971 688 667 844 859 827 836 843 843 769 774 941 945 529 551 555 538 922 924 887 890 927 922 919 926 946 951 835 833
48 15 9013 946 944 557 515 594 602 986 986 896 894 540 569 645 666 686 665 926 922 928 930 817 800 428 408 740 760 786 784 792 778
49 15 9230 419 428 854 841 871 874 670 643 840 847 949 947 891 884 894 884 874 875 912 907 751 747 933 939 162 146 880 868 638 667
50 15 9221 674 669 182 212 571 582 764 779 962 960 990 990 808 813 961 959 661 639 802 783 647 612 879 873 1000 1000 916 918 710 707
51 15 10657 929 927 993 992 641 669 832 816 959 955 853 839 940 936 941 941 976 976 862 864 980 981 951 950 819 836 898 906 748 756
52 15 10458 810 794 993 993 996 997 785 802 897 894 967 967 755 779 701 679 900 902 844 836 967 969 873 863 961 962 780 799 844 833
53 15 8548 850 835 883 883 574 568 996 996 768 775 720 724 800 798 801 789 275 213 789 768 980 979 689 689 278 266 527 560 756 774
54 15 10468 996 996 922 920 925 927 450 408 984 986 670 677 956 952 994 994 928 931 976 978 919 925 819 819 871 868 715 742 960 959
55 15 10517 919 911 954 956 1000 1000 944 948 774 795 969 969 568 563 890 896 788 770 900 907 898 899 850 857 982 984 966 964 745 747
56 15 9032 672 666 804 820 934 938 629 608 790 778 913 906 906 907 608 645 855 857 674 687 410 426 560 533 745 724 946 942 844 854
57 15 9924 773 786 923 926 850 856 984 983 622 586 891 880 958 954 997 996 599 600 716 707 766 783 939 945 989 990 851 837 547 586
58 15 9115 520 477 886 893 946 947 990 991 591 590 899 903 884 878 615 644 815 797 668 638 785 772 634 604 752 740 998 998 411 390
59 15 9047 893 895 537 559 774 780 777 795 861 860 760 771 652 634 975 973 976 977 663 668 749 737 805 824 497 454 928 927 462 420
60 15 9628 663 676 601 569 902 895 774 774 903 910 904 899 820 829 857 851 934 938 777 793 701 694 768 773 817 816 813 814 802 816
61 15 9400 919 924 918 911 673 673 468 501 933 934 648 622 924 917 931 927 798 805 991 992 555 558 836 846 967 964 613 608 577 577
62 15 9302 728 708 761 748 813 811 918 911 704 698 844 855 644 676 751 736 377 405 931 933 960 958 694 718 920 918 601 569 982 982
63 15 9189 540 577 904 908 422 435 888 879 688 719 858 862 987 988 883 891 807 812 807 811 626 612 780 783 931 936 801 797 565 548
64 15 9505 866 873 694 693 648 664 928 927 814 797 761 758 834 838 807 803 671 653 821 822 941 940 777 782 805 823 800 806 715 727
65 15 9330 667 647 941 947 941 938 826 843 984 985 386 441 809 800 659 678 936 940 827 818 656 667 554 533 737 749 883 893 857 849
66 15 8858 854 864 958 962 100 160 444 496 801 797 796 796 505 552 968 970 966 964 556 536 903 895 931 933 610 648 863 872 818 833
67 15 9314 800 791 933 927 944 946 970 970 977 976 702 678 830 822 553 591 678 648 939 934 714 704 586 579 538 508 653 684 826 832
68 15 9534 752 757 296 327 933 927 687 691 458 503 986 987 897 887 984 982 684 668 463 454 857 852 971 970 979 978 981 982 990 991
69 15 9740 912 909 803 797 975 975 780 779 738 745 958 960 995 995 900 907 312 360 874 882 907 902 856 849 616 609 916 916 633 654
70 15 9664 829 821 748 745 809 815 909 905 805 806 817 818 867 867 984 984 684 695 518 533 982 980 917 916 989 989 645 666 578 620
71 15 10184 728 735 986 987 904 895 673 659 431 462 955 953 641 634 932 936 995 995 965 967 832 839 874 869 983 981 974 976 857 869
72 15 9210 492 456 779 758 996 995 754 737 963 963 870 860 617 640 685 691 322 373 840 828 901 896 718 704 899 906 732 745 945 944
73 15 9674 542 536 957 961 879 875 626 645 665 679 909 907 911 913 540 553 936 932 971 973 924 927 750 727 689 720 976 976 818 832
74 15 9050 955 958 961 963 765 776 747 732 506 457 965 962 860 858 642 669 525 546 957 958 781 782 763 782 721 745 615 653 550 579
75 15 9831 781 795 937 937 802 784 772 780 993 993 753 743 834 833 587 571 826 837 840 854 938 937 893 884 508 538 840 849 985 984
76 15 8936 776 760 892 895 642 660 927 922 720 697 995 994 647 673 764 781 685 669 746 728 779 795 390 338 732 759 866 873 609 571
77 15 10031 912 921 808 808 782 781 971 972 610 584 871 865 727 740 960 964 884 888 935 934 852 854 974 974 821 815 482 483 950 953
78 15 9697 975 972 707 691 196 186 816 826 954 957 539 529 638 638 994 994 925 924 933 939 975 975 741 738 942 943 959 963 828 838
79 15 10316 947 944 942 937 952 952 875 871 981 980 804 808 977 976 868 857 880 871 712 740 971 973 697 669 667 688 852 854 770 778
80 15 9084 906 909 655 643 580 564 509 547 776 793 716 714 870 879 646 653 841 851 967 963 818 828 902 895 604 565 834 843 731 722
81 15 9403 900 906 975 974 721 748 878 874 926 925 970 967 812 814 212 228 920 919 866 865 797 780 485 531 896 886 676 667 720 722
82 15 10240 674 667 676 694 786 787 884 885 939 938 979 978 783 768 678 705 843 828 971 973 755 767 964 963 977 979 898 900 993 993
83 15 9945 748 766 834 820 979 978 830 815 828 831 869 870 665 688 972 972 676 656 983 982 725 733 539 573 888 880 934 936 962 960
84 15 9524 997 997 998 998 910 909 763 771 670 638 546 557 706 695 724 701 633 619 908 905 876 879 806 816 936 937 541 572 891 884
85 15 10273 931 935 986 987 801 820 952 953 801 797 827 838 932 933 945 942 768 749 982 983 642 637 560 586 873 873 856 842 986 987
86 15 9600 689 679 823 815 990 989 525 534 944 949 996 997 733 759 700 698 708 694 835 840 602 601 958 961 803 801 762 746 932 928
87 15 9905 890 884 880 870 412 378 919 922 594 597 941 941 885 887 805 816 994 995 771 792 851 850 761 771 797 784 977 975 905 897
88 15 9774 817 834 934 934 817 802 972 971 650 638 971 969 961 958 790 770 529 515 730 748 361 358 762 762 977 976 997 997 950 950
89 15 9133 524 479 938 933 637 635 977 980 715 732 794 779 367 384 892 894 795 778 925 924 686 684 998 998 862 875 784 799 523 492
90 15 8790 869 865 825 836 945 948 953 949 570 540 573 554 790 770 999 999 468 512 897 893 944 942 881 869 366 325 485 473 423 476
91 15 9644 912 907 660 639 740 742 544 547 778 761 991 991 813 807 497 543 896 889 940 936 966 963 891 896 987 987 595 586 845 842
92 15 9632 985 985 942 946 849 836 610 612 959 957 826 840 901 907 928 922 599 574 842 839 963 961 952 953 279 310 671 647 734 709
93 15 8980 806 813 861 861 857 860 877 865 616 635 1000 1000 166 245 942 941 997 997 598 635 993 993 619 628 412 361 780 785 702 714
94 15 9573 854 857 438 438 795 799 891 892 688 679 973 974 929 923 835 838 858 870 695 706 841 855 780 761 675 660 971 972 744 740
95 15 9806 987 987 937 942 993 992 571 555 793 792 958 959 496 531 836 824 946 943 998 998 735 720 482 474 842 839 841 855 843 859
96 15 10134 933 937 798 796 982 982 789 795 968 971 804 805 977 979 676 705 731 741 960 960 991 990 936 931 734 751 534 505 855 866
97 15 9580 997 998 888 888 733 710 935 937 839 839 559 566 962 965 587 582 719 702 537 546 702 682 706 696 982 983 960 962 870 859
98 15 9412 705 681 739 734 724 735 833 840 674 655 739 733 922 926 818 820 981 980 500 532 909 909 814 802 946 943 952 954 510 559
99 15 8771 493 509 837 842 956 954 436 446 462 469 956 956 926 930 674 677 799 797 700 697 893 892 717 696 328 321 969 966 818 822
100 15 9300 535 510 806 814 799 789 477 447 775 793 941 937 872 871 811 822 791 780 938 939 473 523 914 916 903 905 940 942 650 640
