1 15 6244 144 88 452 401 595 563 259 228 586 594 242 253 856 849 901 904 977 975 89 139 547 562 470 438 486 443 401 352 800 800
2 15 7288 690 700 936 934 130 191 671 676 548 520 640 616 937 941 829 824 294 328 530 501 675 662 854 867 629 662 213 270 535 507
3 15 7593 951 952 67 24 650 664 701 676 962 963 743 757 751 741 708 681 448 409 138 171 780 797 722 713 198 174 905 899 768 760
4 15 7940 471 451 682 698 666 654 982 983 219 241 392 445 503 545 927 926 672 701 966 964 575 598 774 755 839 843 484 513 773 790
5 15 6221 906 913 639 643 184 170 161 104 754 749 887 894 605 574 476 519 558 570 692 715 399 355 733 738 63 147 266 286 454 486
6 15 7296 435 383 890 891 919 921 646 634 56 70 577 590 242 184 599 628 980 981 853 847 698 696 375 355 281 233 579 553 990 990
7 15 5939 398 454 980 982 875 873 185 140 300 261 218 204 319 375 859 847 301 329 97 135 511 543 379 383 841 855 354 298 807 809
8 15 7260 361 325 448 410 295 253 981 981 789 773 785 784 801 783 480 512 822 820 454 491 711 729 615 596 237 206 406 457 890 893
9 15 4481 312 252 225 171 119 173 870 870 423 416 701 694 719 706 119 206 300 246 263 248 622 622 42 124 243 217 348 402 296 365
10 15 4244 317 249 945 947 170 134 580 610 54 114 93 8 313 327 15 64 801 821 324 363 429 416 260 280 356 293 332 369 316 382
11 15 5953 1 86 537 497 150 185 781 784 348 409 602 624 557 569 896 895 386 427 472 443 321 352 194 217 867 869 882 884 448 490
12 15 6980 904 900 955 960 595 594 658 670 767 751 957 954 249 199 473 465 165 101 505 484 210 275 429 460 362 415 697 721 799 815
13 15 7881 851 848 407 393 695 719 724 704 736 738 877 888 798 808 798 812 932 938 318 347 55 138 935 936 39 7 820 826 867 876
14 15 7060 376 351 297 336 787 774 657 676 926 924 235 173 412 360 790 786 955 956 979 980 141 128 273 327 794 794 465 444 738 740
15 15 5949 349 288 460 440 861 848 133 208 401 445 688 713 617 592 452 475 527 526 675 648 619 613 530 555 241 275 105 49 779 759
16 15 5132 567 602 955 956 144 121 512 494 75 14 129 104 284 288 134 198 470 487 925 925 737 758 142 175 506 479 320 294 515 555
17 15 5572 527 514 230 270 812 802 262 208 665 692 228 160 381 377 376 376 465 457 185 185 267 217 659 683 67 130 973 973 868 880
18 15 6260 898 890 123 78 540 524 57 21 166 177 996 996 655 662 78 83 693 689 494 451 846 853 916 922 372 431 530 539 462 445
19 15 6231 687 698 56 23 431 377 256 294 358 393 693 706 970 967 268 209 82 96 991 992 648 614 516 555 288 282 925 918 620 654
20 15 6509 735 747 489 441 409 419 300 311 892 884 530 550 979 980 112 134 386 439 676 652 469 512 525 524 326 276 815 816 494 484
21 15 6447 37 84 311 259 858 855 531 571 828 834 552 590 297 362 398 361 997 996 839 834 480 484 969 969 288 220 540 567 134 125
22 15 7675 972 974 81 107 336 379 512 501 934 940 828 838 884 882 364 312 864 854 447 393 798 780 942 946 165 108 932 926 535 551
23 15 5106 18 44 387 382 348 310 857 865 983 983 580 553 784 802 164 220 338 361 217 185 156 105 504 526 325 346 638 667 84 55
24 15 7724 439 392 705 683 678 650 467 435 909 902 946 950 654 683 895 902 384 425 850 849 140 198 920 914 355 357 578 554 736 755
25 15 6348 957 953 913 913 345 308 481 437 149 141 921 921 334 341 357 371 574 578 695 708 625 662 458 433 502 500 508 537 117 142
26 15 6169 736 736 556 546 359 377 300 314 751 727 700 727 615 653 389 345 274 234 113 152 646 637 994 994 516 541 606 566 157 78
27 15 7507 790 796 695 684 580 622 767 761 927 928 780 760 401 417 155 225 252 270 895 889 244 307 586 547 645 622 912 906 755 732
28 15 6520 670 671 397 348 838 847 248 202 759 769 808 812 181 141 371 430 998 998 879 880 221 167 188 217 895 885 352 405 346 370
29 15 7138 720 719 474 430 196 213 949 947 880 878 80 87 794 792 369 352 667 689 426 398 989 990 463 494 709 692 675 655 532 545
30 15 5029 393 433 364 305 547 542 643 649 306 347 65 105 555 571 969 972 916 913 467 436 278 347 22 55 378 372 187 118 197 219
31 15 5632 823 830 299 303 628 646 369 319 256 291 16 46 55 6 384 430 658 658 170 118 906 914 931 932 532 542 18 97 996 996
32 15 8254 103 77 973 975 958 956 964 964 812 796 938 940 749 735 540 533 642 635 801 806 961 957 147 226 721 708 643 637 366 310
33 15 5717 780 775 301 267 118 61 368 309 41 59 849 860 879 884 367 422 392 443 511 511 790 770 183 166 487 444 197 170 884 879
34 15 5841 917 918 484 438 639 604 548 516 407 401 213 165 50 16 675 680 518 559 982 982 152 184 217 207 983 984 379 396 138 174
35 15 5466 624 641 140 177 457 409 804 810 255 214 251 177 557 540 15 38 880 887 201 231 304 357 979 978 560 535 201 212 605 608
36 15 6500 427 478 775 769 865 853 491 478 584 543 382 326 473 432 404 414 914 913 449 417 350 406 342 300 448 482 907 915 314 275
37 15 7298 771 749 898 904 616 584 537 546 662 642 400 441 410 406 978 980 151 188 538 577 452 433 921 917 256 330 705 727 828 823
38 15 5456 162 134 465 476 803 807 648 616 427 457 426 410 330 264 653 642 69 129 605 590 516 495 321 364 10 4 797 787 589 579
39 15 6758 259 244 898 888 377 378 609 604 495 460 370 406 713 729 825 819 443 425 325 389 419 438 370 376 615 633 904 909 826 818
40 15 6085 461 511 845 838 564 564 511 553 741 717 436 452 577 538 615 621 194 204 216 167 728 720 666 643 652 643 294 249 107 169
41 15 6034 766 787 343 279 474 474 894 895 186 232 84 76 322 273 449 394 516 537 915 912 557 560 428 425 713 726 463 467 433 454
42 15 7058 801 807 550 554 162 146 664 678 55 14 863 870 880 870 75 13 697 690 890 901 538 580 648 660 199 258 809 798 992 993
43 15 6156 359 399 302 268 397 449 743 756 937 934 607 634 92 20 688 695 626 639 415 396 407 460 563 592 810 799 336 301 414 455
44 15 7764 293 336 798 815 200 152 640 644 733 724 279 273 662 684 844 842 668 664 586 566 981 980 842 844 768 771 862 851 549 505
45 15 5424 357 342 566 573 121 186 880 890 711 729 10 19 319 330 402 393 386 327 1000 1000 141 153 161 129 771 781 274 299 681 658
46 15 6500 359 344 209 192 706 683 545 568 479 442 131 169 696 669 890 880 676 649 729 753 528 498 558 568 391 446 659 642 569 557
47 15 4660 374 353 624 631 694 671 311 342 185 247 93 115 145 110 247 320 848 839 93 14 315 335 405 384 305 290 744 727 442 403
48 15 6495 286 214 667 665 505 550 150 150 276 260 495 459 361 406 333 399 389 393 741 734 918 917 811 824 764 758 709 714 714 698
49 15 7174 378 335 793 796 853 864 378 430 364 369 974 972 647 675 935 935 137 89 456 439 122 90 996 996 419 395 628 627 888 894
50 15 6363 850 845 472 514 493 454 414 460 996 996 521 497 358 338 245 205 518 551 302 298 361 407 604 625 794 776 821 835 205 203
51 15 6168 433 461 700 698 469 436 309 363 73 61 637 648 544 535 336 303 905 900 983 982 535 517 644 629 1 66 982 983 160 85
52 15 7848 975 976 769 779 478 511 858 855 735 744 374 383 859 855 946 943 354 293 121 55 359 417 807 805 997 997 536 556 642 612
53 15 6160 109 191 163 167 587 616 980 982 762 750 818 806 222 182 375 368 11 22 475 467 484 495 116 119 935 928 891 892 772 762
54 15 5937 742 738 694 719 659 669 382 343 617 592 145 175 507 547 311 291 463 512 125 142 200 177 878 871 471 513 535 543 693 696
55 15 4400 157 170 545 516 289 228 154 126 101 147 312 312 100 89 214 183 453 491 685 668 850 860 123 107 433 465 661 645 423 369
56 15 8166 902 899 729 747 943 945 815 799 431 405 883 880 95 112 234 185 934 933 973 974 164 186 796 794 914 906 747 757 648 645
57 15 5909 675 654 265 206 138 136 943 942 142 142 351 395 615 613 994 995 480 462 391 418 155 79 945 949 783 771 74 161 436 427
58 15 5363 336 304 484 460 476 519 483 496 165 98 808 795 620 642 297 228 756 780 133 198 91 48 212 290 909 901 58 119 876 885
59 15 6221 951 956 83 156 319 301 747 724 661 692 815 806 25 101 625 602 558 561 521 473 718 717 343 285 763 755 411 449 237 181
60 15 6156 47 130 340 304 251 276 863 865 375 356 576 617 801 810 961 962 409 373 512 477 55 4 281 210 971 973 953 952 300 331
61 15 6959 853 857 886 883 670 647 289 290 906 909 74 65 943 945 774 790 501 499 550 537 18 71 976 979 941 943 76 56 242 199
62 15 7065 962 960 241 170 275 212 40 49 711 717 965 966 502 453 405 361 977 978 857 849 786 799 209 184 813 815 213 205 876 887
63 15 5854 890 892 935 930 941 946 39 79 628 604 382 338 775 760 295 337 539 537 128 63 569 603 328 313 181 156 564 574 124 68
64 15 6912 287 351 648 683 674 694 606 626 480 438 363 392 930 934 567 596 418 433 447 454 884 891 409 422 810 817 208 258 909 914
65 15 7298 903 907 247 256 432 433 347 406 527 522 892 883 735 750 969 968 550 569 524 505 164 236 505 532 969 969 663 636 696 712
66 15 5925 786 766 147 97 442 458 726 720 401 408 545 580 402 373 466 463 615 587 459 430 310 324 653 634 700 677 197 185 558 554
67 15 5755 824 836 960 957 258 193 906 909 570 566 128 90 302 245 24 53 191 221 902 908 723 713 160 230 32 70 872 865 342 330
68 15 5902 231 256 685 693 681 697 172 160 656 655 383 439 245 314 286 260 788 770 395 392 743 730 760 774 505 517 728 721 120 139
69 15 6896 979 980 571 614 695 712 795 812 311 306 663 679 636 610 796 805 113 165 81 37 43 16 829 813 658 665 956 952 494 468
70 15 5748 789 778 459 417 238 162 125 168 27 82 604 610 50 119 306 297 665 660 593 615 964 962 48 8 797 814 698 709 822 810
71 15 5288 779 767 237 245 162 162 44 81 251 216 248 259 204 248 316 302 694 719 765 759 859 869 729 704 660 645 319 278 343 304
72 15 6823 728 725 567 568 351 385 191 170 614 589 779 797 902 911 289 325 726 738 984 986 236 282 598 625 673 700 781 799 110 142
73 15 6835 465 441 966 963 713 715 815 829 967 970 635 631 676 699 75 148 325 390 920 927 433 444 83 108 643 643 109 174 719 740
74 15 5651 106 172 507 550 589 578 529 533 177 186 578 604 455 417 804 804 767 775 48 111 910 905 47 109 83 68 626 600 838 846
75 15 5260 588 568 644 641 421 425 370 398 852 845 414 400 203 210 645 654 354 311 316 332 137 63 485 460 239 171 240 188 667 697
76 15 7560 473 494 211 228 847 843 906 915 603 575 859 867 462 505 600 568 814 822 901 897 59 84 937 936 799 811 895 896 85 82
77 15 7118 842 844 750 747 441 408 962 959 151 213 459 484 595 609 748 727 442 407 570 546 942 943 393 445 288 259 884 893 431 480
78 15 6981 399 413 949 953 235 253 189 233 810 828 148 127 996 997 200 265 257 241 664 635 570 605 980 978 731 714 801 790 798 799
79 15 5554 151 113 809 817 237 229 455 472 882 893 900 906 63 29 184 128 870 873 328 353 303 270 136 208 86 102 598 595 941 944
80 15 5686 445 414 180 213 836 835 600 563 769 790 838 829 168 154 316 380 424 481 531 487 263 204 282 321 220 213 303 342 933 931
81 15 5783 588 620 805 801 929 932 172 177 377 384 684 686 477 436 766 780 46 102 182 226 262 265 747 767 88 159 404 387 702 693
82 15 6276 815 833 298 276 684 656 687 660 861 865 101 56 298 339 464 480 817 823 106 30 227 169 77 30 906 912 656 647 848 847
83 15 6894 709 703 986 986 720 742 661 676 167 121 811 816 612 576 2 76 733 722 852 856 379 366 620 620 434 420 749 761 183 256
84 15 6199 267 336 694 725 373 367 122 66 100 72 781 764 859 850 644 653 979 980 276 302 617 609 938 935 148 118 395 340 556 583
85 15 7251 758 779 79 7 894 901 529 564 759 775 684 713 332 288 567 532 928 921 361 379 651 651 960 957 503 470 832 828 227 178
86 15 5046 656 647 896 889 300 257 583 612 569 596 186 131 197 263 288 297 116 125 88 14 497 481 686 677 444 483 95 55 707 685
87 15 5087 870 869 89 60 285 256 408 449 372 323 331 357 48 99 398 345 773 792 903 895 168 227 140 141 359 310 565 597 650 668
88 15 5953 513 550 952 948 743 723 95 176 112 86 648 670 236 282 941 942 549 523 537 563 47 136 624 613 630 663 636 641 179 169
89 15 5658 766 784 338 289 551 574 820 836 9 37 449 404 89 15 205 194 562 576 995 995 689 710 85 6 189 142 477 440 849 862
90 15 5692 174 134 146 199 216 204 273 318 379 346 386 403 919 915 786 789 976 975 832 838 616 606 715 743 379 386 61 4 257 269
91 15 6026 864 863 604 626 311 348 642 646 622 617 5 65 603 634 209 198 606 579 878 885 104 107 690 663 207 162 828 813 360 400
92 15 7346 595 601 726 711 642 673 902 909 185 141 957 959 837 822 420 417 349 302 375 438 263 230 986 984 732 751 765 770 449 440
93 15 5393 805 790 461 507 644 633 643 666 648 660 210 217 101 138 250 322 208 144 329 279 400 385 584 572 785 803 308 333 366 426
94 15 5912 579 548 967 968 114 74 6 75 846 852 919 918 290 349 747 769 100 27 652 619 179 156 83 65 916 913 978 978 14 59
95 15 5546 81 20 106 116 392 351 609 622 476 486 957 959 236 178 313 381 116 184 213 257 730 717 370 379 878 879 845 856 611 606
96 15 6080 296 276 258 241 948 950 408 409 659 627 914 915 935 930 497 490 176 255 894 894 553 595 43 90 263 314 247 318 510 538
97 15 6612 516 484 986 986 209 194 729 709 990 990 628 624 434 456 610 587 983 983 146 63 169 247 204 265 324 361 574 589 763 755
98 15 6035 49 84 476 452 548 516 463 410 915 913 644 628 25 83 767 785 806 823 84 51 578 612 631 653 75 8 978 977 505 458
99 15 6478 842 852 580 561 335 332 724 740 295 356 488 535 135 74 715 688 965 966 687 662 226 153 666 655 632 641 574 600 234 302
100 15 5330 258 296 489 440 837 823 305 284 351 337 302 332 29 32 95 149 51 64 916 909 529 571 377 348 789 771 654 641 681 677
