1 15 6224 144 88 834 826 216 230 242 253 856 849 901 904 977 975 89 139 547 562 470 438 486 443 401 352 800 800 297 231 520 484
2 15 7328 852 843 572 559 189 267 640 616 937 941 829 824 294 328 530 501 675 662 854 867 956 956 862 872 199 271 427 378 345 315
3 15 6840 634 649 248 318 477 503 454 482 691 704 813 811 744 725 543 568 722 713 316 353 108 43 471 451 682 698 666 654 982 983
4 15 7821 392 445 503 545 927 926 672 701 966 964 575 598 774 755 839 843 484 513 773 790 773 754 866 864 553 532 412 427 268 325
5 15 6648 796 778 99 43 904 910 634 632 872 878 770 750 266 286 454 486 283 308 645 675 232 255 877 866 660 665 577 590 242 184
6 15 6722 980 981 853 847 698 696 375 355 167 239 705 706 398 454 980 982 875 873 185 140 300 261 408 460 319 375 859 847 301 329
7 15 5875 511 543 379 383 841 855 354 298 807 809 332 336 223 243 157 162 288 329 84 136 167 217 823 822 822 820 845 860 711 729
8 15 5548 444 415 366 354 890 893 498 465 62 40 150 152 806 799 498 527 440 474 385 334 274 266 990 990 110 128 401 446 622 622
9 15 5460 659 688 243 217 348 402 296 365 340 287 568 552 933 928 283 343 852 845 817 800 34 126 313 327 15 64 801 821 324 363
10 15 7582 898 893 356 293 332 369 316 382 855 846 928 928 71 77 706 726 557 519 963 960 773 757 875 872 472 443 730 711 646 679
11 15 6902 882 884 448 490 473 521 595 594 658 670 767 751 957 954 249 199 473 465 165 101 505 484 210 275 429 460 921 923 896 889
12 15 7216 789 785 100 135 724 704 736 738 877 888 798 808 798 812 932 938 318 347 55 138 935 936 39 7 820 826 867 876 233 202
13 15 7918 779 796 787 774 657 676 926 924 235 173 412 360 790 786 955 956 979 980 141 128 273 327 794 794 465 444 738 740 967 968
14 15 7378 576 545 871 870 894 887 182 104 716 723 494 489 522 500 925 919 768 747 724 725 568 609 567 602 955 956 144 121 317 329
15 15 7101 356 319 526 482 869 878 820 828 833 821 783 784 261 234 458 460 883 872 364 308 757 778 812 802 262 208 665 692 228 160
16 15 7188 376 376 465 457 502 454 879 868 248 298 973 973 868 880 612 583 464 468 485 439 674 652 280 351 687 666 873 886 599 612
17 15 6647 693 689 494 451 846 853 916 922 372 431 595 561 344 369 431 377 256 294 358 393 693 706 970 967 268 209 82 96 991 992
18 15 7425 496 498 75 97 869 869 764 760 722 711 408 454 768 770 979 980 623 633 931 934 134 199 907 900 495 523 976 976 135 151
19 15 6444 237 242 828 834 552 590 297 362 398 361 997 996 839 834 480 484 969 969 288 220 792 812 134 125 81 107 336 379 828 838
20 15 6760 978 978 370 416 762 760 390 426 218 287 766 751 256 320 457 461 500 526 289 273 720 711 398 441 983 983 580 553 784 802
21 15 7848 909 912 834 846 674 669 293 292 197 244 720 709 658 630 900 897 341 333 430 454 851 857 951 946 914 918 484 530 654 683
22 15 6104 384 425 850 849 140 198 920 914 355 357 578 554 736 755 533 572 703 694 157 154 425 385 428 476 128 99 771 765 522 529
23 15 6999 539 522 706 732 989 990 458 433 502 500 508 537 643 660 803 805 584 572 469 467 968 968 597 572 615 653 142 203 226 166
24 15 8312 646 637 994 994 516 541 606 566 790 796 695 684 580 622 767 761 927 928 780 760 401 417 919 924 538 515 586 547 645 622
25 15 6406 123 168 432 410 670 671 397 348 838 847 248 202 759 769 808 812 181 141 371 430 998 998 879 880 221 167 188 217 895 885
26 15 7232 727 718 543 540 720 719 474 430 730 705 772 763 395 396 538 492 459 470 366 346 834 821 567 564 709 692 675 655 532 545
27 15 6720 393 433 364 305 547 542 643 649 306 347 713 703 677 708 969 972 916 913 467 436 974 973 670 699 378 372 187 118 197 219
28 15 7610 823 830 299 303 628 646 369 319 256 291 654 653 245 204 874 879 494 519 931 932 606 590 996 996 416 359 958 956 964 964
29 15 6559 372 427 749 735 540 533 326 388 350 304 721 708 427 478 366 310 523 504 292 238 706 698 868 856 493 458 594 573 872 871
30 15 5458 367 422 392 443 511 511 790 770 397 426 85 69 348 405 917 918 484 438 639 604 548 516 407 401 213 165 50 16 675 680
31 15 7190 982 982 688 707 379 396 138 174 334 351 733 717 718 746 721 707 650 633 415 421 398 340 266 322 951 948 636 622 979 978
32 15 6635 683 664 229 245 926 923 427 478 775 769 865 853 491 478 584 543 382 326 473 432 404 414 914 913 449 417 350 406 342 300
33 15 7361 907 915 771 749 898 904 616 584 537 546 662 642 400 441 410 406 978 980 151 188 538 577 452 433 921 917 256 330 705 727
34 15 6072 159 108 162 134 465 476 803 807 648 616 763 779 426 410 330 264 653 642 824 829 315 293 290 309 816 814 396 432 540 548
35 15 6856 374 344 279 337 124 102 791 795 640 640 906 904 713 729 825 819 443 425 325 389 663 634 554 571 726 706 747 741 461 511
36 15 5880 501 461 927 925 45 139 436 452 577 538 615 621 558 588 666 643 652 643 184 138 844 852 343 279 597 572 84 76 322 273
37 15 6370 179 181 915 912 529 499 474 429 717 701 534 492 685 704 534 539 162 146 664 678 55 14 863 870 880 870 75 13 697 690
38 15 7174 538 580 648 660 199 258 809 798 992 993 587 608 811 796 257 292 936 942 120 138 707 715 345 371 953 953 833 833 233 285
39 15 7224 414 455 642 612 806 795 930 925 359 389 397 370 174 201 668 691 280 304 667 673 577 534 889 896 816 826 862 851 549 505
40 15 7415 357 342 566 573 873 875 934 939 815 803 143 112 775 770 315 300 813 832 676 653 206 152 709 725 878 872 743 752 466 466
41 15 6993 813 803 746 757 795 774 857 858 756 778 479 442 719 711 127 158 407 434 528 498 558 568 391 446 659 642 569 557 338 327
42 15 3954 624 631 694 671 311 342 185 247 93 115 145 110 247 320 848 839 93 14 315 335 329 345 397 358 173 235 155 119 334 357
43 15 7378 478 472 953 951 501 500 387 370 151 157 858 850 996 996 529 528 811 824 764 758 709 714 714 698 298 228 364 409 710 703
44 15 6497 919 916 714 722 935 935 137 89 456 439 122 90 996 996 419 395 628 627 888 894 163 158 493 454 991 991 23 16 238 280
45 15 5666 302 298 858 850 764 761 205 203 141 221 433 461 700 698 469 436 309 363 637 648 404 429 638 625 425 429 40 67 758 734
46 15 7780 982 983 160 85 755 768 380 377 858 855 735 744 374 383 859 855 946 943 30 3 807 805 997 997 536 556 642 612 665 634
47 15 6283 163 167 587 616 980 982 762 750 818 806 222 182 375 368 559 538 420 437 606 610 275 332 631 651 20 17 742 738 694 719
48 15 6286 773 768 552 563 736 717 445 445 924 921 682 680 125 142 200 177 878 871 471 513 591 551 547 516 475 479 337 309 122 61
49 15 6618 337 318 758 774 312 312 100 89 214 183 847 858 123 107 433 465 661 645 423 369 676 703 902 899 729 747 943 945 815 799
50 15 7312 147 212 95 112 802 821 918 913 370 407 634 665 629 647 772 753 998 998 675 654 100 146 990 989 401 383 615 613 994 995
51 15 7875 353 339 724 704 709 735 759 772 502 463 801 786 971 970 425 406 865 857 960 957 271 250 907 899 624 659 165 98 808 795
52 15 4816 133 198 91 48 997 998 66 127 876 885 83 156 114 143 815 806 25 101 625 602 558 561 521 473 718 717 352 340 47 130
53 15 6425 106 62 695 717 338 321 865 867 801 810 961 962 409 373 512 477 55 4 601 637 768 759 670 692 155 164 950 950 146 89
54 15 6928 906 909 74 65 943 945 856 855 485 495 366 370 941 943 394 426 962 960 241 170 275 212 40 49 711 717 965 966 502 453
55 15 6220 486 535 754 772 234 278 810 799 210 259 213 205 876 887 368 423 420 471 178 162 788 773 824 828 799 801 487 439 328 313
56 15 6246 67 79 904 897 698 705 287 351 648 683 674 694 606 626 96 131 567 596 418 433 447 454 884 891 613 618 691 716 208 258
57 15 7065 545 522 520 513 347 406 527 522 892 883 735 750 969 968 550 569 524 505 164 236 505 532 969 969 663 636 696 712 226 172
58 15 6256 207 141 647 674 726 720 559 542 881 872 260 269 477 507 134 114 233 227 601 593 430 395 611 616 271 280 824 836 960 957
59 15 7072 874 876 401 410 802 787 790 782 401 358 951 947 648 650 866 872 324 278 697 711 217 215 409 377 277 304 473 492 711 692
60 15 8882 425 396 486 471 956 954 958 958 640 632 801 811 694 663 600 570 786 777 615 650 728 721 610 647 974 971 839 852 991 991
61 15 6157 795 812 311 306 663 679 636 610 796 805 113 165 81 37 43 16 829 813 658 665 956 952 494 468 985 985 224 203 113 86
62 15 5800 125 168 27 82 578 620 50 119 306 297 665 660 593 615 964 962 48 8 797 814 698 709 822 810 810 803 217 220 550 524
63 15 6957 690 693 270 201 571 542 778 789 996 997 694 719 765 759 859 869 729 704 278 326 197 239 343 304 565 594 448 427 514 539
64 15 6848 370 349 902 911 757 755 236 282 598 625 673 700 781 799 110 142 110 165 798 807 873 881 967 970 635 631 676 699 75 148
65 15 7376 920 927 433 444 638 640 505 506 861 861 873 863 944 941 377 416 535 560 556 577 804 814 155 200 804 804 767 775 48 111
66 15 5998 951 946 168 222 83 68 626 600 838 846 899 893 258 225 456 410 534 497 720 704 256 242 375 372 544 567 624 602 166 217
67 15 6116 137 63 261 310 239 171 240 188 667 697 93 36 706 730 211 228 847 843 906 915 603 575 859 867 462 505 600 568 814 822
68 15 7366 711 686 230 297 695 713 895 896 483 518 750 747 410 369 799 797 848 851 472 498 970 970 425 433 139 215 407 395 974 973
69 15 8220 930 922 939 936 962 960 632 609 667 688 148 127 996 997 200 265 257 241 664 635 570 605 980 978 731 714 801 790 798 799
70 15 6168 517 491 372 367 803 818 900 906 161 108 47 118 934 932 511 491 52 11 914 911 587 607 511 525 225 244 706 705 471 489
71 15 7827 769 790 838 829 421 381 966 966 998 998 34 88 772 784 457 511 303 342 933 931 493 470 894 902 805 801 929 932 172 177
72 15 7519 904 908 881 881 919 923 700 672 598 573 262 265 747 767 889 894 360 305 354 394 298 276 684 656 687 660 861 865 255 311
73 15 8040 464 480 817 823 973 972 127 123 624 636 693 714 954 957 709 703 986 986 720 742 661 676 167 121 811 816 612 576 733 722
74 15 7673 911 907 614 587 395 336 500 511 437 401 819 822 975 973 1000 1000 456 502 122 66 100 72 781 764 859 850 644 653 979 980
75 15 6776 471 484 835 849 234 180 374 361 486 492 540 528 758 779 79 7 894 901 529 564 759 775 684 713 332 288 567 532 928 921
76 15 5755 883 889 638 622 154 154 296 343 143 97 850 843 656 647 896 889 300 257 583 612 569 596 186 131 197 263 288 297 555 564
77 15 6306 497 481 686 677 444 483 95 55 707 685 903 899 451 453 341 331 299 273 840 840 115 143 694 685 771 754 900 909 140 83
78 15 7937 855 856 505 517 917 920 800 795 887 898 952 948 743 723 947 945 358 414 648 670 236 282 941 942 549 523 537 563 47 136
79 15 5155 365 381 636 641 179 169 472 488 887 878 633 657 9 37 449 404 89 15 205 194 562 576 995 995 689 710 85 6 189 142
80 15 6226 858 868 128 189 174 134 146 199 216 204 273 318 379 346 386 403 919 915 786 789 976 975 832 838 616 606 715 743 379 386
81 15 6207 423 395 215 264 864 863 604 626 772 753 568 532 433 383 168 218 603 634 209 198 606 579 878 885 519 562 690 663 207 162
82 15 6707 344 326 651 632 595 601 230 182 929 930 858 859 234 282 957 959 837 822 420 417 349 302 375 438 90 132 963 965 552 547
83 15 6715 421 457 390 385 644 633 819 826 676 688 546 531 704 690 984 984 96 92 135 71 374 406 681 674 967 968 506 464 451 409
84 15 5157 278 231 851 844 139 103 747 769 100 27 652 619 179 156 83 65 916 913 978 978 406 433 112 82 5 15 392 351 609 622
85 15 7116 467 515 295 257 345 320 888 894 782 797 730 717 370 379 878 879 845 856 611 606 344 309 360 387 408 409 659 627 914 915
86 15 6933 987 987 439 403 894 894 553 595 244 282 263 314 247 318 510 538 873 886 516 484 986 986 407 402 130 215 990 990 628 624
87 15 5501 201 272 983 983 146 63 169 247 204 265 324 361 574 589 763 755 820 804 684 691 268 252 140 154 690 699 144 62 767 785
88 15 6485 84 51 578 612 631 653 649 650 399 434 842 852 580 561 335 332 724 740 295 356 488 535 135 74 715 688 965 966 687 662
89 15 6905 494 511 102 125 554 561 621 601 799 803 758 735 810 803 458 442 400 376 656 624 456 412 702 675 916 909 529 571 377 348
90 15 7181 252 275 919 914 977 978 433 475 866 854 238 242 475 525 856 853 670 690 854 845 774 768 174 130 591 595 760 765 138 178
91 15 7113 665 653 584 574 106 182 619 590 551 588 647 625 489 511 858 867 707 702 528 530 225 297 420 465 658 690 923 928 912 914
92 15 6348 415 469 958 961 284 282 442 479 492 447 513 522 993 993 323 385 870 863 479 482 552 509 755 745 44 36 201 136 614 603
93 15 6703 860 865 505 544 499 541 466 427 557 541 653 654 951 955 954 958 964 962 62 93 404 392 995 995 210 143 153 194 146 69
94 15 7975 953 949 984 984 222 218 206 168 935 937 404 354 985 985 588 556 631 615 85 176 891 889 891 890 963 965 544 584 687 701
95 15 7107 919 926 510 544 892 887 407 408 272 294 95 142 489 514 477 472 487 438 661 694 517 507 942 944 798 790 490 474 928 931
96 15 6109 901 903 703 692 829 828 371 342 302 236 769 769 821 839 109 143 52 31 85 135 620 652 692 697 836 851 23 51 524 531
97 15 7700 682 664 967 966 895 896 905 897 575 605 40 21 268 221 476 435 952 950 707 733 541 502 549 528 946 943 148 180 975 976
98 15 5584 482 517 203 170 413 393 177 220 445 409 384 412 402 454 242 253 659 664 894 894 378 409 712 714 690 718 111 48 789 787
99 15 7528 754 750 626 623 591 613 264 296 773 763 644 665 622 609 728 744 966 963 186 191 555 528 205 149 873 863 991 990 632 608
100 15 5340 412 426 743 763 394 367 853 867 620 607 516 518 52 141 180 136 324 329 950 949 22 24 381 409 150 184 488 475 591 606
