1 15 10050 1 1 1 0 0 1 1 0 1 1 1 1 1 1 1
2 15 13550 0 1 1 1 1 0 0 1 0 1 1 1 1 1 1
3 15 12533 1 1 0 1 1 1 1 1 1 1 0 0 1 1 0
4 15 13406 1 1 1 1 1 1 1 0 1 1 0 1 1 0 0
5 15 13041 1 1 0 1 0 1 1 1 1 0 1 1 1 0 1
6 15 15619 1 1 1 0 1 0 1 0 0 1 1 1 1 1 1
7 15 12928 1 1 1 1 0 1 1 0 1 0 1 1 1 0 1
8 15 14257 1 1 1 0 1 1 0 1 1 1 0 1 1 1 0
9 15 12322 1 1 0 1 1 1 0 1 0 1 1 1 1 0 1
10 15 13620 1 1 1 0 1 1 1 0 1 1 0 0 1 1 1
11 15 15162 1 1 0 1 1 1 0 0 1 1 1 0 1 1 1
12 15 15443 1 1 1 1 1 0 1 0 1 1 1 1 1 0 0
13 15 12329 0 0 1 1 0 1 1 1 1 1 1 1 1 1 0
14 15 13940 0 1 1 1 1 1 0 1 1 1 1 1 0 1 0
15 15 12700 0 1 1 1 1 0 1 1 0 1 1 1 1 1 0
16 15 14878 0 1 1 1 1 1 1 0 1 1 1 1 0 1 0
17 15 14920 1 1 1 1 1 0 0 1 1 1 1 1 0 0 1
18 15 14762 1 1 1 1 1 1 0 1 0 1 1 1 1 1 0
19 15 12897 1 0 1 0 1 0 1 1 1 1 1 1 1 0 1
20 15 13238 0 1 1 0 1 1 1 0 1 1 1 1 1 1 0
21 15 12905 1 0 1 1 0 1 0 1 0 1 1 1 1 1 1
22 15 11933 1 1 1 1 1 1 0 1 0 1 1 0 1 1 0
23 15 13558 1 0 1 1 0 1 1 1 1 0 1 0 1 1 1
24 15 14210 1 0 1 1 0 1 1 1 1 1 1 1 1 0 1
25 15 11634 1 1 1 1 1 1 1 1 1 0 0 0 1 1 1
26 15 12173 1 1 0 0 1 1 1 1 0 0 1 1 1 1 1
27 15 13152 1 0 1 1 0 0 1 1 1 1 0 1 1 1 1
28 15 13100 1 1 0 1 0 1 1 1 1 1 0 1 1 1 0
29 15 11559 1 1 0 1 0 1 1 0 1 1 1 1 1 1 1
30 15 13167 1 1 1 1 0 0 0 1 1 1 1 1 1 1 1
31 15 13147 1 0 1 1 1 1 1 0 1 1 0 1 1 1 1
32 15 13052 1 1 1 0 0 1 1 1 1 1 0 1 1 0 1
33 15 13719 1 1 0 1 1 1 1 0 1 1 1 0 0 1 1
34 15 16207 0 0 1 1 1 1 0 1 1 1 1 1 1 0 1
35 15 12507 1 1 1 1 1 0 0 1 1 0 1 0 1 1 1
36 15 12223 0 1 1 1 1 1 1 0 1 1 1 1 0 1 1
37 15 15547 1 1 1 1 0 1 1 0 1 1 0 1 1 0 1
38 15 14342 1 1 1 1 1 1 0 1 0 0 1 0 1 1 1
39 15 14722 1 1 1 1 1 0 1 1 0 1 1 0 1 0 1
40 15 11890 0 1 1 1 1 0 1 1 0 1 1 1 1 1 1
41 15 12462 1 1 1 0 1 1 1 0 1 1 0 1 1 1 0
42 15 12352 1 1 0 1 1 1 0 1 1 1 0 0 1 1 1
43 15 15320 1 1 0 1 0 0 1 1 1 1 1 1 1 0 1
44 15 14403 1 1 0 1 0 1 1 1 1 1 1 1 1 0 0
45 15 11804 0 1 1 1 1 0 1 0 1 1 1 1 0 1 1
46 15 12914 0 1 1 1 1 1 1 1 1 1 0 1 1 0 1
47 15 12726 0 0 1 1 1 1 1 1 0 1 1 1 1 1 1
48 15 14600 1 1 1 1 1 0 1 0 1 0 0 1 1 1 1
49 15 13312 1 0 1 1 1 1 1 1 0 0 1 1 1 0 1
50 15 13071 1 0 1 0 0 1 1 1 1 1 1 1 1 1 0
51 15 11176 0 1 0 1 0 1 1 1 1 1 1 1 0 1 1
52 15 15282 1 1 1 1 1 1 1 0 0 1 0 0 1 1 1
53 15 11463 1 1 1 1 1 0 1 1 1 0 1 1 1 1 0
54 15 14541 1 1 0 1 0 1 1 0 1 1 0 1 1 1 1
55 15 15847 1 1 1 0 1 1 0 1 1 0 1 0 1 1 1
56 15 10539 1 1 0 1 1 0 1 0 1 1 1 1 1 1 1
57 15 13148 1 1 0 1 0 0 1 1 1 1 1 0 1 1 1
58 15 13929 1 1 0 1 1 1 1 0 1 0 1 1 1 1 1
59 15 14095 1 1 1 0 1 1 1 1 0 1 0 1 1 1 0
60 15 13850 1 0 1 1 1 1 0 1 1 1 1 0 0 1 1
61 15 14889 1 1 1 1 0 1 0 1 1 1 0 1 1 0 1
62 15 12383 1 0 0 1 1 1 1 1 1 1 1 1 1 0 0
63 15 14445 1 1 1 1 1 0 0 1 1 0 1 1 0 1 1
64 15 12704 0 1 0 1 1 0 1 1 1 0 1 1 1 1 1
65 15 13704 1 0 1 0 1 1 1 1 0 1 1 1 0 1 1
66 15 16256 1 1 0 1 1 1 1 0 1 1 0 0 0 1 1
67 15 12846 1 1 1 1 1 1 0 1 1 1 0 0 1 1 1
68 15 11704 1 1 1 1 0 0 1 1 1 1 1 0 0 1 1
69 15 16047 0 1 0 1 1 1 1 1 1 1 1 1 0 0 1
70 15 12442 1 1 0 1 0 0 1 1 1 0 1 1 1 1 1
71 15 12309 0 1 1 1 1 1 0 1 1 1 1 1 1 1 0
72 15 13636 1 0 1 1 1 0 1 0 1 1 1 1 1 1 0
73 15 15532 0 1 1 0 1 1 1 1 1 1 0 1 1 1 0
74 15 12584 0 1 1 1 1 1 1 1 0 1 1 1 1 0 1
75 15 11678 1 1 0 0 1 1 1 1 1 1 1 1 1 1 0
76 15 14926 0 1 0 1 1 1 1 1 1 1 1 1 0 1 0
77 15 13477 1 0 1 1 0 1 1 1 1 1 1 1 0 1 0
78 15 14273 1 0 1 0 0 1 1 1 1 1 1 1 1 0 1
79 15 13379 1 1 1 1 1 1 0 1 1 1 0 0 1 1 0
80 15 13898 1 1 1 1 0 1 0 1 0 1 0 1 1 1 1
81 15 13388 1 1 1 1 1 1 0 1 1 1 1 1 0 0 0
82 15 13465 0 0 1 1 1 1 1 1 1 1 1 0 1 1 0
83 15 13154 0 1 1 1 1 0 1 1 1 1 1 1 0 1 1
84 15 12214 1 1 1 1 1 1 1 0 1 0 1 1 1 0 1
85 15 13149 1 1 1 1 1 1 0 0 1 1 1 1 0 1 0
86 15 12986 0 0 0 1 1 0 1 1 1 1 1 1 1 1 1
87 15 14236 1 0 0 1 1 1 1 1 0 1 1 0 1 1 1
88 15 12888 1 0 1 1 1 0 1 1 1 0 0 1 1 1 1
89 15 13041 1 1 1 1 1 1 1 0 1 1 0 1 0 0 1
90 15 11883 1 0 1 1 1 1 1 0 1 1 1 0 1 1 1
91 15 13197 1 1 1 1 0 1 1 1 1 1 0 0 1 0 1
92 15 13353 1 1 0 0 1 1 1 1 1 1 1 0 1 1 1
93 15 12421 0 1 0 1 1 1 1 1 1 1 1 0 1 0 1
94 15 11840 1 1 1 0 1 1 1 1 1 0 1 0 1 1 0
95 15 15538 1 1 1 1 0 1 1 1 1 1 1 0 0 0 1
96 15 12915 0 0 1 1 1 1 1 1 1 1 1 1 1 0 1
97 15 14345 1 1 1 0 0 0 1 1 1 0 1 1 1 1 1
98 15 14032 1 1 1 0 1 0 1 1 1 1 0 1 1 1 1
99 15 13320 0 1 1 1 1 1 1 0 1 1 1 1 0 0 1
100 15 10740 1 1 1 1 1 1 0 1 1 1 1 1 1 0 0
101 15 14375 0 1 0 1 1 0 1 1 1 1 1 1 1 0 1
102 15 13094 1 1 1 1 1 1 1 1 0 1 1 0 0 1 1
103 15 10174 1 1 1 0 1 0 0 1 1 1 1 1 1 1 1
104 15 14660 1 0 1 1 1 1 1 0 0 1 1 1 0 1 1
105 15 13225 0 1 1 0 1 0 1 1 1 1 1 1 0 1 1
106 15 13288 0 1 1 0 1 0 1 1 1 1 1 1 1 1 0
107 15 13847 1 1 1 1 1 0 0 1 0 0 1 1 1 1 1
108 15 14028 0 1 1 1 1 0 1 1 1 1 1 1 0 1 0
109 15 12972 0 0 1 1 1 1 1 0 1 1 1 0 1 1 1
110 15 13013 0 1 1 1 1 1 0 0 1 1 0 1 1 1 1
111 15 14920 1 1 0 1 0 0 1 1 1 0 1 1 1 1 1
112 15 12691 1 0 1 1 1 0 1 0 1 1 1 1 1 0 1
113 15 14191 0 1 1 1 1 1 1 1 1 0 1 1 1 0 0
114 15 13014 1 1 1 1 0 1 1 0 1 1 1 1 1 0 1
115 15 13693 1 1 1 0 1 0 0 1 1 1 1 1 1 0 1
116 15 11640 0 1 1 0 1 1 1 0 1 1 1 1 1 0 1
117 15 12477 1 1 1 1 1 0 1 1 1 0 0 1 1 1 0
118 15 12258 1 1 1 1 0 1 1 0 1 1 0 1 1 1 0
119 15 12513 1 1 1 0 1 0 0 1 1 1 1 0 1 1 1
120 15 14795 0 1 1 1 1 1 1 0 0 1 1 0 1 1 1
121 15 12964 1 0 1 1 1 0 0 1 1 1 1 1 1 1 1
122 15 13202 1 1 1 1 0 1 1 1 1 1 1 1 0 1 0
123 15 12945 1 1 1 1 1 1 0 1 1 1 0 1 0 1 1
124 15 12878 1 1 1 1 1 0 1 1 1 0 1 1 1 1 0
125 15 10846 0 1 0 1 1 0 1 1 1 1 1 1 1 1 1
126 15 13351 1 1 0 1 1 1 0 0 1 1 1 1 1 0 1
127 15 12475 1 1 1 0 1 0 1 1 1 1 1 1 0 1 0
128 15 10888 0 1 1 1 1 0 1 0 1 1 1 1 1 1 1
129 15 16005 0 1 1 1 1 0 1 1 0 1 1 0 1 1 1
130 15 13567 1 1 1 1 1 1 0 0 1 1 1 1 1 0 0
131 15 13581 0 1 0 1 1 1 1 1 1 1 1 0 1 1 0
132 15 14709 0 0 1 1 1 1 0 0 1 1 1 1 1 1 0
133 15 12647 0 0 1 1 1 1 1 0 1 0 1 1 1 1 1
134 15 13696 1 1 1 1 1 1 1 1 0 0 1 1 0 0 1
135 15 14676 1 1 1 0 1 0 1 0 0 1 1 1 1 1 1
136 15 14432 0 1 1 1 1 1 1 1 1 1 1 0 0 0 1
137 15 12507 1 1 0 1 1 1 0 1 0 1 1 1 1 1 0
138 15 14906 0 0 1 1 1 1 1 0 1 1 1 1 1 0 1
139 15 12659 0 1 0 1 0 1 1 1 1 1 1 1 1 0 1
140 15 12410 1 1 0 1 1 1 1 1 1 0 1 1 0 1 1
141 15 14030 1 1 0 1 1 1 1 1 0 1 1 1 0 0 1
142 15 11791 1 1 1 1 1 0 1 1 0 1 0 1 0 1 1
143 15 11022 1 1 0 1 1 1 1 0 1 1 1 1 0 1 1
144 15 11634 1 1 0 1 1 1 1 0 1 1 1 1 0 1 1
145 15 11486 1 1 0 1 0 1 1 1 0 1 1 1 1 1 1
146 15 11990 1 1 1 0 1 0 1 1 0 1 1 1 1 1 0
147 15 14158 1 1 1 0 1 1 0 1 1 0 1 1 1 1 0
148 15 12967 0 1 1 1 1 0 1 1 1 0 1 1 0 1 1
149 15 15831 1 1 0 1 0 1 1 1 0 1 1 1 1 1 0
150 15 11136 1 1 1 1 1 1 1 1 1 1 1 0 0 0 0
151 15 13938 0 1 1 0 1 1 1 0 1 1 1 1 0 1 1
152 15 12799 0 1 1 0 0 0 1 1 1 1 1 1 1 1 1
153 15 15000 1 0 1 1 1 1 0 0 1 1 1 1 1 1 0
154 15 12843 0 1 1 1 1 1 1 0 1 0 1 0 1 1 1
155 15 12771 1 1 0 1 0 1 1 1 1 1 0 0 1 1 1
156 15 12635 0 1 0 1 1 0 1 1 1 1 1 1 0 1 1
157 15 14887 1 1 0 1 0 1 1 1 1 1 0 1 0 1 1
158 15 14318 1 1 1 1 1 0 0 1 1 1 1 0 1 1 0
159 15 11167 1 1 1 1 0 1 1 1 1 0 1 1 1 0 1
160 15 13352 1 1 1 0 0 1 1 1 1 0 1 1 1 1 1
161 15 14837 1 1 1 1 1 1 1 0 1 0 1 1 0 0 1
162 15 10417 0 0 1 1 1 1 0 1 1 1 1 1 0 1 1
163 15 13203 1 1 1 1 1 0 0 1 0 1 0 1 1 1 1
164 15 13391 1 1 1 1 0 0 0 1 1 0 1 1 1 1 1
165 15 13954 1 1 0 0 1 0 1 1 1 1 1 1 0 1 1
166 15 13834 0 1 1 1 1 0 1 0 1 1 1 1 0 1 1
167 15 9763 1 1 1 1 1 1 1 0 0 1 1 0 1 1 0
168 15 13150 0 1 1 1 1 1 1 0 0 1 1 1 1 0 1
169 15 12020 1 1 1 1 1 1 0 1 1 1 1 1 0 1 0
170 15 13595 1 1 0 1 1 0 1 0 1 0 1 1 1 1 1
171 15 13655 1 1 1 1 1 1 1 0 1 1 0 0 1 1 1
172 15 16124 1 1 1 0 1 1 1 0 1 1 0 1 0 1 1
173 15 12358 1 1 1 1 1 1 1 1 0 0 0 1 1 0 1
174 15 14275 0 1 1 1 0 1 0 1 1 1 1 1 1 1 0
175 15 13640 1 1 0 1 1 1 1 0 1 1 0 0 1 1 1
176 15 12912 1 1 1 1 1 1 1 1 1 0 0 1 0 1 0
177 15 13323 1 1 1 1 1 1 1 0 1 0 1 1 1 0 1
178 15 12884 1 1 1 1 1 1 1 0 0 1 1 1 1 1 0
179 15 13921 1 1 1 0 0 0 1 1 1 1 1 1 1 1 1
180 15 13135 1 0 1 1 1 1 0 0 0 1 1 1 1 1 1
181 15 11799 1 1 0 1 1 0 1 0 1 1 1 1 0 1 1
182 15 12916 1 1 1 1 1 1 1 1 0 0 0 1 0 1 1
183 15 15392 1 1 0 0 1 1 1 1 0 0 1 1 1 1 1
184 15 12744 1 1 1 1 1 0 1 1 1 0 0 1 1 1 1
185 15 14749 1 1 0 1 1 1 1 1 0 0 1 1 1 1 0
186 15 14484 1 1 1 1 1 1 1 0 1 1 0 0 1 0 1
187 15 14006 1 0 1 1 1 1 0 1 0 1 1 0 1 1 1
188 15 9938 1 1 0 0 1 1 0 1 1 1 1 1 1 1 1
189 15 14145 0 1 1 1 1 1 0 1 1 1 1 1 1 0 0
190 15 12813 0 1 1 0 1 0 1 1 1 1 1 1 1 1 1
191 15 14517 0 1 1 0 1 1 1 1 1 0 0 1 1 1 1
192 15 13360 1 0 1 1 1 1 1 0 1 1 1 1 0 1 0
193 15 11699 1 1 1 1 1 1 0 1 1 1 1 1 1 0 0
194 15 15147 1 1 1 0 1 1 0 1 1 0 1 1 1 1 0
195 15 14740 1 0 1 1 0 0 0 1 1 1 1 1 1 1 1
196 15 15488 1 1 1 1 0 1 1 1 0 1 0 1 0 1 1
197 15 13958 0 1 1 1 1 1 0 1 1 1 0 1 1 1 0
198 15 13956 1 1 1 1 1 1 1 1 0 0 1 1 0 1 0
199 15 12930 1 1 1 1 1 1 0 1 0 1 1 1 0 0 1
200 15 11565 1 1 0 1 0 1 1 1 1 1 1 1 0 1 1
201 15 12493 1 1 1 0 1 1 0 0 1 1 1 0 1 1 1
202 15 10967 1 1 1 1 1 1 0 0 0 1 1 1 1 1 0
203 15 13218 1 1 1 1 0 1 0 1 1 1 1 0 1 1 1
204 15 11813 1 0 1 0 1 1 1 0 1 1 1 1 1 0 1
205 15 13556 0 1 1 1 1 1 1 1 0 0 1 1 1 1 1
206 15 12977 1 0 0 0 1 1 1 1 1 0 1 1 1 1 1
207 15 13276 0 1 1 1 1 1 1 1 1 1 0 0 1 1 0
208 15 12969 1 1 0 0 1 0 1 1 1 1 1 1 1 0 1
209 15 14401 1 1 1 1 0 1 1 1 1 0 1 1 0 1 0
210 15 15994 1 1 1 0 0 1 1 0 1 0 1 1 1 1 1
211 15 10872 1 1 1 0 0 0 1 1 1 1 1 1 1 1 1
212 15 13682 1 1 1 1 1 0 0 0 1 1 1 1 1 1 0
213 15 8436 1 1 1 1 1 1 1 1 1 0 1 1 1 1 0
214 15 13951 1 1 1 0 1 0 0 1 1 1 1 1 1 0 1
215 15 15222 1 0 1 1 1 1 0 0 1 1 1 1 0 1 1
216 15 10834 0 1 1 1 0 1 1 1 0 1 1 1 1 0 1
217 15 14592 1 1 1 1 1 1 1 1 0 0 1 0 1 0 1
218 15 13617 1 1 1 1 0 0 1 1 1 0 1 1 1 0 1
219 15 12808 1 1 1 1 1 0 0 1 1 1 1 0 0 1 1
220 15 16597 1 1 1 0 1 1 0 1 0 1 1 1 0 1 1
221 15 14419 1 0 1 1 1 1 1 1 1 1 0 1 0 0 1
222 15 16308 0 1 1 1 1 0 1 1 1 1 1 1 1 0 0
223 15 13662 1 1 1 1 1 1 0 1 1 0 1 1 1 0 1
224 15 14183 1 0 0 1 1 1 0 1 1 1 0 1 0 1 1
225 15 14739 1 1 1 1 0 0 1 1 1 1 0 0 1 1 1
226 15 12970 1 1 1 1 1 1 0 0 1 1 1 0 0 1 1
227 15 12253 1 0 1 1 1 1 1 1 0 1 1 1 1 0 1
228 15 12130 1 1 0 1 1 1 0 1 1 1 1 1 1 1 0
229 15 11245 1 1 0 1 1 1 0 1 0 1 0 1 1 1 1
230 15 11096 1 1 0 1 1 0 1 1 1 1 1 1 1 0 1
231 15 12138 1 1 1 1 1 1 1 0 1 0 1 0 1 0 1
232 15 15021 1 1 0 0 1 1 1 1 1 1 1 0 1 0 1
233 15 15785 1 0 1 1 1 1 1 1 0 0 1 1 1 1 0
234 15 14370 1 1 1 1 0 1 1 0 1 1 1 1 0 1 0
235 15 14283 1 1 1 0 1 1 0 1 1 1 0 0 1 1 1
236 15 14600 1 1 1 1 1 0 1 1 0 1 1 1 1 0 0
237 15 15504 1 1 1 0 1 1 0 1 1 1 1 1 0 1 0
238 15 14812 1 1 0 1 0 1 1 1 1 0 1 1 1 1 0
239 15 13478 1 1 1 1 1 0 1 1 1 1 0 1 1 0 0
240 15 14219 1 0 1 1 1 1 1 1 0 1 1 1 0 1 0
241 15 13619 1 1 1 0 1 1 1 0 1 1 0 1 0 1 1
242 15 11525 1 1 0 1 0 1 1 1 1 1 1 1 1 0 1
243 15 14750 1 1 0 1 0 1 1 1 1 1 1 1 1 0 0
244 15 13149 1 1 1 1 1 1 0 0 1 1 1 0 1 1 1
245 15 12382 1 1 0 1 1 1 1 1 1 1 1 0 1 0 1
246 15 15670 0 1 1 1 0 0 1 1 1 1 1 1 1 1 0
247 15 14871 0 0 1 1 1 1 1 1 1 0 0 1 1 1 1
248 15 12942 1 0 1 1 0 0 1 1 1 1 1 1 1 0 1
249 15 13513 0 1 1 1 1 1 1 1 0 1 0 1 1 1 1
250 15 12967 1 1 0 1 0 1 1 1 1 1 1 0 1 1 1
251 15 12347 1 1 1 1 1 1 0 0 1 1 1 1 1 1 0
252 15 16993 1 1 1 1 0 0 1 1 1 1 1 0 1 1 0
253 15 13496 0 1 1 1 1 1 1 0 1 1 1 0 1 1 0
254 15 12529 1 1 0 0 1 1 1 0 1 1 1 1 1 0 1
255 15 14992 1 1 1 1 1 1 0 1 1 0 0 1 1 0 1
256 15 12651 0 1 1 1 1 0 1 0 1 1 1 1 1 1 1
257 15 14638 1 0 1 1 0 1 1 0 1 1 1 1 1 1 0
258 15 12022 0 1 1 1 1 1 1 0 1 1 1 0 1 1 1
259 15 13392 1 1 1 1 1 0 1 1 0 1 0 1 1 1 1
260 15 13259 1 1 1 1 1 1 1 0 0 1 1 0 1 1 1
261 15 11049 1 1 0 1 1 1 1 1 1 1 0 1 0 1 1
262 15 12842 1 1 0 1 1 1 1 1 0 1 0 1 0 1 1
263 15 11574 1 1 1 0 1 1 0 1 0 1 1 1 1 1 1
264 15 13381 1 1 1 1 1 1 0 0 1 1 1 1 0 1 0
265 15 10600 1 1 1 0 1 0 1 1 0 1 0 1 1 1 1
266 15 13026 0 1 1 1 1 1 1 1 0 1 0 1 1 1 1
267 15 14448 1 1 1 1 1 1 0 0 1 0 1 0 1 1 1
268 15 11624 1 0 1 1 1 0 1 1 1 1 1 1 1 1 0
269 15 13920 1 1 1 1 1 1 1 0 0 1 0 1 1 0 0
270 15 13600 1 1 0 1 1 0 1 0 1 1 0 1 1 1 1
271 15 13411 1 0 1 1 1 0 1 0 1 1 1 1 1 0 1
272 15 12425 1 1 1 1 1 1 1 1 0 1 0 1 0 1 1
273 15 10653 1 1 1 1 1 1 0 0 1 1 1 0 1 1 1
274 15 10207 1 1 1 1 0 1 1 0 1 1 0 1 1 1 1
275 15 14637 1 0 1 1 0 1 1 1 0 1 1 1 1 1 0
276 15 12918 1 1 0 0 0 1 1 1 1 1 1 1 1 1 1
277 15 12559 0 1 1 1 0 1 1 1 0 1 0 1 1 1 1
278 15 11693 1 1 1 1 0 1 1 0 1 0 1 1 1 1 1
279 15 12838 1 1 0 1 0 1 0 0 1 1 1 1 1 1 1
280 15 14589 1 1 1 1 1 1 1 0 0 0 1 1 1 0 1
281 15 13324 1 1 1 1 1 1 0 0 1 0 1 1 1 1 0
282 15 14298 1 1 1 0 1 1 0 1 1 1 1 1 1 1 0
283 15 13921 0 1 1 1 0 1 1 0 1 1 1 1 0 1 1
284 15 14257 1 0 0 0 1 1 1 1 1 1 1 1 1 1 0
285 15 12678 1 1 1 1 1 1 1 1 1 0 1 0 1 0 1
286 15 13641 0 1 1 1 0 0 1 1 1 0 1 1 1 1 1
287 15 12738 1 0 1 1 1 1 0 1 1 1 1 0 1 1 0
288 15 11830 1 1 1 0 1 0 1 1 1 1 1 1 1 0 1
289 15 10545 1 0 1 1 1 1 0 0 1 1 1 1 1 1 1
290 15 12517 1 1 1 0 0 0 1 1 1 1 1 0 1 1 1
291 15 13474 1 0 1 1 0 0 1 1 1 1 0 1 1 1 1
292 15 13708 1 1 1 0 1 0 0 1 1 1 1 1 1 1 0
293 15 14163 1 1 0 0 1 1 1 1 1 0 1 1 1 0 1
294 15 12845 1 1 1 1 0 1 1 1 0 1 0 1 1 1 1
295 15 15179 1 1 1 1 1 0 1 1 0 0 0 1 1 1 1
296 15 14401 1 1 1 1 1 1 1 1 1 0 0 1 0 1 0
297 15 12627 1 1 1 1 0 1 1 0 0 1 1 1 1 1 1
298 15 13828 0 1 1 0 1 1 0 1 1 0 1 1 1 1 1
299 15 12322 1 1 1 1 1 1 1 0 1 1 0 0 1 0 1
300 15 12838 1 1 1 1 1 1 1 0 1 0 0 0 1 1 1
301 15 12885 1 1 1 0 1 1 1 0 1 1 1 0 1 1 0
302 15 14117 0 1 1 1 1 1 1 1 1 1 1 1 0 0 0
303 15 12054 1 1 1 0 1 1 0 1 1 0 1 1 1 1 1
304 15 14733 1 1 1 1 1 1 1 1 1 0 0 0 1 1 0
305 15 10977 1 1 1 0 1 1 1 1 1 1 1 1 0 0 1
306 15 13278 1 1 1 1 1 1 1 0 0 1 1 1 0 1 0
307 15 13907 1 1 1 1 1 1 0 0 1 1 0 1 1 1 0
308 15 13373 0 1 1 1 1 1 1 0 1 1 1 0 1 0 1
309 15 12627 1 1 1 1 1 0 1 1 1 1 1 0 0 0 1
310 15 13742 1 1 0 1 1 1 0 0 1 1 1 1 1 1 0
311 15 13127 1 1 1 1 0 1 1 1 1 0 0 1 0 1 1
312 15 13234 1 1 0 0 0 1 1 0 1 1 1 1 1 1 1
313 15 16136 1 1 1 0 0 1 1 0 1 0 1 1 1 1 1
314 15 14129 1 1 1 1 0 0 1 0 1 1 1 1 1 1 0
315 15 15105 0 0 1 1 1 1 1 1 1 0 1 0 1 1 1
316 15 11283 1 1 1 0 0 1 1 1 1 1 1 0 1 0 1
317 15 14601 1 1 1 1 1 0 1 0 0 1 1 0 1 1 1
318 15 18005 1 1 0 1 1 1 1 0 1 1 0 1 0 1 0
319 15 11884 1 1 1 1 1 1 1 1 1 0 1 1 0 1 0
320 15 10468 1 1 1 1 1 1 1 1 1 0 1 1 0 0 1
321 15 12088 1 1 1 1 1 1 0 1 1 1 0 1 1 1 0
322 15 11014 1 1 1 1 1 1 0 1 0 1 1 1 0 1 1
323 15 15543 1 1 0 1 0 1 1 1 1 1 0 0 1 0 1
324 15 15186 1 0 1 0 1 1 1 1 1 0 1 1 0 1 1
325 15 12576 1 1 1 1 1 1 1 1 0 1 0 1 0 1 1
326 15 11964 1 1 1 1 1 1 1 1 0 1 0 1 0 0 1
327 15 14198 1 1 1 0 1 1 1 1 1 1 0 0 1 0 1
328 15 14629 0 1 1 1 1 0 1 1 1 0 1 1 1 1 0
329 15 13251 0 1 1 1 0 1 1 1 1 1 1 0 1 0 1
330 15 11771 1 1 0 1 1 1 1 1 1 1 1 0 1 1 0
331 15 12339 1 0 1 1 1 1 1 1 1 1 1 1 0 1 0
332 15 11328 1 1 0 1 1 0 1 1 1 1 0 1 1 1 0
333 15 11934 1 1 1 0 1 1 1 1 0 1 1 1 0 1 1
334 15 14715 1 1 1 0 1 1 1 0 1 1 0 1 1 0 1
335 15 12468 0 1 0 1 1 0 1 1 1 1 1 1 1 1 1
336 15 13565 1 1 1 1 1 1 1 0 1 1 0 1 0 1 1
337 15 12237 1 1 0 1 0 1 1 1 1 1 0 1 1 1 1
338 15 13169 0 1 0 1 1 1 1 0 1 1 1 1 1 0 1
339 15 14273 0 1 1 1 1 1 0 1 1 1 1 1 0 0 1
340 15 13888 1 1 1 1 0 1 1 1 0 0 0 1 1 1 1
341 15 13451 1 1 1 1 1 1 1 1 1 0 1 0 0 1 1
342 15 12765 1 1 1 0 0 1 1 1 1 1 1 0 0 1 1
343 15 13455 1 1 0 0 0 1 1 1 1 1 1 1 1 1 1
344 15 9870 1 1 1 1 1 1 0 1 1 1 1 1 0 1 0
345 15 11833 1 1 1 1 1 1 1 1 0 1 1 1 0 0 0
346 15 14712 0 1 1 0 1 1 0 1 1 1 0 1 1 1 1
347 15 12482 1 1 1 1 1 1 0 1 1 0 0 1 0 1 1
348 15 14371 1 0 1 1 0 1 1 0 1 0 1 1 1 1 1
349 15 12476 1 1 1 1 1 1 1 1 1 0 0 1 0 1 1
350 15 15044 0 1 1 0 1 1 1 1 1 1 0 1 0 1 1
351 15 13723 0 1 0 0 1 1 1 1 1 0 1 1 1 1 1
352 15 13530 1 0 1 0 0 1 1 1 1 1 0 1 1 1 1
353 15 11587 1 1 1 0 1 1 0 1 1 1 0 0 1 1 1
354 15 13585 1 1 1 0 0 1 0 0 1 1 1 1 1 1 1
355 15 12325 0 0 1 1 1 1 1 1 1 1 0 1 0 1 1
356 15 13202 1 0 1 0 1 1 1 0 1 1 1 1 1 1 1
357 15 13824 1 1 0 1 1 1 0 0 1 1 1 1 1 1 0
358 15 10472 0 1 1 0 1 1 1 0 1 1 1 1 1 1 1
359 15 12348 1 1 0 1 1 1 1 1 1 0 1 1 0 1 1
360 15 11568 1 1 1 0 1 1 1 1 1 1 1 1 0 0 1
361 15 14832 1 1 1 1 1 0 1 0 1 0 1 1 1 0 1
362 15 12009 1 1 1 1 1 1 1 0 1 0 0 1 1 0 1
363 15 14525 1 1 0 0 1 1 0 1 1 1 1 1 1 0 1
364 15 13306 0 1 1 1 1 0 1 1 0 1 0 1 1 1 1
365 15 15887 1 1 1 0 1 1 0 0 1 0 1 1 1 1 1
366 15 12621 1 1 1 1 0 1 0 1 1 1 0 0 1 1 1
367 15 14898 1 1 0 1 0 1 0 1 1 1 1 1 1 0 1
368 15 11510 1 1 1 0 1 0 1 1 1 1 1 1 1 0 1
369 15 12506 0 0 1 1 1 1 1 1 1 1 1 1 0 1 1
370 15 14061 1 1 1 0 1 1 1 1 1 1 0 1 0 1 1
371 15 14134 1 1 0 0 1 1 1 1 0 1 1 1 1 1 0
372 15 11847 0 0 1 1 1 1 1 1 0 1 1 1 1 1 0
373 15 13256 1 1 1 1 0 1 1 1 1 1 1 1 0 1 0
374 15 13276 1 0 1 1 0 1 1 1 1 0 1 1 1 1 0
375 15 12075 0 0 1 1 1 1 0 1 1 1 0 1 1 1 1
376 15 12327 1 1 1 1 1 1 1 0 1 1 0 1 1 0 1
377 15 11450 1 1 1 1 1 1 0 1 1 1 1 0 0 1 1
378 15 11374 1 0 1 1 1 1 1 0 1 1 1 1 0 1 1
379 15 10522 1 1 1 1 1 0 1 0 1 1 1 1 1 1 0
380 15 15950 0 1 1 1 1 1 0 1 1 0 1 1 1 0 0
381 15 12795 1 1 1 1 0 0 1 1 1 1 0 1 1 1 0
382 15 12432 1 1 1 0 1 1 1 0 1 1 0 1 0 1 1
383 15 11047 0 1 0 1 1 1 1 0 1 1 1 1 1 1 1
384 15 15147 0 0 1 1 1 1 1 1 1 1 0 0 1 1 1
385 15 13075 0 0 1 1 1 1 1 0 1 1 0 1 1 1 1
386 15 12536 1 1 1 1 1 1 1 0 1 1 0 1 1 0 1
387 15 14829 1 1 1 1 0 1 0 1 0 0 1 1 1 1 1
388 15 13574 1 1 0 0 1 1 1 0 1 1 1 1 1 0 1
389 15 14190 0 0 1 0 1 1 1 1 0 1 1 1 0 1 1
390 15 12426 1 1 1 1 0 1 1 1 1 1 0 0 1 1 1
391 15 11418 1 1 1 1 1 1 1 1 0 0 1 1 1 1 0
392 15 11876 1 1 1 0 1 1 0 1 1 0 1 1 1 1 1
393 15 13143 1 1 1 1 0 1 0 1 1 0 1 1 1 0 1
394 15 13975 1 1 1 1 0 1 0 1 1 0 1 0 1 1 1
395 15 12907 1 0 1 1 1 1 1 1 1 0 1 1 1 0 1
396 15 10542 1 1 1 1 1 1 1 1 0 0 1 1 0 1 1
397 15 13131 1 0 1 1 0 1 1 1 1 1 1 1 0 1 1
398 15 12719 1 0 1 1 1 1 1 1 1 1 1 0 1 0 1
399 15 13920 1 1 0 0 1 0 1 1 0 1 0 1 1 1 1
400 15 11432 0 1 1 0 1 1 0 1 1 1 1 1 1 1 0
401 15 10638 1 1 1 1 1 1 0 1 0 1 0 1 1 1 0
402 15 14519 1 0 1 1 0 1 0 1 1 1 1 1 0 1 1
403 15 13245 1 1 1 1 0 1 1 1 1 1 0 1 1 0 1
404 15 9860 1 1 1 1 0 0 1 1 1 1 1 1 1 1 0
405 15 13549 1 1 1 1 0 0 1 1 0 1 1 1 1 0 1
406 15 12008 1 1 1 0 1 0 1 1 1 1 1 1 0 0 1
407 15 14217 1 0 1 1 1 0 1 0 1 0 1 1 1 1 1
408 15 15313 1 0 1 1 1 1 0 1 0 1 1 0 1 1 1
409 15 13985 1 0 0 1 1 1 1 1 1 0 0 1 1 1 1
410 15 13713 0 1 0 1 1 0 1 1 1 1 1 0 1 1 1
411 15 13757 1 0 1 1 1 1 0 1 1 1 1 1 0 0 1
412 15 13105 1 0 1 1 1 1 0 1 0 1 0 1 1 1 1
413 15 14535 1 0 0 0 1 1 1 1 1 1 1 1 0 1 1
414 15 15642 1 1 0 1 1 1 0 1 1 1 1 1 0 1 0
415 15 13668 1 1 0 0 1 0 1 1 1 0 1 1 1 1 1
416 15 15680 0 1 1 1 1 1 1 0 1 1 1 0 1 1 0
417 15 12949 1 0 1 0 1 1 1 1 0 1 1 0 1 1 1
418 15 13053 1 1 1 0 1 1 0 0 1 1 1 1 1 1 1
419 15 11995 1 0 1 1 1 1 1 0 1 1 0 0 1 1 1
420 15 13457 1 1 0 1 1 1 1 1 0 1 1 0 1 0 1
421 15 12916 1 1 1 1 1 0 1 1 1 0 1 1 1 1 0
422 15 11925 1 1 1 1 1 0 1 1 1 1 1 1 1 0 0
423 15 9454 1 1 1 1 1 1 1 1 0 1 0 0 1 1 1
424 15 13262 1 0 1 0 1 1 1 1 1 1 1 1 0 0 1
425 15 14808 1 1 1 0 1 1 1 1 1 1 0 1 0 1 0
426 15 12339 1 1 0 0 1 1 1 1 1 0 0 1 1 1 1
427 15 12710 1 1 1 1 1 1 1 1 0 0 1 0 1 1 0
428 15 15503 0 0 0 1 1 1 1 1 1 0 1 1 1 1 1
429 15 14229 1 1 0 1 1 1 1 1 1 1 0 1 1 0 1
430 15 13833 1 1 0 1 1 1 1 1 0 0 1 1 0 1 1
431 15 13671 1 0 1 0 1 1 1 0 1 1 1 1 1 0 1
432 15 12304 1 1 0 1 1 1 1 1 1 0 1 1 1 0 0
433 15 13401 1 1 1 1 1 0 0 1 1 1 1 1 1 1 0
434 15 14541 1 1 1 1 0 1 0 0 1 0 1 1 1 1 1
435 15 13620 0 1 1 1 1 0 0 1 1 0 1 1 1 1 1
436 15 14168 1 0 1 1 1 1 1 0 1 1 1 1 1 0 0
437 15 15243 1 0 1 0 1 1 1 1 0 1 1 0 1 1 1
438 15 11595 0 1 1 1 1 1 1 1 1 1 0 0 1 0 1
439 15 12011 0 1 1 1 1 1 1 1 1 0 1 1 1 0 0
440 15 12835 1 1 1 1 1 1 0 1 0 1 1 0 0 1 1
441 15 11799 1 1 1 1 0 1 1 1 1 0 1 0 1 1 1
442 15 13346 0 1 1 1 1 1 1 0 1 1 1 1 1 0 0
443 15 12004 1 0 0 1 1 1 1 1 1 1 1 0 0 1 1
444 15 17012 0 0 1 1 1 1 1 0 1 0 1 0 1 1 1
445 15 14024 1 1 1 1 0 1 1 1 1 1 1 0 1 0 0
446 15 11067 1 0 1 1 1 1 1 0 1 1 1 1 0 1 1
447 15 9702 1 0 1 0 1 1 1 0 1 1 1 1 0 1 1
448 15 13650 1 0 0 1 1 1 1 1 1 1 1 1 0 1 0
449 15 13158 1 0 1 1 1 1 1 1 1 1 1 1 0 1 0
450 15 12715 0 1 1 1 0 1 0 0 1 1 1 1 1 1 1
451 15 13566 0 1 0 1 1 1 1 1 1 1 0 0 1 1 1
452 15 15261 1 1 1 0 1 1 1 1 1 0 1 1 0 0 1
453 15 13436 1 0 1 1 1 1 0 1 1 1 0 1 1 1 1
454 15 12321 1 1 1 1 0 0 1 1 1 0 1 1 1 1 1
455 15 14608 0 1 1 1 1 1 1 1 0 0 1 0 1 1 1
456 15 10469 1 0 1 1 1 1 0 1 1 1 0 1 1 1 1
457 15 13332 1 1 1 1 1 1 0 0 1 1 1 1 0 1 0
458 15 10765 0 1 0 1 1 1 1 1 1 1 1 1 1 1 0
459 15 13118 1 0 0 1 1 1 1 1 1 0 1 1 0 1 1
460 15 10166 1 1 1 1 0 1 0 1 1 0 1 1 1 1 1
461 15 13435 1 0 1 0 1 0 1 1 1 1 1 1 1 1 1
462 15 11426 1 0 1 1 1 1 1 0 1 1 1 1 0 1 1
463 15 15063 1 1 1 1 1 1 0 0 1 0 1 0 1 1 0
464 15 11063 1 1 0 1 0 1 1 1 0 1 1 1 1 1 1
465 15 13420 1 1 1 1 1 1 1 0 1 0 1 1 0 0 1
466 15 13788 1 1 0 0 0 1 1 1 1 1 1 1 0 1 1
467 15 12585 1 1 1 1 0 1 1 0 1 1 1 1 0 0 1
468 15 12606 1 1 1 1 1 1 1 1 1 1 1 0 0 0 0
469 15 9641 1 1 0 1 1 1 1 1 0 1 0 1 0 1 1
470 15 13582 1 1 1 1 0 0 1 1 1 0 1 1 1 1 0
471 15 14663 0 1 1 0 1 1 0 1 0 1 1 1 1 1 1
472 15 11808 1 1 1 1 1 1 1 0 1 1 1 0 1 0 1
473 15 12055 1 1 1 1 1 1 0 1 1 1 1 0 1 0 0
474 15 12293 1 0 1 1 1 1 1 1 0 1 1 1 0 1 1
475 15 12115 1 1 1 1 1 1 1 1 1 1 0 1 0 1 0
476 15 14543 1 0 1 1 0 1 1 1 1 1 0 0 1 1 1
477 15 13281 1 1 0 1 1 0 0 1 1 1 1 1 0 1 1
478 15 14285 1 1 1 0 1 1 1 1 0 1 0 1 1 1 0
479 15 12550 0 1 1 0 1 0 1 1 1 1 1 1 1 1 1
480 15 13965 1 1 1 1 1 1 0 0 0 1 1 1 1 0 1
481 15 12959 0 1 1 1 1 1 1 1 1 1 0 0 1 0 1
482 15 12770 0 0 0 1 1 1 1 1 1 1 0 1 1 1 1
483 15 13035 0 1 1 0 0 1 1 1 0 1 1 1 1 1 1
484 15 11698 0 1 1 1 1 0 1 1 0 1 1 1 1 1 1
485 15 13564 1 1 1 1 1 0 0 1 0 1 0 1 1 1 1
486 15 11420 1 0 1 1 1 1 1 0 1 1 1 1 0 0 1
487 15 14853 1 1 1 1 1 1 1 0 0 0 1 1 0 1 1
488 15 13775 1 0 1 1 1 1 1 0 0 1 1 1 1 1 0
489 15 11989 1 1 1 1 1 0 1 1 1 0 1 0 1 0 1
490 15 10099 1 1 0 1 1 0 1 1 0 1 1 1 1 1 1
491 15 12746 1 1 1 0 0 1 0 1 1 1 0 1 1 1 1
492 15 14740 1 1 1 0 1 1 1 1 0 1 1 1 0 1 0
493 15 13385 1 1 1 1 0 1 1 0 0 1 1 1 0 1 1
494 15 16488 1 0 0 1 0 1 0 1 1 1 1 1 1 1 1
495 15 13174 1 1 1 1 1 1 1 1 1 0 0 0 1 0 1
496 15 12661 0 1 0 1 1 1 1 1 1 1 1 1 1 0 1
497 15 12016 0 1 1 1 1 0 1 1 1 0 1 1 0 1 1
498 15 11173 1 0 1 1 1 1 1 1 1 1 1 1 0 0 1
499 15 10832 1 1 1 1 1 0 1 0 1 1 1 1 1 1 0
500 15 15375 0 1 1 1 1 1 0 1 1 1 0 1 0 0 1
