1 22 16948 1 1 1 1 1 1 1 0 1 1 1 1 1 1 1 1 1 1 0 0 1 0
2 22 18367 0 0 1 1 1 1 0 1 1 0 1 1 1 1 0 1 0 1 1 1 1 1
3 22 19880 0 1 0 1 1 1 1 1 1 1 1 1 1 1 1 1 0 0 1 1 0 1
4 22 21474 1 1 1 1 0 1 1 0 1 1 1 1 1 1 0 1 0 1 0 1 1 1
5 22 19725 1 0 1 1 1 1 1 1 1 1 1 0 1 0 1 1 1 0 1 1 0 1
6 22 20348 0 1 1 0 1 1 1 1 1 1 1 0 1 1 0 1 1 1 1 0 1 0
7 22 18550 1 0 1 1 1 1 1 1 1 0 0 1 1 1 1 1 0 1 1 1 1 0
8 22 22766 1 0 1 1 1 1 1 1 0 1 0 1 1 1 1 1 0 1 0 1 0 1
9 22 19583 1 1 1 1 1 0 1 0 1 0 1 1 1 1 1 1 1 1 1 0 1 0
10 22 21108 0 1 1 1 1 1 1 0 1 1 1 1 1 1 1 1 1 0 0 0 1 0
11 22 19101 1 1 0 1 1 1 1 1 1 1 0 1 1 0 1 0 1 0 1 1 1 1
12 22 21683 1 0 0 1 1 1 0 1 1 1 1 0 0 1 1 1 0 1 1 1 1 1
13 22 21123 1 1 1 1 0 1 1 1 1 1 0 1 1 0 1 0 0 1 1 1 1 1
14 22 18958 1 1 1 1 1 1 1 1 0 1 1 1 0 0 0 1 1 1 0 1 1 1
15 22 18014 1 1 0 1 1 1 0 0 0 1 1 1 0 1 1 1 1 1 1 1 1 1
16 22 20019 1 1 0 1 1 1 1 1 1 1 1 0 1 1 1 1 1 0 1 1 0 0
17 22 18991 1 1 1 1 1 0 1 1 1 1 1 1 1 0 0 0 0 1 1 1 1 1
18 22 18559 1 1 1 1 0 1 1 1 0 1 0 1 1 0 1 1 1 1 0 1 1 1
19 22 19500 0 1 1 0 1 0 1 0 1 1 1 1 1 1 1 1 1 1 1 1 0 1
20 22 17439 0 1 1 1 1 1 1 1 1 0 1 1 1 1 0 0 1 1 1 1 1 1
21 22 19741 0 1 1 1 1 1 1 0 1 0 1 1 1 0 1 0 1 1 1 1 1 1
22 22 18913 1 1 1 1 0 1 1 0 1 1 1 0 1 1 1 1 1 1 0 0 1 1
23 22 20861 0 1 1 1 1 1 1 0 0 1 1 1 1 1 1 1 1 0 1 1 1 0
24 22 22726 0 1 1 1 1 1 1 1 1 1 1 1 0 1 0 0 0 1 1 1 1 0
25 22 16851 1 0 1 1 1 1 0 1 0 1 1 1 1 1 1 1 1 1 1 1 0 0
26 22 22382 0 1 1 1 1 0 1 0 1 1 1 1 1 1 0 1 1 1 1 0 1 0
27 22 20867 0 1 1 1 1 0 1 0 1 0 1 1 1 1 1 1 0 1 0 1 1 1
28 22 19049 0 1 0 1 0 1 1 1 0 1 1 1 1 0 1 1 1 1 1 1 1 1
29 22 17804 0 1 1 1 1 1 0 1 1 1 1 1 1 1 1 0 1 1 0 1 1 1
30 22 20760 0 1 0 1 1 1 1 1 0 1 0 1 1 1 1 1 1 1 0 1 1 1
31 22 20535 1 1 0 1 1 1 0 1 0 0 0 1 1 0 1 1 1 1 1 1 1 1
32 22 18440 1 1 1 0 0 1 1 0 1 1 1 1 1 1 1 1 1 0 1 1 0 1
33 22 17720 0 0 1 1 1 1 1 1 0 1 1 1 1 1 1 1 1 1 1 1 1 0
34 22 22490 0 0 0 1 1 1 1 1 1 1 0 1 1 1 1 1 1 1 0 1 1 0
35 22 17726 1 1 1 1 1 0 0 1 1 1 1 1 0 1 0 1 1 1 1 1 1 1
36 22 18600 1 1 1 1 1 1 1 0 1 1 1 1 0 0 0 1 1 1 1 1 1 0
37 22 19120 1 0 0 0 1 1 1 1 1 1 1 1 1 1 1 1 1 0 1 0 1 1
38 22 22959 1 0 1 0 1 1 1 1 1 1 1 1 1 1 1 1 1 0 0 0 1 1
39 22 17776 1 0 1 0 1 1 1 1 1 0 1 1 1 1 1 1 0 1 1 1 1 0
40 22 20195 1 1 1 1 1 0 0 0 0 1 1 0 1 1 1 1 1 1 1 1 1 1
41 22 20910 1 0 1 1 1 0 1 0 1 1 1 0 1 1 1 1 0 1 1 1 1 1
42 22 20642 1 1 1 1 1 1 1 0 1 1 1 1 0 0 1 0 1 1 1 1 1 0
43 22 19543 1 1 1 1 1 1 1 1 1 0 1 0 0 0 1 1 1 1 1 1 0 1
44 22 20591 1 1 1 1 1 1 1 1 0 1 1 0 0 1 1 0 1 1 1 0 1 1
45 22 20304 1 0 1 1 1 0 1 1 1 1 1 1 0 1 1 1 1 1 1 0 0 1
46 22 22506 1 1 1 1 1 1 1 0 1 0 1 0 1 1 0 1 0 1 1 1 1 1
47 22 17302 1 1 1 1 0 1 1 1 0 1 1 1 1 0 1 1 1 0 0 1 1 1
48 22 22131 1 1 0 1 1 1 1 1 1 0 0 1 1 1 0 1 1 1 1 1 0 1
49 22 19114 1 0 0 1 1 1 1 1 1 1 1 1 1 1 1 0 0 1 1 0 1 1
50 22 18776 1 1 1 1 1 1 1 1 0 1 0 1 1 1 1 1 1 1 0 0 1 0
51 22 21792 1 1 1 1 1 1 0 1 0 1 1 0 1 0 1 1 1 1 0 0 1 1
52 22 17184 1 1 1 1 1 1 0 1 1 1 0 1 1 0 0 1 1 1 1 1 0 1
53 22 21114 1 1 1 1 1 1 0 1 1 1 1 1 1 1 1 1 0 0 0 0 1 0
54 22 20190 0 1 0 1 1 1 1 1 1 1 1 0 1 0 1 1 0 1 0 1 1 1
55 22 19533 1 1 1 0 1 1 1 1 1 1 0 1 0 1 1 0 1 1 1 1 0 1
56 22 20072 1 1 1 0 0 0 1 0 1 1 1 1 1 1 1 1 1 1 1 1 1 0
57 22 20171 0 1 1 1 1 0 1 1 1 0 0 1 1 1 1 1 1 0 1 1 1 1
58 22 19757 1 0 1 1 1 1 1 1 0 1 1 1 1 0 1 1 0 1 1 1 1 0
59 22 18056 1 0 1 0 1 1 1 0 1 1 1 1 1 0 1 0 1 1 1 1 1 1
60 22 20138 1 0 1 0 0 1 1 1 1 0 1 1 1 1 1 1 0 1 1 1 1 1
61 22 20019 0 1 1 1 0 0 1 1 1 1 1 1 1 0 1 1 0 0 1 1 1 1
62 22 19123 1 1 1 1 1 1 0 1 1 0 1 1 0 1 0 1 1 0 1 1 1 1
63 22 16202 1 1 1 1 1 1 1 1 0 0 1 1 1 0 1 1 1 1 0 0 1 0
64 22 21490 0 1 1 1 1 1 0 1 1 0 0 1 1 1 1 1 1 1 0 1 1 1
65 22 18341 0 1 1 1 1 1 1 1 1 1 0 0 1 0 1 1 1 1 1 0 1 1
66 22 20520 1 1 1 1 1 0 1 1 1 1 1 0 1 0 1 1 1 1 0 1 1 0
67 22 20857 1 0 0 1 1 1 1 0 1 1 1 1 1 1 1 0 1 1 1 1 1 0
68 22 20864 1 1 1 1 0 1 0 1 1 1 1 1 1 1 1 0 0 1 1 1 0 0
69 22 17772 1 1 1 0 0 1 1 1 1 1 1 0 1 1 1 1 0 0 1 1 1 1
70 22 19556 1 1 1 1 1 1 0 1 1 1 1 1 0 0 1 1 1 1 0 1 1 0
71 22 18916 1 1 0 1 1 1 1 1 1 1 1 1 1 1 0 1 1 0 0 1 0 1
72 22 17336 1 1 0 1 1 1 1 0 1 1 1 1 1 1 1 1 1 1 1 0 0 0
73 22 19577 1 1 1 1 1 1 0 1 0 1 0 1 1 1 1 0 1 1 0 1 0 1
74 22 19971 1 0 1 1 0 1 1 0 0 1 1 1 1 1 1 1 1 1 1 1 1 0
75 22 19897 0 1 1 1 1 1 0 0 1 1 1 1 1 0 1 1 1 0 1 1 1 1
76 22 18800 0 0 1 1 0 1 1 1 1 1 1 0 1 1 1 1 1 0 1 1 1 1
77 22 21461 1 1 0 0 1 1 0 1 1 1 0 1 1 1 1 1 0 1 1 1 1 0
78 22 20440 1 1 0 1 0 1 1 0 0 1 1 1 1 1 1 1 1 1 0 1 1 1
79 22 21073 1 1 1 1 1 1 1 0 1 1 1 0 1 1 1 1 1 1 1 0 0 0
80 22 18251 1 1 1 1 0 1 1 1 1 1 1 1 0 1 1 1 0 1 1 1 0 0
81 22 17027 0 1 1 1 1 1 1 0 1 1 1 0 0 1 1 1 1 1 1 0 0 1
82 22 18150 1 1 0 0 1 1 1 0 1 1 1 1 1 0 1 1 0 1 1 1 0 1
83 22 18871 0 1 1 1 0 0 1 1 0 1 1 1 1 1 1 1 1 1 1 0 1 1
84 22 21796 1 1 1 0 1 1 1 1 1 0 1 1 0 0 1 1 1 0 1 1 1 1
85 22 18339 1 1 1 1 1 1 0 1 0 1 1 1 1 1 1 0 0 1 1 1 1 0
86 22 19396 1 1 1 0 0 1 1 1 1 1 1 1 0 1 1 1 1 1 1 0 0 1
87 22 16441 1 1 1 0 0 0 0 1 1 1 1 0 1 1 1 1 1 1 1 1 1 1
88 22 20060 1 1 0 1 1 0 1 0 1 1 1 1 0 1 1 1 1 1 0 1 0 1
89 22 16338 0 1 1 1 1 1 0 1 1 1 1 1 1 0 0 1 1 1 1 1 0 1
90 22 21917 1 1 1 1 0 1 0 1 1 0 1 1 1 1 1 0 1 1 1 0 1 1
91 22 20652 1 1 1 1 1 1 1 1 0 0 1 0 0 1 1 1 1 0 1 1 1 1
92 22 21260 1 1 1 1 1 1 1 1 1 0 0 1 0 0 1 1 1 1 1 1 0 0
93 22 18831 1 1 0 0 1 0 1 1 1 1 1 1 0 1 1 1 1 1 1 1 0 1
94 22 21822 1 1 1 1 1 1 1 1 0 0 1 1 0 0 1 1 1 1 0 1 1 1
95 22 20286 1 1 1 1 1 1 1 1 1 1 0 0 1 0 1 1 0 1 1 1 0 1
96 22 20339 1 0 1 1 1 0 1 1 0 1 1 1 1 1 1 1 0 0 1 1 1 0
97 22 18540 1 1 1 1 0 1 1 0 1 1 0 1 1 0 1 0 1 1 1 0 1 1
98 22 19305 1 1 1 1 1 0 1 1 0 0 1 0 1 0 1 1 1 1 1 1 1 1
99 22 18028 1 0 1 1 1 1 1 1 1 1 0 0 1 1 1 1 1 0 1 1 0 1
100 22 16811 1 1 1 1 1 1 1 0 1 1 1 1 1 0 0 1 1 1 0 1 1 1
101 22 17831 1 0 1 0 1 1 1 1 1 1 1 1 0 1 1 1 1 1 0 0 1 1
102 22 19834 0 1 1 0 1 1 1 1 1 1 1 1 1 1 1 0 1 0 0 1 1 1
103 22 19742 1 1 1 1 0 0 1 1 0 1 1 1 1 1 1 1 1 1 0 1 1 0
104 22 19693 0 1 1 0 1 1 1 1 1 1 1 1 0 0 0 1 1 1 1 1 1 1
105 22 20595 1 1 0 1 1 1 1 1 1 1 1 0 1 0 1 0 1 1 0 1 0 1
106 22 19322 1 1 1 0 1 0 1 1 1 1 1 1 1 1 1 1 1 0 0 1 0 1
107 22 20725 0 0 1 1 1 1 1 1 0 1 1 1 0 1 1 1 0 1 1 1 1 0
108 22 18463 1 1 1 1 0 0 1 1 1 1 1 1 1 1 0 1 1 0 1 0 1 1
109 22 19749 0 0 1 1 1 1 1 1 1 1 1 1 1 1 0 1 1 1 1 1 1 0
110 22 20236 1 0 1 0 1 1 0 1 1 1 1 1 0 1 1 1 0 1 1 0 1 1
111 22 20216 1 1 0 1 0 1 1 1 1 1 0 0 1 0 1 1 1 1 1 1 1 1
112 22 19856 1 1 1 1 1 1 0 1 1 1 1 1 1 1 0 1 1 0 1 0 0 1
113 22 16893 0 1 1 1 1 1 1 1 1 1 0 1 0 1 1 1 0 0 1 1 0 1
114 22 20018 1 1 1 1 0 1 1 1 0 1 1 1 1 0 0 0 1 1 1 1 1 0
115 22 20099 1 1 1 1 0 0 1 0 1 1 1 0 1 1 1 1 1 1 0 1 1 1
116 22 16734 0 1 1 0 1 1 0 1 1 1 1 0 1 1 1 1 1 1 0 1 1 1
117 22 17877 1 1 1 1 0 1 1 1 1 1 1 1 1 0 0 0 1 0 1 1 1 1
118 22 21472 1 1 1 1 1 1 1 1 1 1 1 1 0 1 1 0 1 0 0 1 1 0
119 22 18895 1 1 1 1 1 1 1 1 1 1 1 1 1 0 0 1 0 0 1 1 1 1
120 22 21066 0 1 0 0 1 1 0 1 1 1 1 0 1 1 1 1 1 1 0 1 1 1
121 22 20835 0 0 1 1 1 1 1 1 1 1 1 1 1 1 0 1 1 1 1 0 0 1
122 22 19336 1 0 1 1 1 1 1 1 1 1 1 0 1 1 1 0 1 0 1 1 0 1
123 22 18742 1 1 0 0 1 1 1 1 0 1 1 1 1 0 1 1 1 1 1 0 1 1
124 22 20402 0 1 1 1 1 0 1 1 0 1 1 1 0 1 1 1 1 1 0 1 1 1
125 22 19565 1 0 1 1 1 1 0 1 1 1 1 1 1 0 0 1 1 1 1 0 1 1
126 22 17471 0 1 1 1 1 1 0 1 1 0 0 1 1 1 1 1 1 0 1 1 1 0
127 22 21741 1 0 1 1 1 1 1 1 1 1 1 1 0 1 1 1 0 1 1 1 0 0
128 22 18995 1 0 1 0 1 1 1 1 1 1 1 1 1 1 0 1 0 1 0 1 1 1
129 22 19772 1 1 0 0 0 1 1 1 1 1 1 1 1 1 1 0 1 0 1 1 1 1
130 22 23440 1 1 1 0 1 0 0 1 1 1 1 1 1 1 1 0 1 0 0 1 1 1
131 22 15913 1 1 0 1 1 0 0 1 1 1 1 1 1 1 1 1 1 1 1 1 1 0
132 22 19688 0 1 1 1 1 1 1 1 1 1 1 0 1 1 1 0 0 1 1 1 0 1
133 22 20927 1 1 1 1 1 0 1 1 1 1 0 0 1 0 1 1 1 1 1 0 1 0
134 22 18392 1 1 1 1 0 1 1 0 1 1 0 1 1 1 1 1 1 0 1 0 1 1
135 22 20923 1 1 1 1 1 1 1 1 1 1 1 1 0 0 0 0 0 1 1 0 1 1
136 22 22366 0 1 1 1 1 0 1 1 1 1 0 1 1 1 1 1 0 1 1 0 1 0
137 22 20723 1 1 1 1 0 1 1 0 0 1 0 1 0 1 1 1 1 1 1 1 1 1
138 22 19802 1 1 1 1 0 0 1 1 1 1 0 1 1 1 1 0 1 1 1 1 1 0
139 22 18218 1 1 0 0 1 1 0 1 1 1 0 1 1 1 0 1 1 1 1 1 1 1
140 22 18218 1 0 0 1 1 1 0 1 1 1 0 1 1 1 1 1 1 1 0 1 1 1
141 22 18535 1 1 0 0 1 1 0 1 1 1 1 1 1 1 1 1 1 1 0 1 0 1
142 22 18104 1 1 1 1 0 1 1 1 0 1 1 0 0 1 1 1 1 1 1 1 1 0
143 22 19554 1 1 1 1 1 0 0 1 1 1 1 1 1 0 1 1 0 0 1 1 1 1
144 22 19491 0 1 1 1 0 1 1 0 1 1 1 1 0 1 1 1 1 1 0 1 1 0
145 22 19839 1 1 1 0 1 1 1 1 1 1 1 1 0 1 1 0 0 1 1 1 0 0
146 22 22905 1 1 0 0 1 0 0 0 1 1 1 1 1 1 1 1 1 0 1 1 1 1
147 22 16492 1 1 1 1 1 0 1 0 1 1 0 1 1 1 1 1 1 1 1 0 1 1
148 22 16518 1 1 0 0 1 1 1 1 0 1 1 1 1 1 1 1 1 1 1 1 0 1
149 22 20467 1 1 0 1 0 1 1 0 1 1 0 1 1 1 1 1 1 1 1 1 0 1
150 22 18868 1 1 1 1 0 1 0 1 1 0 0 1 0 1 1 1 1 1 1 1 1 0
151 22 20373 1 1 1 1 1 1 1 1 1 1 1 1 1 1 0 0 1 0 0 1 0 1
152 22 20076 1 0 1 0 0 1 1 1 0 1 1 1 1 1 0 1 1 1 1 1 1 1
153 22 22141 1 0 1 1 1 1 1 1 0 1 1 1 1 0 0 1 0 1 1 1 0 1
154 22 21803 1 1 1 1 1 0 1 1 0 1 1 0 0 1 0 1 1 1 1 1 1 1
155 22 22250 1 1 1 1 1 1 1 0 0 1 0 1 1 1 0 1 0 1 1 1 1 1
156 22 21241 1 1 0 1 1 1 1 1 1 1 1 1 1 1 0 1 0 0 1 1 0 0
157 22 20549 0 0 1 1 1 1 0 1 1 1 1 1 0 1 1 1 1 1 0 0 1 1
158 22 18168 1 1 1 0 1 1 1 0 0 0 1 1 1 1 1 1 1 1 0 1 1 1
159 22 17406 0 1 1 1 1 1 1 1 1 1 1 1 0 0 1 1 0 1 1 1 1 0
160 22 16763 1 1 0 1 1 1 1 1 1 1 1 1 0 1 1 0 1 0 1 1 0 1
161 22 19934 1 1 1 1 1 1 1 1 1 0 1 1 1 0 1 1 0 1 0 1 0 1
162 22 21437 1 0 1 1 0 1 1 1 1 1 1 0 1 1 1 1 0 1 1 0 0 1
163 22 21536 1 0 1 1 1 1 0 0 1 0 1 1 1 1 0 1 1 1 1 1 0 1
164 22 20417 1 0 0 1 0 0 1 1 1 1 1 1 1 1 0 1 1 1 1 0 1 1
165 22 23118 1 0 1 1 0 1 0 0 1 1 1 1 1 1 0 1 1 0 1 1 1 1
166 22 20460 1 1 0 1 1 1 0 1 0 1 1 0 1 1 0 1 1 1 1 1 1 1
167 22 20622 1 0 1 1 1 1 0 1 1 1 0 1 1 1 0 1 1 1 1 0 0 1
168 22 20253 1 1 0 1 0 1 0 0 1 1 1 0 1 1 1 1 1 1 1 1 1 1
169 22 18779 1 1 1 1 1 0 1 1 1 1 1 1 0 0 0 1 1 1 1 1 1 0
170 22 19322 1 1 1 1 1 0 1 0 0 1 1 1 1 1 1 1 0 1 1 0 1 1
171 22 20535 1 1 1 1 1 1 1 1 1 1 1 1 1 0 0 0 1 1 0 1 0 1
172 22 22114 0 0 1 1 0 1 1 1 1 1 0 1 1 1 1 1 0 1 1 0 1 1
173 22 19790 0 1 1 0 1 1 1 0 1 1 1 1 0 1 1 1 1 1 1 1 1 0
174 22 19089 1 1 1 1 1 1 0 0 1 1 1 1 1 1 1 1 0 0 1 1 1 0
175 22 20876 1 1 1 1 1 0 1 1 1 1 1 1 1 1 1 0 1 1 0 0 1 0
176 22 20644 1 1 0 1 0 0 0 0 1 1 1 1 1 1 1 1 1 1 1 1 1 0
177 22 19018 1 1 0 0 1 1 1 0 0 1 1 1 1 1 1 1 1 1 1 1 1 0
178 22 19387 1 1 0 1 1 1 0 1 1 0 1 1 1 1 0 1 1 1 1 1 1 1
179 22 20894 0 1 1 0 1 1 1 1 1 0 0 1 1 1 0 1 1 1 0 1 1 1
180 22 18584 1 1 1 1 1 1 0 1 0 1 1 1 1 1 0 0 1 1 1 0 1 1
181 22 20658 1 0 0 1 1 1 1 1 1 1 1 1 0 1 1 0 1 1 1 0 1 1
182 22 16249 1 1 0 1 1 0 1 1 1 0 1 1 1 1 1 0 1 1 1 1 1 1
183 22 18386 1 1 1 1 1 1 1 1 1 0 1 1 0 1 0 1 0 0 1 1 1 1
184 22 17774 1 1 0 1 1 1 0 1 1 1 1 0 1 0 1 1 0 1 1 1 1 1
185 22 18210 1 1 1 1 1 1 1 1 0 1 1 1 0 1 1 0 0 1 0 1 1 1
186 22 21591 1 1 1 1 1 1 1 1 0 1 1 1 0 0 1 1 1 1 0 0 1 1
187 22 18951 1 1 1 1 1 1 1 1 1 0 1 1 1 1 1 1 0 0 0 1 0 1
188 22 19776 1 0 1 1 1 1 1 1 1 1 0 1 1 0 1 1 1 1 0 0 0 1
189 22 18403 1 1 1 0 0 1 0 1 1 1 1 1 1 1 1 1 1 1 1 1 0 1
190 22 17098 0 1 0 1 1 1 1 1 1 1 1 0 0 1 1 1 1 1 1 0 1 1
191 22 17892 1 1 0 1 1 1 1 1 0 0 1 1 1 1 0 1 1 1 1 1 1 0
192 22 19217 0 0 1 1 1 0 1 1 1 1 1 0 1 1 1 1 1 1 1 1 1 0
193 22 17595 0 1 1 1 1 1 0 0 1 1 0 1 1 1 1 1 1 1 1 1 1 0
194 22 18136 0 1 0 1 1 1 1 1 1 1 1 0 1 1 0 1 0 1 1 1 1 1
195 22 20220 1 1 1 1 0 0 1 1 1 0 1 1 1 1 1 0 0 1 0 1 1 1
196 22 20521 1 0 1 1 0 1 1 1 0 0 1 1 1 1 1 1 1 0 1 1 1 0
197 22 22112 1 1 1 0 0 0 1 1 1 1 1 0 1 1 1 0 1 1 1 1 1 0
198 22 17537 1 1 1 1 0 0 1 1 0 1 1 0 1 0 1 1 1 1 1 1 1 1
199 22 20310 1 1 1 1 1 0 1 1 1 0 0 1 1 1 1 1 0 0 0 1 1 1
200 22 18703 1 1 0 1 1 0 1 1 1 1 0 1 1 0 1 1 1 0 1 1 1 1
201 22 16290 1 1 1 1 1 0 0 1 1 0 1 1 1 1 1 0 1 1 1 1 1 1
202 22 19074 1 1 1 1 0 0 1 1 1 1 0 1 1 1 1 1 1 1 0 1 1 0
203 22 20126 0 1 1 0 1 1 1 1 1 0 0 1 1 1 1 0 1 0 1 1 1 1
204 22 20080 1 1 1 1 1 1 1 1 1 1 0 1 0 1 1 0 0 1 0 1 1 1
205 22 20241 0 0 1 1 1 1 0 1 1 1 1 0 1 1 1 1 1 1 1 1 0 1
206 22 21365 1 1 1 1 0 1 1 1 0 1 0 1 1 1 0 0 1 1 0 1 1 1
207 22 20218 1 1 0 1 1 1 0 0 1 1 1 1 1 1 0 1 1 1 1 1 1 0
208 22 17943 1 0 1 1 0 1 1 0 1 1 1 1 1 1 1 0 1 1 0 0 1 1
209 22 18901 1 1 1 1 1 1 0 0 0 1 0 1 1 1 1 1 0 1 1 1 1 1
210 22 19862 0 1 1 1 1 1 1 0 1 1 0 1 1 1 1 1 1 0 1 1 1 0
211 22 18708 1 0 1 1 1 1 1 1 0 1 1 0 1 1 1 1 1 1 1 1 0 0
212 22 19185 1 1 0 1 1 0 0 1 1 1 1 1 1 0 0 1 1 1 1 1 1 1
213 22 19721 0 1 1 1 1 1 0 1 1 1 1 0 1 1 1 1 1 1 0 1 0 1
214 22 20272 1 1 1 0 1 1 1 1 1 1 1 0 1 1 1 1 1 0 1 1 0 0
215 22 18719 1 1 1 1 0 1 1 1 0 1 1 0 1 1 1 1 1 1 1 0 0 1
216 22 19455 1 0 1 1 1 1 1 1 1 1 0 1 0 1 1 1 0 1 0 1 1 1
217 22 20544 1 0 1 1 1 1 0 1 1 1 1 0 0 1 1 1 1 1 1 1 1 0
218 22 23274 1 0 1 1 0 0 1 1 0 1 1 1 1 1 1 1 1 0 1 1 1 1
219 22 20935 1 1 0 1 1 1 1 1 1 1 0 1 1 1 1 1 0 1 1 0 0 1
220 22 18552 0 1 0 1 1 1 1 0 1 1 0 1 1 1 1 1 1 1 0 1 1 1
221 22 24346 1 0 1 0 1 1 1 0 1 1 1 1 1 1 1 1 1 0 0 1 1 0
222 22 18517 1 0 0 0 1 1 1 1 1 1 1 1 1 1 1 1 0 1 1 1 1 0
223 22 16754 1 1 0 1 1 1 1 0 1 1 0 1 1 1 1 1 1 1 1 0 1 1
224 22 17315 1 1 1 1 1 1 1 1 1 1 1 1 1 0 0 1 1 1 1 0 1 0
225 22 23680 1 1 1 1 1 0 1 1 1 1 0 0 1 1 0 1 1 1 1 0 0 1
226 22 19545 1 0 1 1 1 1 1 1 0 1 1 1 1 1 1 1 1 0 1 0 1 0
227 22 18364 1 0 1 1 1 1 1 1 0 1 1 1 1 1 1 0 0 1 1 0 1 1
228 22 21368 0 1 1 1 1 0 0 1 1 1 1 1 1 1 1 1 0 1 1 1 0 1
229 22 19597 1 1 0 1 0 1 1 1 1 1 1 1 1 1 0 1 0 0 1 1 1 1
230 22 18367 1 1 1 1 1 0 1 0 1 0 1 0 1 1 0 1 1 1 1 1 1 1
231 22 16941 1 1 0 1 1 0 0 1 0 1 1 1 1 1 1 1 1 1 1 0 1 1
232 22 18808 1 1 0 1 1 1 1 0 1 1 1 0 1 1 1 1 1 1 0 1 1 1
233 22 19902 1 1 1 1 1 0 1 1 0 1 1 0 1 0 1 1 1 1 0 1 1 1
234 22 19489 1 1 1 1 1 1 1 1 1 1 1 0 1 0 1 1 0 1 0 0 1 0
235 22 19053 1 1 1 0 0 1 1 1 1 1 1 0 1 1 0 1 0 0 1 1 1 1
236 22 20831 0 1 0 0 1 1 1 1 1 1 0 1 1 0 1 1 1 1 1 1 1 0
237 22 18993 0 1 0 1 0 0 1 1 1 1 1 1 1 1 1 1 1 1 1 1 1 0
238 22 19966 1 0 0 1 1 1 1 1 1 0 1 1 1 1 0 1 1 0 1 1 1 1
239 22 18557 0 0 1 1 0 1 1 1 1 0 1 1 1 0 1 1 1 1 1 1 1 1
240 22 16288 1 1 1 1 1 1 0 1 1 0 1 1 1 1 1 0 1 1 1 1 0 0
241 22 21591 0 1 1 1 1 1 1 1 0 1 1 1 1 1 0 0 0 1 1 1 1 1
242 22 19378 1 0 1 1 1 1 1 1 1 1 1 1 1 1 1 1 0 1 0 0 0 0
243 22 20542 1 1 1 1 1 1 1 1 1 1 1 0 0 1 0 1 1 1 0 0 1 1
244 22 20285 1 0 0 1 1 1 1 0 1 1 1 0 1 1 0 1 0 1 1 1 1 1
245 22 18049 1 1 1 1 1 0 1 1 0 0 1 1 0 1 1 1 1 1 0 1 1 1
246 22 20948 1 0 1 1 1 1 1 1 0 1 1 1 0 1 1 1 0 1 1 1 0 1
247 22 17728 1 1 0 1 1 1 0 0 0 1 1 1 1 1 1 1 1 1 0 1 1 1
248 22 20117 1 1 0 1 1 1 0 1 1 1 0 1 1 1 1 1 1 0 1 1 1 0
249 22 17389 1 0 1 0 1 1 0 1 0 1 1 0 1 1 1 1 1 1 1 1 1 1
250 22 16367 1 1 1 0 1 1 0 1 1 1 0 1 1 0 1 1 0 1 1 1 1 1
251 22 19577 1 1 1 1 1 1 1 0 1 1 1 1 0 1 1 0 1 1 1 0 0 1
252 22 19339 0 1 0 1 1 1 0 1 1 1 1 0 1 1 1 1 0 1 1 1 1 1
253 22 22861 1 1 0 1 0 1 1 0 1 1 1 1 0 1 1 1 0 1 1 1 1 1
254 22 20647 0 1 1 1 1 1 1 1 0 1 1 0 0 1 1 1 1 1 1 1 0 0
255 22 20363 1 1 0 1 0 1 1 1 1 1 1 1 1 1 1 0 0 0 1 1 1 0
256 22 17666 0 1 1 1 1 1 1 1 1 1 0 1 1 1 1 0 0 1 0 1 1 1
257 22 17951 0 1 1 1 1 1 1 0 1 1 1 1 0 1 1 1 1 1 1 0 1 0
258 22 21202 1 1 1 0 1 0 1 1 0 1 0 1 1 1 1 1 1 0 1 1 1 1
259 22 19331 0 0 1 1 0 1 1 1 1 1 1 1 1 0 1 1 1 1 1 0 1 1
260 22 19220 1 1 1 1 1 1 0 0 1 1 1 1 0 0 1 1 1 1 0 1 1 1
261 22 18844 1 0 1 1 1 1 1 1 1 1 0 1 1 0 1 1 1 0 1 1 0 1
262 22 16798 1 1 1 1 1 1 1 1 1 1 0 1 1 1 1 0 1 1 0 0 0 1
263 22 16550 1 0 0 1 1 1 1 1 1 1 1 1 1 0 1 1 1 1 0 1 1 1
264 22 19122 1 1 1 1 1 1 0 1 1 1 1 1 1 0 1 1 0 1 0 1 0 1
265 22 19578 1 1 0 1 1 0 0 1 1 0 1 1 1 1 1 1 1 1 0 1 1 1
266 22 18022 1 1 1 1 0 1 1 1 0 1 1 1 0 1 1 1 1 0 1 0 1 1
267 22 19474 1 1 1 1 1 0 1 0 1 1 1 1 1 1 0 1 1 0 1 1 1 0
268 22 18377 1 0 1 0 1 1 1 1 1 1 0 1 1 0 1 1 1 1 1 1 1 0
269 22 20854 1 1 1 1 0 1 1 1 1 0 1 1 0 1 1 1 1 1 0 1 0 1
270 22 21522 1 1 0 1 1 1 1 0 1 1 0 1 1 1 1 1 1 1 0 1 0 1
271 22 18347 1 0 1 1 0 0 1 0 1 1 1 1 1 1 1 1 1 1 1 0 1 1
272 22 18736 1 0 0 1 1 1 1 1 1 1 0 1 1 1 1 1 1 1 1 0 1 0
273 22 16516 1 0 1 1 1 1 0 1 1 0 1 1 1 1 1 0 1 1 1 0 1 1
274 22 21897 1 1 1 1 0 1 0 1 1 0 1 1 1 0 1 1 1 1 0 1 1 0
275 22 18160 1 1 1 0 1 1 1 1 1 1 1 0 1 1 1 0 0 1 1 1 1 0
276 22 16845 1 1 1 0 1 1 1 1 1 1 1 0 0 1 1 0 1 1 1 1 1 1
277 22 19809 0 1 0 1 1 0 1 1 1 1 1 1 0 1 1 1 1 0 1 1 1 1
278 22 19700 0 1 0 1 1 0 1 1 1 0 0 1 1 1 0 1 1 1 1 1 1 1
279 22 15158 1 1 1 0 1 1 1 1 0 1 1 1 1 1 0 1 1 1 1 1 0 1
280 22 22038 0 0 1 1 1 1 1 0 1 1 1 1 1 1 1 1 1 0 1 0 1 1
281 22 15379 1 1 0 1 1 0 1 1 1 1 1 0 1 1 1 1 1 1 1 1 1 1
282 22 19244 1 1 1 1 1 0 0 1 1 0 1 1 0 1 1 1 1 1 1 1 1 1
283 22 19669 1 1 1 1 1 1 0 1 1 1 0 1 1 1 0 0 1 0 0 1 1 1
284 22 21930 1 1 1 1 1 1 1 1 0 0 1 0 1 1 1 1 1 1 1 1 0 0
285 22 19754 0 1 1 1 1 1 0 1 1 1 1 1 0 1 1 1 1 0 0 1 1 0
286 22 20407 1 1 0 1 1 1 0 1 1 1 0 0 1 1 1 1 1 1 0 1 1 1
287 22 20180 1 0 1 1 1 0 0 1 1 1 1 1 1 1 1 0 1 0 0 1 1 1
288 22 22049 1 0 1 0 1 1 1 1 0 1 0 1 1 1 1 1 1 1 1 0 1 0
289 22 21440 1 1 0 0 1 1 1 0 0 1 1 1 1 1 1 0 1 0 1 1 1 1
290 22 20450 0 1 1 1 0 1 1 1 1 1 0 1 0 0 1 1 1 1 1 1 1 1
291 22 18313 1 1 1 1 1 1 1 0 0 0 1 1 1 1 1 0 1 1 1 1 1 0
292 22 18881 1 0 1 1 0 0 1 1 1 1 0 1 0 1 1 1 1 1 1 1 1 1
293 22 18285 1 1 1 1 1 1 1 1 1 0 1 1 1 1 0 0 0 1 0 1 1 1
294 22 16257 1 1 0 1 1 1 1 1 1 1 1 0 0 1 1 0 1 1 1 1 1 1
295 22 19147 1 1 1 1 1 0 1 1 0 1 1 1 1 1 0 1 1 1 0 0 1 1
296 22 21356 1 1 0 0 1 1 1 0 1 0 1 1 1 0 1 1 1 0 1 1 1 1
297 22 17478 1 0 1 1 1 1 1 1 1 0 0 1 1 1 1 1 1 1 0 0 1 1
298 22 22853 0 0 1 0 1 1 1 1 1 1 1 1 1 1 1 1 1 1 1 0 0 1
299 22 22258 1 1 1 1 0 1 1 0 1 0 1 1 1 1 1 0 1 1 0 1 1 1
300 22 18659 1 1 1 1 0 1 0 0 1 1 1 0 1 1 1 1 1 1 1 1 1 0
301 22 18393 1 1 0 1 1 1 1 1 1 1 0 1 1 1 1 1 1 0 0 0 1 1
302 22 22529 1 1 1 1 1 1 0 1 1 0 1 0 1 1 0 1 1 1 1 1 1 0
303 22 19567 1 1 0 0 1 1 0 1 1 1 1 1 1 1 1 0 1 0 1 1 1 0
304 22 21385 1 0 1 1 1 0 1 1 0 0 1 1 1 1 1 0 1 0 1 1 1 1
305 22 17946 1 1 1 1 1 1 1 0 1 1 1 0 1 0 1 1 1 1 0 1 1 1
306 22 18059 1 1 1 0 1 1 0 1 1 1 1 0 1 1 1 1 1 0 1 1 1 0
307 22 20113 1 1 1 0 1 1 1 1 1 1 1 1 1 0 1 1 1 1 0 1 0 0
308 22 17084 1 1 1 1 1 1 1 1 0 1 1 1 1 0 1 0 1 1 1 0 1 1
309 22 22228 1 1 0 1 1 1 1 1 0 0 0 1 1 1 0 1 0 1 1 0 1 1
310 22 19787 1 1 1 1 0 1 1 1 1 1 1 0 0 1 0 1 1 1 1 1 0 1
311 22 13999 1 1 1 0 1 1 0 1 1 0 1 1 1 0 1 1 1 1 0 1 1 1
312 22 18556 1 1 1 1 0 1 0 1 1 1 1 1 0 0 1 1 0 1 1 1 1 1
313 22 20969 0 1 1 1 1 1 0 0 1 0 1 1 1 1 0 0 1 1 1 1 1 1
314 22 20425 1 1 0 0 1 1 1 1 1 1 1 1 1 1 1 0 1 1 1 1 0 0
315 22 20913 1 1 1 0 1 1 0 1 1 0 1 0 1 1 1 1 1 1 1 1 0 1
316 22 19253 1 1 1 1 1 1 0 1 1 1 1 1 0 1 1 0 1 1 0 0 1 1
317 22 19443 0 1 1 1 1 1 0 1 0 1 1 1 1 0 1 1 1 1 1 1 0 1
318 22 17806 1 1 1 1 0 1 1 1 1 1 1 1 1 1 0 1 1 1 0 0 1 0
319 22 16444 1 0 1 1 1 1 1 1 1 1 1 0 1 0 1 0 1 1 1 1 1 1
320 22 17399 0 1 1 1 0 1 1 1 1 1 1 1 1 1 1 0 0 1 1 1 1 1
321 22 19108 1 0 1 1 1 1 1 1 1 0 1 1 0 1 0 1 0 1 1 1 1 1
322 22 20286 1 1 1 1 1 0 1 1 1 1 1 1 0 1 0 0 1 1 1 1 0 1
323 22 16978 0 1 1 1 1 1 0 1 1 1 0 1 1 1 1 0 1 1 1 1 1 1
324 22 20195 1 1 0 0 0 1 1 1 1 1 1 0 1 1 1 0 1 1 1 1 1 0
325 22 18267 0 0 1 0 1 1 1 1 1 1 1 1 1 0 1 1 1 0 1 1 1 1
326 22 18262 1 1 1 1 1 0 1 0 0 1 0 1 0 1 1 1 1 1 1 1 1 1
327 22 18276 1 1 1 1 1 1 1 1 1 1 0 0 1 1 1 1 1 0 1 1 0 1
328 22 19060 0 1 1 1 1 0 0 1 1 1 1 1 1 1 0 1 1 1 1 1 1 1
329 22 18716 1 1 0 0 1 1 1 1 1 1 1 1 1 0 1 1 0 1 1 1 1 0
330 22 16492 1 1 0 1 1 0 1 1 1 1 0 1 1 0 1 1 1 1 1 1 1 0
331 22 21984 1 1 1 1 0 1 0 1 0 1 1 1 1 1 0 1 1 1 0 1 1 1
332 22 19979 1 0 1 0 1 1 1 1 0 1 1 1 1 0 1 1 1 1 1 1 0 1
333 22 19328 1 1 1 1 1 1 1 0 1 1 1 1 0 1 0 0 1 0 0 1 1 1
334 22 19806 1 1 1 1 0 1 1 1 1 1 0 1 1 0 1 1 0 1 1 0 1 0
335 22 18917 1 1 1 1 1 1 1 1 1 0 1 0 1 1 1 0 0 1 0 1 1 1
336 22 19474 1 0 0 1 1 1 1 0 1 1 1 0 1 1 1 0 1 1 1 1 1 1
337 22 18924 1 1 0 1 1 1 1 1 1 1 1 1 1 0 1 0 1 1 1 1 0 0
338 22 17892 1 0 1 1 0 1 1 1 1 0 1 0 1 1 1 1 1 1 1 1 1 0
339 22 20221 1 1 1 1 1 0 0 1 1 1 1 1 1 1 0 1 0 0 1 1 1 1
340 22 19764 0 1 1 0 1 1 1 1 1 1 1 1 1 1 1 1 0 1 1 0 0 1
341 22 15497 1 1 1 1 1 1 0 1 1 1 1 1 0 1 1 1 1 1 1 0 0 1
342 22 19152 1 0 1 1 1 1 1 0 1 1 0 1 1 1 0 1 1 1 1 1 1 0
343 22 20787 0 0 0 1 0 0 1 1 1 1 1 1 1 1 1 1 1 1 0 1 1 1
344 22 22255 1 0 1 0 1 1 1 1 1 1 0 1 1 1 0 1 1 0 1 1 0 0
345 22 18694 1 1 0 1 1 0 1 1 0 1 1 1 0 1 1 1 1 1 0 1 1 1
346 22 16241 0 0 1 0 1 1 0 1 1 0 1 1 1 1 1 1 1 1 1 1 1 1
347 22 17716 0 1 1 1 1 1 0 1 1 0 1 1 1 1 1 0 1 1 1 1 1 1
348 22 21851 1 1 0 1 1 0 1 1 1 1 1 0 1 0 1 0 0 1 1 1 1 1
349 22 17725 0 0 1 1 1 0 1 1 1 1 1 0 1 1 1 0 1 1 1 1 1 1
350 22 18955 1 1 1 1 1 1 1 1 0 0 1 0 1 1 1 1 1 0 0 1 1 1
351 22 20964 1 1 1 1 1 0 1 1 1 1 1 0 1 0 1 0 1 0 1 1 0 1
352 22 19168 1 1 1 0 1 1 1 0 0 1 1 1 1 1 1 1 1 0 1 1 0 1
353 22 20847 0 1 0 1 1 1 1 1 1 0 0 1 1 1 1 0 1 1 1 1 1 1
354 22 20144 1 1 1 1 1 0 0 1 1 1 1 0 0 0 1 1 0 1 1 1 1 1
355 22 20159 1 1 1 0 0 1 0 1 1 0 1 1 1 1 1 0 1 1 1 1 1 1
356 22 18874 0 1 1 1 1 1 1 1 1 1 1 1 1 1 0 0 0 0 1 1 1 1
357 22 18849 0 1 1 1 0 1 0 0 1 1 1 1 1 1 1 1 0 1 1 1 1 1
358 22 20086 1 0 1 1 0 1 1 1 1 1 1 0 1 0 1 1 1 1 1 1 0 1
359 22 20950 1 1 1 1 1 1 1 1 1 0 1 1 1 0 1 1 1 1 0 1 0 0
360 22 22390 1 1 1 0 1 1 1 1 1 1 0 1 1 0 1 0 1 1 0 1 1 1
361 22 19512 1 1 1 1 1 1 1 1 0 0 0 1 1 1 0 1 0 1 0 1 1 1
362 22 19342 1 1 1 1 1 1 0 0 0 0 1 1 1 1 1 1 0 0 1 1 1 1
363 22 20810 1 1 1 1 0 1 1 1 0 1 1 1 0 1 1 0 1 0 1 1 1 1
364 22 18386 1 1 1 0 1 0 1 1 1 1 1 1 0 1 1 1 0 1 0 1 1 1
365 22 19888 1 1 1 1 1 0 0 1 1 1 0 1 1 1 1 1 0 1 1 1 0 1
366 22 22242 1 1 1 0 1 0 1 1 0 1 0 1 1 1 1 1 1 1 1 1 1 0
367 22 20437 1 1 1 1 1 1 1 1 1 0 1 1 0 0 1 1 1 1 1 0 0 1
368 22 20603 1 1 1 1 0 1 1 0 1 1 1 1 0 1 0 0 1 1 1 1 1 0
369 22 20662 1 1 1 0 1 0 0 1 1 1 0 1 1 1 1 1 0 1 1 1 1 1
370 22 18800 1 1 1 1 1 1 1 1 0 1 1 1 1 1 0 1 1 0 0 1 1 0
371 22 16665 1 1 1 1 0 1 1 1 1 1 1 1 0 1 1 1 1 1 0 1 0 1
372 22 20987 0 1 1 1 1 1 0 0 1 1 1 0 1 1 1 1 1 0 1 1 1 1
373 22 18638 0 0 1 1 1 1 1 1 1 1 1 1 0 1 1 1 0 1 1 1 1 0
374 22 18753 1 1 1 1 1 0 0 0 1 1 1 1 1 0 1 0 1 0 1 1 1 1
375 22 19207 1 1 1 1 1 1 1 1 0 0 0 1 1 1 0 1 1 1 1 1 1 1
376 22 21323 0 0 1 1 1 0 0 1 1 1 1 1 0 1 1 1 1 1 1 0 1 1
377 22 20452 1 1 1 1 1 1 1 1 1 1 0 1 0 1 0 0 1 1 1 0 1 1
378 22 18180 0 1 1 1 0 1 1 0 1 0 1 1 1 1 1 1 1 1 1 1 1 1
379 22 19756 1 1 1 1 1 1 1 1 1 1 1 1 0 1 0 1 0 1 0 1 1 0
380 22 22211 1 1 1 1 1 0 1 1 0 1 1 1 0 1 1 1 1 0 1 1 1 0
381 22 18487 1 1 1 0 0 1 0 1 1 1 1 1 1 0 1 1 1 0 1 1 1 1
382 22 17552 0 1 1 1 1 1 0 1 1 1 1 1 0 1 1 0 1 0 1 1 1 1
383 22 17546 1 1 1 1 1 1 1 1 1 1 1 1 1 0 1 0 1 1 1 1 0 0
384 22 18078 1 1 0 1 1 0 1 1 1 1 0 1 1 1 1 1 1 0 1 1 0 1
385 22 18004 0 1 1 1 1 1 1 1 1 1 1 1 1 1 0 1 0 1 1 1 0 1
386 22 20710 1 0 1 1 1 0 1 1 1 1 0 1 1 1 1 0 1 1 0 1 1 1
387 22 17314 1 1 1 0 1 1 1 1 1 1 1 1 1 0 0 0 1 1 1 1 1 1
388 22 20719 1 0 1 1 1 1 1 0 0 1 1 1 1 1 1 1 0 1 1 0 0 1
389 22 18759 1 1 1 0 1 1 0 1 1 0 1 1 0 1 1 0 1 1 1 1 1 1
390 22 17481 1 0 1 1 1 0 1 1 1 1 1 1 1 0 1 1 1 0 1 1 0 1
391 22 19751 0 1 1 1 1 0 1 1 1 1 1 1 1 1 0 0 1 1 1 0 1 1
392 22 21361 1 1 0 1 1 0 0 0 1 1 1 1 1 0 1 1 1 1 1 0 1 1
393 22 18433 1 0 0 1 1 1 1 0 1 1 1 1 1 0 1 1 1 1 1 0 1 1
394 22 19639 0 1 0 1 1 0 1 1 0 1 1 1 1 0 1 1 1 1 1 1 1 1
395 22 20674 1 1 0 1 0 0 1 1 1 0 1 1 0 1 1 0 1 1 1 1 1 1
396 22 20693 1 1 1 1 1 1 1 1 0 0 1 1 1 1 0 0 0 1 1 1 1 1
397 22 21928 1 0 1 0 1 1 1 0 1 1 1 1 1 1 0 1 1 1 1 0 1 1
398 22 23164 0 1 1 0 1 1 0 1 1 1 1 1 0 1 0 1 1 1 1 1 1 1
399 22 20440 1 1 0 1 0 0 1 1 1 0 0 0 1 1 1 1 1 1 1 1 1 1
400 22 19029 1 1 1 1 1 1 1 1 0 1 1 1 0 1 0 1 1 1 0 0 1 1
401 22 18099 0 1 1 1 1 1 1 1 1 1 1 1 0 1 1 0 1 1 1 1 0 0
402 22 17469 0 0 1 0 1 1 0 1 1 1 1 1 1 1 1 1 1 0 1 1 1 1
403 22 19853 1 1 1 1 1 1 1 1 1 0 1 1 0 1 0 1 1 0 1 1 1 0
404 22 20517 1 1 0 1 1 1 1 1 1 1 1 1 0 0 1 0 1 1 1 1 0 1
405 22 13888 0 1 0 1 1 0 1 1 0 1 1 0 1 1 1 1 1 1 1 1 1 1
406 22 19427 1 0 1 1 1 1 1 0 1 0 1 1 1 1 1 1 1 1 1 0 0 1
407 22 20212 1 1 1 1 0 1 1 1 1 1 0 1 1 1 1 1 1 0 0 1 0 1
408 22 19379 1 1 1 1 0 0 1 1 1 0 1 1 1 1 1 0 1 1 1 0 1 1
409 22 20166 1 0 1 1 1 0 1 0 1 0 0 1 1 1 1 1 1 1 1 1 1 1
410 22 21832 0 1 1 1 0 1 0 1 0 1 1 1 1 1 1 0 1 1 1 1 1 1
411 22 18382 1 0 1 1 1 1 0 1 1 0 1 1 1 1 0 1 1 0 1 1 1 0
412 22 19707 1 0 1 1 1 0 1 1 1 1 1 1 0 1 1 0 1 1 1 1 1 0
413 22 22551 0 1 1 1 0 1 1 0 0 1 1 1 1 1 1 1 1 1 0 1 1 0
414 22 15920 1 1 1 1 1 1 1 0 1 0 1 1 0 1 1 1 0 1 1 1 1 1
415 22 19741 1 1 1 1 1 1 0 1 1 1 1 1 1 0 1 1 1 0 0 1 0 1
416 22 21046 0 1 0 1 1 0 1 1 1 1 1 0 1 1 1 0 1 1 1 1 1 0
417 22 20270 1 1 0 0 1 1 1 1 0 0 1 1 1 1 1 0 1 1 1 1 1 0
418 22 18921 1 1 0 1 1 1 1 1 0 1 1 0 1 1 0 1 1 1 1 1 0 1
419 22 20422 1 1 1 1 0 1 1 0 1 1 1 1 1 1 1 1 1 1 0 0 1 0
420 22 20525 1 1 1 0 0 1 1 1 1 1 1 1 1 1 1 1 0 1 0 1 0 1
421 22 19870 1 1 1 1 1 0 1 1 1 1 1 1 1 0 1 0 1 1 0 1 0 1
422 22 18438 1 1 1 0 1 0 1 1 1 1 1 1 1 0 1 1 1 1 1 1 0 1
423 22 20438 1 0 0 1 1 1 1 1 1 1 1 1 0 1 1 1 1 0 0 1 1 0
424 22 17782 1 1 0 1 1 0 0 1 1 0 1 1 1 1 1 1 1 1 1 1 1 0
425 22 18970 1 1 0 0 1 0 1 1 0 1 1 0 1 1 1 1 1 1 1 0 1 1
426 22 20447 1 1 1 0 1 1 1 1 0 0 1 1 0 0 1 1 0 1 1 1 1 1
427 22 20083 1 1 1 1 0 1 1 0 1 1 1 1 1 1 1 0 1 0 0 1 1 1
428 22 19309 1 1 1 1 1 1 1 1 1 1 1 0 0 1 0 0 1 1 0 1 1 1
429 22 20382 1 0 1 1 1 1 1 1 0 0 1 1 1 1 0 1 1 1 1 1 0 1
430 22 18016 1 1 1 0 1 0 1 0 1 1 1 0 1 1 1 1 1 0 1 1 1 1
431 22 18464 1 1 1 0 1 1 1 1 1 1 1 1 1 1 0 0 1 0 0 0 1 1
432 22 17703 1 1 1 1 0 1 1 0 1 1 1 1 1 0 0 1 1 1 0 1 1 1
433 22 17847 0 1 1 1 0 1 0 1 1 1 1 1 1 0 0 1 1 1 1 1 1 1
434 22 20054 1 1 1 1 1 0 1 0 1 1 1 0 1 1 1 0 1 1 1 1 1 0
435 22 16781 1 1 0 1 1 1 0 1 1 1 1 0 1 1 1 1 1 1 1 0 1 1
436 22 20891 1 0 0 1 0 1 1 1 1 1 1 1 1 1 1 0 0 1 1 1 1 1
437 22 19836 1 0 1 1 1 1 0 1 1 1 0 0 0 1 1 1 1 1 1 1 0 1
438 22 19685 0 1 1 1 1 0 1 0 0 1 1 0 0 1 1 1 1 1 1 1 1 1
439 22 19893 1 1 1 1 1 0 1 1 0 1 1 1 1 1 0 1 1 1 0 1 0 1
440 22 21724 1 1 1 1 0 0 1 1 1 1 0 1 1 1 1 0 0 1 1 1 1 1
441 22 22293 1 0 1 1 0 1 0 1 1 1 1 0 1 1 1 0 1 1 1 0 1 0
442 22 19970 1 1 1 1 1 1 1 1 1 1 0 0 0 1 1 0 1 1 1 1 1 0
443 22 20341 1 0 1 0 1 0 1 1 1 1 1 1 1 1 1 1 0 0 1 1 1 1
444 22 17024 1 1 0 1 1 1 1 1 1 1 1 1 1 1 0 1 0 0 1 1 1 1
445 22 20818 0 1 1 1 1 1 1 1 0 0 1 1 0 1 1 1 1 1 0 1 1 1
446 22 20441 1 1 1 1 1 0 1 1 1 1 0 1 1 1 1 1 0 1 1 1 0 0
447 22 18636 1 1 1 1 1 1 1 0 0 1 1 0 1 1 1 0 0 1 1 1 1 1
448 22 20091 1 1 0 0 1 1 1 1 1 1 1 1 1 1 1 1 0 1 0 1 0 1
449 22 19106 1 0 1 1 1 0 0 1 1 1 1 1 0 1 1 1 1 1 1 0 1 1
450 22 19920 1 0 0 1 1 1 0 1 1 1 1 1 0 1 1 1 0 1 1 1 1 0
451 22 21177 1 1 1 1 0 1 1 1 1 1 1 1 1 1 1 1 1 0 0 1 0 0
452 22 20769 1 1 1 1 1 1 0 1 0 0 1 0 1 0 1 1 1 1 1 1 1 0
453 22 20472 0 1 1 1 1 1 1 0 0 1 0 1 0 1 1 1 1 1 1 1 1 0
454 22 20023 1 1 1 1 1 0 1 1 1 0 1 1 1 1 1 1 0 0 0 1 1 1
455 22 21767 1 1 1 1 1 1 0 0 1 0 1 1 1 1 1 1 1 0 1 1 0 0
456 22 20311 1 1 1 1 1 1 1 1 0 1 1 1 0 1 1 1 0 1 0 1 0 1
457 22 19853 1 1 1 1 1 1 1 1 1 1 0 1 0 1 0 0 1 1 0 1 1 1
458 22 17962 1 1 1 1 1 1 1 0 1 1 1 1 1 0 1 1 1 1 0 1 0 0
459 22 16809 1 1 0 1 1 1 1 0 1 1 0 1 1 1 0 1 1 1 1 1 1 1
460 22 16453 1 0 0 0 1 0 1 1 1 0 1 0 1 1 1 1 1 1 1 1 1 1
461 22 17674 1 0 0 1 1 0 1 1 0 1 1 1 1 1 1 1 0 1 1 1 1 1
462 22 18884 1 1 1 1 1 1 0 1 0 0 1 1 1 1 0 1 1 0 1 1 1 0
463 22 22002 1 1 1 1 1 1 0 0 1 1 1 1 0 0 1 0 1 1 1 1 1 0
464 22 20697 1 1 1 1 1 1 0 1 1 0 1 1 0 0 1 1 0 1 1 1 1 1
465 22 19395 1 1 1 1 0 0 1 0 1 1 1 0 1 1 1 1 0 1 1 0 1 1
466 22 15635 1 1 1 1 1 1 0 1 1 1 1 1 1 0 1 1 1 1 0 0 1 1
467 22 20495 1 1 1 1 1 1 1 0 1 1 1 1 1 1 1 0 0 0 1 1 1 0
468 22 20741 1 1 0 1 1 1 1 1 1 1 1 1 0 1 1 0 1 1 0 0 1 1
469 22 18091 1 0 0 1 1 1 1 1 1 1 1 0 1 1 1 0 1 0 1 1 1 1
470 22 16455 1 1 1 0 0 0 1 1 1 1 1 1 0 1 0 1 1 1 1 1 1 1
471 22 21086 1 1 1 1 1 0 1 1 1 0 1 1 1 1 1 1 1 0 1 0 0 1
472 22 21662 0 1 1 0 1 1 0 1 1 1 1 0 1 1 1 1 0 1 1 1 1 1
473 22 19457 1 1 1 0 1 1 1 0 1 1 0 1 0 1 1 1 1 1 1 1 0 1
474 22 20458 0 1 1 1 1 1 1 0 1 1 1 1 1 0 1 1 1 0 1 0 1 1
475 22 21269 0 1 1 1 1 1 0 1 1 1 1 0 1 1 1 1 1 0 1 0 1 1
476 22 17501 1 0 1 1 1 1 1 1 1 0 1 1 1 1 1 1 0 1 0 1 1 0
477 22 23399 1 1 1 1 1 0 0 0 1 1 1 0 1 1 1 1 1 0 1 1 0 1
478 22 19761 1 1 1 0 1 1 1 1 1 1 0 1 0 0 0 0 1 1 1 1 1 1
479 22 19795 1 0 1 1 0 1 1 1 1 1 1 1 1 0 0 1 1 0 1 1 1 0
480 22 19438 0 1 1 1 0 1 1 1 1 1 1 0 1 1 1 1 1 1 0 0 1 1
481 22 21918 1 1 1 0 1 1 1 0 1 1 1 1 1 1 1 1 1 0 1 0 1 0
482 22 21405 1 0 1 1 1 0 1 1 0 1 0 0 0 1 1 1 1 0 1 1 1 1
483 22 21879 1 1 1 1 1 1 0 1 1 0 1 1 1 0 1 1 1 0 1 0 0 1
484 22 21210 1 1 1 1 1 1 1 1 1 1 1 0 1 1 1 0 1 0 1 0 0 1
485 22 20880 1 1 1 1 1 1 1 1 1 0 1 1 1 1 1 0 0 0 1 1 0 1
486 22 20065 1 1 1 1 1 0 1 1 0 1 1 1 1 1 1 1 0 0 1 1 1 0
487 22 20829 0 1 1 0 0 1 0 1 1 1 1 1 0 1 1 1 1 1 1 1 1 0
488 22 20647 1 1 1 1 1 0 1 1 0 1 0 0 1 1 1 1 1 1 1 0 1 0
489 22 19985 1 1 1 0 1 1 1 0 1 0 1 1 1 1 1 1 1 1 1 0 1 0
490 22 19994 0 1 0 1 1 1 1 1 1 0 0 0 1 1 0 1 1 1 1 1 1 1
491 22 18692 1 0 1 1 0 1 0 1 1 1 1 1 0 1 1 1 1 1 1 1 1 1
492 22 22373 0 1 1 1 1 1 1 1 1 0 1 1 1 1 0 1 0 1 1 1 0 0
493 22 22567 1 1 1 1 1 1 1 1 0 1 1 1 0 0 1 1 0 0 1 1 1 0
494 22 18208 0 1 1 1 1 1 1 1 1 1 0 1 1 1 0 1 1 0 0 1 1 1
495 22 18739 0 1 1 1 0 1 1 1 1 1 1 0 0 0 1 1 1 1 1 1 1 1
496 22 17212 0 0 1 1 1 1 1 1 1 0 1 1 0 1 1 1 0 1 1 1 1 1
497 22 20898 1 1 1 1 1 1 0 1 1 1 1 1 1 0 1 1 1 1 0 0 0 1
498 22 19120 1 0 1 1 0 1 1 0 1 1 1 0 1 1 0 1 1 1 1 1 1 1
499 22 21920 1 1 0 1 1 1 1 1 1 0 1 1 0 1 1 1 1 1 0 0 1 1
500 22 19400 1 1 0 1 1 1 0 1 1 1 1 1 0 1 1 1 1 1 1 0 0 1
