1 20 14180 1 1 1 1 1 1 0 0 1 1 1 1 1 1 0 1 1 1 0 1
2 20 17543 1 0 0 0 1 1 1 1 0 1 1 1 1 0 1 1 1 1 1 1
3 20 17711 0 0 1 1 1 1 0 1 1 1 1 1 1 0 1 1 0 1 1 1
4 20 17955 1 1 1 0 1 0 0 1 1 1 1 1 1 0 1 1 1 1 1 1
5 20 19153 0 1 1 0 0 1 1 1 1 1 1 1 0 1 0 1 1 1 1 1
6 20 18603 1 0 1 1 0 1 1 0 1 1 1 1 1 1 0 1 1 0 1 1
7 20 17506 0 0 1 1 1 0 1 1 0 1 0 1 1 1 1 1 1 1 1 1
8 20 19222 0 0 1 1 0 1 1 0 1 1 1 1 1 1 1 0 1 1 1 1
9 20 19329 1 1 0 0 1 1 1 0 0 0 1 1 1 0 1 1 1 1 1 1
10 20 19071 1 0 1 1 1 1 1 1 1 1 1 1 1 1 0 1 1 0 0 0
11 20 18249 1 1 1 1 0 1 1 1 0 1 1 1 0 1 1 0 1 1 1 0
12 20 17579 1 1 1 1 1 1 1 1 1 0 0 1 0 1 1 0 0 1 1 1
13 20 19905 1 1 1 1 1 1 1 0 1 0 1 0 1 0 0 1 1 0 1 1
14 20 20785 1 1 1 1 1 1 1 0 0 1 1 1 1 0 0 1 1 1 1 0
15 20 17032 1 1 1 0 1 1 1 1 1 1 1 1 1 0 1 0 1 1 0 0
16 20 16088 1 0 1 1 1 1 0 1 1 0 1 1 1 0 1 0 1 1 1 1
17 20 16105 1 1 1 1 1 1 1 1 1 1 1 0 1 1 0 1 1 0 1 0
18 20 18555 1 1 1 1 0 1 1 1 1 0 1 1 0 1 1 0 0 1 1 1
19 20 16955 1 1 1 0 1 0 1 1 1 1 1 1 1 1 1 1 0 0 1 1
20 20 17788 0 1 0 1 1 1 1 1 1 1 0 1 1 1 1 1 1 1 0 1
21 20 16942 1 0 1 1 1 1 1 1 0 1 1 1 1 1 0 1 1 0 1 1
22 20 16351 1 0 1 0 1 0 1 1 1 1 0 1 1 1 1 1 1 1 1 1
23 20 17445 1 0 1 1 1 1 1 0 1 1 1 0 1 0 1 1 1 0 1 1
24 20 17737 1 1 1 1 0 1 0 0 1 1 1 1 1 1 1 1 1 1 0 0
25 20 18393 1 1 1 1 1 1 0 1 0 0 0 1 1 1 1 1 1 1 1 0
26 20 20493 1 1 1 1 0 1 1 1 1 1 1 0 1 0 1 1 1 1 0 0
27 20 15743 1 0 1 1 0 1 1 0 1 1 1 1 1 1 0 1 1 1 0 1
28 20 19206 0 0 1 1 1 0 1 1 1 1 0 1 1 1 1 1 0 1 1 0
29 20 20077 1 1 1 1 1 1 0 1 1 1 1 1 0 0 1 0 1 0 1 1
30 20 18705 1 1 1 1 0 1 1 0 1 1 1 1 0 1 0 1 0 1 1 1
31 20 17120 1 1 1 1 0 1 1 1 1 1 1 0 1 0 1 1 1 0 1 1
32 20 15384 1 1 1 1 1 1 1 1 1 1 1 0 1 0 1 0 0 1 1 1
33 20 19889 1 1 1 0 0 1 1 1 0 1 1 1 1 0 1 0 1 1 1 1
34 20 18331 1 1 1 1 0 1 0 0 1 1 1 0 1 1 1 1 1 1 1 0
35 20 16335 1 1 1 1 1 1 0 1 1 1 1 1 0 1 1 1 0 1 1 0
36 20 16011 1 0 0 1 0 0 1 1 1 0 1 1 1 1 1 1 1 1 1 1
37 20 19595 1 1 1 1 1 0 0 1 0 0 0 1 1 1 1 1 1 1 1 1
38 20 18491 0 1 1 1 0 1 1 1 1 1 1 0 1 1 1 1 1 0 1 0
39 20 15104 1 1 1 1 1 1 0 1 1 0 1 0 1 1 0 1 1 1 1 1
40 20 18247 0 1 1 1 0 1 1 1 1 1 0 1 0 1 1 1 1 1 1 0
41 20 18615 1 1 1 1 1 1 0 1 1 1 1 1 0 0 0 1 1 1 1 0
42 20 19744 1 1 1 1 0 1 1 0 0 1 1 1 1 1 0 1 0 1 1 1
43 20 15510 1 0 1 1 1 1 1 0 1 1 1 1 0 0 1 1 1 1 0 1
44 20 19193 1 1 0 1 0 0 1 1 1 0 1 1 1 1 1 1 1 1 0 1
45 20 17629 1 1 1 0 1 1 0 1 1 1 0 1 0 1 1 0 1 1 1 1
46 20 19617 1 1 1 1 0 0 1 1 1 1 0 0 1 1 1 1 1 1 1 0
47 20 17692 0 1 1 0 0 1 1 1 1 1 1 1 0 1 1 1 1 1 1 1
48 20 18548 1 0 1 1 1 1 1 1 1 0 0 1 1 1 0 1 1 0 1 1
49 20 18099 1 1 1 0 1 1 1 0 1 0 1 1 1 1 1 1 1 0 1 0
50 20 20198 1 1 1 0 1 1 1 0 1 1 1 0 1 0 1 1 1 0 1 1
51 20 17103 0 1 1 0 1 1 0 1 1 1 1 1 0 1 1 0 1 1 1 1
52 20 17627 0 1 1 1 1 1 0 1 1 1 1 1 1 1 1 1 1 0 1 0
53 20 19855 1 0 0 1 1 1 1 1 1 0 1 1 1 0 0 1 1 1 0 1
54 20 15303 1 1 1 1 1 1 0 0 1 1 1 0 1 0 1 0 1 1 1 1
55 20 19299 0 0 1 1 1 1 1 0 1 1 1 1 1 1 0 1 1 1 0 1
56 20 19275 1 0 1 1 0 1 1 1 1 1 1 1 0 0 0 1 1 1 1 1
57 20 15743 1 1 1 1 1 0 1 0 1 1 0 1 1 1 1 1 0 1 1 1
58 20 20023 1 0 1 0 1 1 1 1 1 1 1 1 1 1 1 1 0 0 0 1
59 20 18219 1 0 1 1 1 1 1 1 1 1 0 1 1 1 1 0 1 0 0 1
60 20 18498 1 1 1 1 0 1 0 1 1 1 1 1 1 0 1 1 1 1 0 0
61 20 16941 1 1 0 1 1 1 1 1 0 1 0 1 0 0 1 1 1 1 1 1
62 20 19074 1 0 1 0 1 1 1 1 1 1 1 0 0 1 1 1 0 0 1 1
63 20 17551 1 1 1 1 1 0 1 1 0 0 0 1 1 1 1 1 0 1 1 1
64 20 16314 1 1 1 1 0 1 1 1 1 0 1 1 1 1 0 0 1 1 1 1
65 20 19204 1 1 1 1 0 1 1 0 1 1 1 1 0 1 0 1 0 1 1 1
66 20 17202 1 1 1 1 1 1 1 0 0 1 1 1 1 1 1 1 1 0 0 0
67 20 16804 1 1 1 1 0 1 1 0 1 1 1 0 1 1 1 1 1 0 1 0
68 20 17574 1 1 1 1 0 1 1 1 0 0 0 1 1 1 1 1 1 1 0 1
69 20 14940 1 1 1 1 1 1 0 0 1 0 1 1 1 1 1 1 0 1 1 0
70 20 19242 1 1 1 1 0 1 1 0 1 0 1 1 1 1 1 1 1 0 0 1
71 20 17496 0 1 0 0 1 1 1 1 1 1 1 1 0 1 1 1 1 1 1 0
72 20 16020 1 1 1 1 1 1 1 1 0 0 1 0 1 1 1 0 1 1 0 1
73 20 18649 1 0 1 0 1 1 0 1 1 1 1 1 1 0 1 0 1 1 1 1
74 20 20097 0 1 1 0 1 1 0 1 1 1 1 1 1 1 1 0 1 1 1 0
75 20 19124 1 0 1 1 1 1 1 1 1 1 1 1 1 0 0 1 1 0 0 1
76 20 14020 0 1 1 1 1 0 1 1 1 1 1 1 0 1 1 1 1 1 0 1
77 20 19759 1 0 1 0 1 1 0 1 1 0 1 1 1 1 1 1 0 1 1 1
78 20 16363 1 1 0 1 1 1 1 1 1 1 0 0 1 1 1 1 1 1 0 1
79 20 16356 1 1 1 1 1 1 1 0 1 1 1 0 1 1 1 1 0 0 0 1
80 20 18259 1 1 1 0 1 0 1 0 1 1 1 1 0 1 1 1 0 1 1 1
81 20 17292 1 0 1 0 1 0 0 1 1 1 1 1 1 1 1 1 1 1 1 1
82 20 18683 1 0 1 1 1 1 1 0 0 1 1 1 1 1 1 1 1 0 0 1
83 20 18897 1 1 0 0 1 0 0 1 1 1 1 1 1 1 0 1 1 1 1 1
84 20 16298 1 1 1 1 1 1 1 1 0 1 0 0 1 1 1 0 1 0 1 1
85 20 20814 1 0 1 0 1 0 1 1 1 1 1 0 1 1 1 0 1 1 1 1
86 20 17076 1 1 1 1 1 1 1 1 0 1 1 1 1 1 0 1 0 1 0 1
87 20 17491 0 1 1 1 1 1 0 1 0 1 1 1 1 1 1 0 1 1 1 1
88 20 17373 1 1 0 1 0 1 1 1 1 1 0 1 1 0 1 1 1 1 1 1
89 20 16113 1 1 1 1 0 1 1 1 1 1 1 1 0 0 1 0 1 1 0 1
90 20 16108 1 1 1 1 1 1 1 0 1 1 0 0 1 1 0 1 1 0 1 1
91 20 18065 0 1 1 0 0 1 1 1 0 1 1 1 1 1 1 0 1 1 1 1
92 20 19399 0 1 1 0 0 1 1 0 1 1 1 0 1 1 1 1 1 1 1 1
93 20 16424 1 1 1 1 0 1 1 1 0 1 1 1 0 1 1 0 0 1 1 1
94 20 17055 1 1 1 1 1 1 0 1 1 0 1 1 1 1 0 1 0 1 1 1
95 20 17198 1 0 1 0 1 1 1 1 1 0 1 1 0 1 1 0 1 1 1 1
96 20 16141 1 1 1 1 1 1 1 0 1 1 0 0 1 1 1 1 1 1 0 0
97 20 15204 1 1 1 0 1 0 0 0 1 1 0 1 1 1 1 1 1 1 1 1
98 20 19226 1 1 1 1 1 1 1 0 1 1 1 1 1 1 0 0 1 0 1 0
99 20 18134 1 1 1 1 0 0 1 1 1 1 1 1 1 0 0 1 1 0 1 1
100 20 18628 0 0 1 0 1 1 1 1 1 1 1 1 1 1 1 1 1 0 1 0
101 20 18938 1 1 1 1 1 0 0 1 1 1 0 1 1 1 1 1 0 1 0 0
102 20 17586 0 1 1 1 1 1 1 0 1 1 1 1 1 1 1 0 0 0 1 1
103 20 18746 0 1 1 1 1 0 1 0 1 0 1 0 1 1 1 0 1 1 1 1
104 20 18749 1 1 1 1 1 1 1 1 1 1 0 1 0 0 0 0 1 1 1 1
105 20 18291 1 1 1 1 1 1 0 1 0 1 0 1 1 1 1 0 1 1 0 1
106 20 18341 1 1 1 1 1 1 1 0 1 1 1 1 0 0 1 1 0 1 1 0
107 20 16545 0 0 1 1 1 0 1 1 1 1 1 1 1 1 1 1 0 1 0 1
108 20 18051 1 1 1 1 1 1 0 1 0 1 1 1 1 1 0 1 1 0 0 1
109 20 14671 0 1 1 0 1 1 0 1 1 0 1 1 1 1 1 1 1 1 1 1
110 20 16221 1 0 0 1 1 1 0 1 1 1 1 1 1 1 1 1 1 1 1 0
111 20 15832 1 0 0 1 1 1 1 1 1 1 1 0 1 0 1 1 1 1 0 1
112 20 18403 1 1 1 1 0 1 0 0 1 0 1 1 1 1 1 1 1 0 1 1
113 20 18313 1 1 1 1 1 0 1 1 1 1 1 1 0 0 1 0 1 0 1 1
114 20 16630 0 1 1 0 0 1 0 1 0 1 1 1 1 1 1 1 1 1 1 1
115 20 19527 0 1 1 1 1 1 1 1 0 1 1 0 1 0 1 1 1 0 0 1
116 20 17766 1 1 1 1 0 0 1 1 1 1 1 1 1 1 1 1 1 0 0 1
117 20 17867 1 1 1 1 0 1 0 1 1 1 0 1 0 1 1 1 1 1 0 1
118 20 17492 1 0 0 1 1 1 1 1 1 0 1 1 1 1 1 1 1 0 0 1
119 20 17604 0 1 0 1 1 1 1 0 1 1 1 1 1 1 0 1 1 1 1 1
120 20 19730 1 0 1 1 1 1 0 0 1 0 1 1 1 1 1 0 1 1 1 1
121 20 15031 1 1 1 0 1 1 1 0 1 1 1 1 0 1 0 1 1 1 1 1
122 20 18092 0 1 1 1 1 1 1 0 1 1 1 1 0 1 1 0 1 1 0 1
123 20 19027 0 1 1 1 1 0 1 0 0 1 0 1 1 1 1 1 1 1 1 1
124 20 16827 1 1 1 0 1 1 1 0 1 1 1 1 1 0 0 1 1 0 1 1
125 20 17367 1 1 1 0 1 1 1 1 1 0 0 1 1 1 1 0 0 1 1 1
126 20 19036 0 0 1 1 0 1 1 1 1 1 1 1 1 1 1 0 0 1 1 1
127 20 14068 1 0 0 0 1 1 1 1 1 1 1 1 1 1 1 0 1 0 1 1
128 20 17431 1 1 1 1 0 1 1 1 1 1 1 1 1 0 0 0 0 1 1 1
129 20 16212 1 1 1 1 1 0 1 0 1 1 1 1 1 1 0 1 1 1 0 1
130 20 17612 1 0 1 0 1 1 1 1 1 1 1 1 1 1 0 1 0 1 0 1
131 20 21535 0 0 1 1 1 1 0 1 1 1 1 1 1 0 1 1 0 1 1 1
132 20 17126 1 1 1 1 0 1 1 0 1 0 0 1 1 1 1 1 1 1 1 1
133 20 19176 1 1 0 0 1 1 1 0 0 1 1 1 0 1 0 1 1 1 1 1
134 20 16734 1 0 1 1 1 0 1 0 1 1 1 1 1 1 1 1 1 0 1 0
135 20 17835 0 1 1 1 0 0 1 1 1 1 1 1 1 1 1 1 1 0 1 1
136 20 18370 1 1 1 1 0 1 1 0 1 1 1 1 1 1 0 1 0 0 1 1
137 20 17404 0 1 0 1 1 1 1 1 1 1 1 1 1 1 1 0 0 0 1 1
138 20 16075 1 0 1 1 1 1 1 1 0 1 0 1 1 1 1 0 1 1 1 0
139 20 18568 0 0 1 1 1 1 1 1 1 1 1 1 0 1 1 1 0 0 1 1
140 20 18917 0 0 1 1 1 1 1 1 1 1 1 1 1 1 1 1 0 1 1 0
141 20 18766 1 1 1 1 1 1 0 1 0 1 1 1 0 0 1 1 1 1 1 0
142 20 19065 0 1 1 1 1 1 0 0 1 1 1 0 1 1 1 0 1 1 1 1
143 20 17327 0 1 0 1 1 1 1 1 1 1 1 0 0 0 1 1 1 1 1 1
144 20 16401 1 1 1 1 1 1 1 1 0 1 0 1 1 1 1 1 1 1 0 0
145 20 17792 0 1 1 0 1 1 1 1 1 0 1 1 1 1 1 1 0 1 1 0
146 20 18109 1 0 1 1 0 1 1 1 0 1 1 1 0 1 1 1 1 1 0 1
147 20 16843 0 1 1 0 1 1 1 1 1 1 1 1 0 1 0 1 1 1 1 1
148 20 19708 1 1 1 1 1 1 1 0 1 1 0 1 1 0 1 1 0 1 0 1
149 20 21059 1 1 0 1 1 1 1 1 1 1 1 1 1 0 0 0 0 1 1 0
150 20 18285 1 1 1 0 1 1 1 0 1 0 1 0 1 1 1 0 1 1 1 1
151 20 18466 0 0 1 1 1 0 1 1 1 1 1 0 1 1 1 1 0 1 1 1
152 20 17260 1 1 1 0 1 1 0 1 1 1 0 1 1 1 1 0 1 0 1 1
153 20 16173 1 1 1 1 0 1 0 1 1 1 1 0 1 1 1 0 1 1 1 1
154 20 15593 1 0 1 1 0 1 1 1 0 0 0 1 1 1 1 1 1 0 1 1
155 20 18024 1 1 1 1 1 0 0 1 1 1 1 1 1 0 1 1 1 0 1 0
156 20 17248 0 1 1 1 1 1 1 1 1 1 1 1 0 1 1 0 0 1 1 0
157 20 17080 1 1 1 0 1 1 0 1 1 1 1 1 1 1 1 1 0 0 0 1
158 20 16988 0 1 1 1 1 0 1 1 1 0 0 1 1 0 1 1 1 1 1 1
159 20 18261 0 1 1 1 1 1 0 1 1 0 1 1 1 1 0 1 1 1 1 0
160 20 21400 1 0 1 1 1 1 1 0 0 0 1 1 1 1 0 1 1 1 1 1
161 20 14823 1 1 1 0 1 1 1 0 1 1 0 1 1 1 1 1 1 0 1 1
162 20 15476 1 1 0 0 1 1 1 1 1 0 0 1 1 1 1 1 1 1 1 1
163 20 16637 1 1 1 1 1 1 0 0 1 1 1 1 0 1 1 1 0 1 1 0
164 20 19395 0 1 1 1 1 1 1 1 0 1 0 1 0 1 0 1 0 1 1 1
165 20 15437 1 1 1 1 1 1 1 0 1 0 1 1 1 1 1 1 0 1 0 1
166 20 20231 0 1 1 0 1 1 1 1 1 0 1 0 0 1 1 0 1 1 1 1
167 20 16489 1 0 1 1 1 1 0 0 1 1 1 1 1 1 0 1 1 1 0 1
168 20 22174 1 1 1 0 1 0 1 1 1 1 1 1 0 1 0 1 1 0 1 1
169 20 20094 1 1 0 1 1 0 1 1 1 1 1 0 1 1 1 1 1 0 1 0
170 20 19864 1 1 0 0 1 1 1 0 1 1 1 1 0 1 1 1 1 1 0 1
171 20 19778 1 1 1 1 0 0 1 1 1 1 1 0 0 1 1 1 0 1 0 1
172 20 17848 1 1 1 0 0 1 1 1 1 0 1 1 0 1 1 1 0 1 1 1
173 20 15884 1 1 1 1 1 1 1 0 1 1 1 1 1 1 0 1 0 0 1 0
174 20 15778 0 0 0 1 1 1 1 1 1 1 1 0 1 1 0 1 1 1 1 1
175 20 16344 0 1 0 1 0 1 1 1 1 0 1 1 1 1 1 1 1 1 0 1
176 20 15532 1 1 0 1 1 1 1 1 1 1 0 1 1 1 0 1 1 1 0 1
177 20 20840 1 1 1 1 1 1 0 1 1 1 1 1 1 1 1 0 0 0 0 0
178 20 19667 1 1 1 1 1 1 0 1 0 0 0 1 1 1 1 0 1 1 1 1
179 20 19591 1 1 0 1 0 1 1 1 1 0 1 0 1 1 1 1 0 1 1 1
180 20 20065 1 1 1 1 1 1 1 1 1 0 1 1 1 1 1 0 1 0 0 0
181 20 19335 1 1 0 1 1 1 0 1 1 1 1 1 1 0 0 1 1 0 1 1
182 20 18800 0 1 1 1 1 0 1 1 1 1 1 1 1 1 1 1 0 0 1 1
183 20 18205 1 1 0 1 1 1 1 0 1 1 0 1 0 1 0 1 1 1 1 1
184 20 18514 1 1 0 1 0 1 1 1 1 1 0 1 1 1 1 0 0 1 1 1
185 20 16398 1 1 1 1 1 0 1 1 1 0 1 1 0 1 0 1 1 1 1 1
186 20 18278 0 0 1 1 1 1 1 0 1 0 1 1 1 1 0 1 1 1 1 1
187 20 18468 1 0 1 1 1 1 1 1 1 0 1 1 1 1 0 1 1 1 0 0
188 20 20115 1 1 1 0 1 1 1 1 1 0 1 0 1 1 1 1 0 1 1 0
189 20 18320 1 0 1 1 1 1 1 1 1 1 1 0 1 1 1 0 0 0 1 1
190 20 16937 1 0 1 0 1 1 1 1 1 1 1 1 1 1 0 1 1 0 1 0
191 20 17212 1 1 1 1 1 0 0 1 1 1 0 0 1 1 1 1 1 0 1 1
192 20 21359 1 1 1 0 1 1 1 1 1 0 0 1 0 1 0 1 1 1 1 1
193 20 18004 0 1 1 1 1 1 1 0 0 0 1 1 1 1 1 1 1 1 1 0
194 20 17086 1 1 0 1 1 0 0 1 1 0 1 1 1 1 1 1 1 0 1 1
195 20 17592 1 1 0 0 1 1 0 1 1 1 1 0 1 1 1 1 1 1 1 1
196 20 19010 0 1 0 1 1 1 1 1 0 1 1 1 1 1 1 0 1 0 1 1
197 20 16308 1 1 0 1 1 1 1 1 1 1 1 0 1 1 1 0 1 0 1 1
198 20 18679 1 0 1 1 1 1 1 0 1 1 1 1 1 1 0 0 1 1 1 1
199 20 16124 0 1 1 1 1 1 1 1 1 1 0 1 1 1 0 1 1 0 1 1
200 20 15995 1 1 1 1 1 1 1 0 1 1 0 1 1 1 1 1 0 0 1 0
201 20 16996 0 1 1 1 1 1 1 1 1 1 0 0 1 1 1 0 1 1 1 1
202 20 15623 1 1 0 1 0 1 1 1 1 1 1 1 1 0 1 1 1 1 0 0
203 20 17196 1 1 1 1 1 0 0 0 0 1 1 1 1 1 1 1 1 1 1 1
204 20 18555 1 1 0 1 1 0 1 1 1 1 0 0 1 1 1 1 1 1 1 0
205 20 18313 1 1 1 0 1 1 0 1 1 1 0 1 1 1 1 1 0 1 0 1
206 20 17979 0 1 1 1 1 1 0 0 1 1 1 1 1 1 1 1 0 0 1 1
207 20 16914 1 0 1 0 0 1 1 1 1 1 1 1 1 1 1 1 1 1 0 1
208 20 15791 1 1 1 1 0 1 1 1 1 1 1 1 0 1 0 1 1 1 1 0
209 20 14603 1 1 1 1 0 1 0 1 1 1 0 1 1 1 1 1 1 0 1 1
210 20 18680 0 1 1 1 1 0 1 1 1 0 1 1 1 0 1 0 1 1 1 1
211 20 17414 1 1 1 1 1 0 0 1 1 1 0 1 0 0 1 1 1 1 1 1
212 20 15838 1 1 1 1 1 1 1 1 1 1 0 1 1 0 0 1 1 0 1 0
213 20 16826 0 0 1 1 1 1 1 1 1 1 0 1 1 1 1 0 1 0 1 1
214 20 19258 0 1 1 1 0 1 1 1 1 1 1 1 1 0 1 1 0 1 1 0
215 20 19178 1 1 1 1 1 0 1 1 0 1 0 1 1 1 1 0 1 1 1 0
216 20 19535 1 0 1 1 0 1 1 1 1 0 1 1 1 1 0 0 1 1 1 1
217 20 15721 0 1 1 1 1 1 0 1 1 1 1 1 1 1 1 1 1 0 1 0
218 20 17823 1 1 0 0 1 1 0 1 0 1 1 1 1 0 1 1 1 1 1 1
219 20 17711 0 1 1 1 0 1 1 1 1 0 1 1 0 1 1 1 0 1 1 1
220 20 15421 1 1 1 1 1 1 1 0 1 0 0 1 1 1 1 1 0 1 1 1
221 20 15484 1 1 1 1 1 1 1 1 0 0 1 1 0 0 0 1 1 1 1 1
222 20 19779 0 1 0 1 1 0 1 1 1 0 1 1 1 1 1 0 1 1 1 1
223 20 16762 0 1 1 1 1 1 1 1 0 1 0 1 1 1 1 1 1 0 1 0
224 20 18371 1 0 0 1 1 1 1 1 0 0 1 1 1 1 1 1 1 1 1 1
225 20 19173 1 1 0 1 1 1 1 1 1 0 1 1 1 0 1 0 1 1 1 0
226 20 21426 1 1 1 1 0 0 1 0 1 1 1 1 1 1 1 0 1 1 0 1
227 20 16301 1 1 1 1 1 1 0 1 0 0 1 0 0 1 1 1 1 1 1 1
228 20 14038 1 0 1 1 1 1 1 1 0 0 1 1 0 1 0 1 1 1 1 1
229 20 20083 1 1 0 0 1 1 0 1 1 1 1 1 0 1 1 0 1 1 1 1
230 20 17129 1 1 1 1 0 1 1 0 1 1 1 1 0 1 1 1 0 1 1 0
231 20 16791 1 0 1 1 1 1 0 1 0 1 1 1 1 1 1 1 1 0 1 1
232 20 18281 1 1 1 1 1 1 0 0 0 1 1 0 1 1 1 1 0 1 1 1
233 20 16398 1 1 1 1 1 0 1 1 1 1 0 1 1 1 1 0 1 1 1 0
234 20 18938 1 0 1 1 1 0 1 1 1 0 1 1 0 1 1 1 1 1 0 1
235 20 17848 1 1 1 1 1 0 1 1 1 0 1 0 0 1 1 1 1 1 1 0
236 20 17581 1 1 1 1 1 0 0 1 1 1 0 0 1 1 1 1 1 1 1 1
237 20 17994 1 0 0 1 1 1 1 1 0 1 1 1 1 1 1 1 0 1 0 1
238 20 19256 1 1 0 1 0 1 1 1 1 1 1 1 0 1 1 0 1 1 0 1
239 20 20016 0 1 1 0 1 1 1 1 0 1 1 1 0 1 1 0 1 1 0 1
240 20 19417 1 1 0 1 0 0 1 1 1 1 1 0 1 1 1 0 1 1 1 1
241 20 16109 1 0 1 1 0 1 1 0 1 1 1 1 1 1 1 1 0 1 1 0
242 20 21998 1 1 1 0 1 1 1 1 1 1 1 1 1 1 1 1 0 0 0 0
243 20 18517 0 1 0 0 1 1 1 1 1 1 1 1 1 1 1 1 1 0 1 1
244 20 13595 1 1 1 1 1 0 1 1 1 1 0 1 1 0 1 1 1 1 1 1
245 20 16409 1 0 0 1 1 1 1 1 1 1 0 0 1 1 1 1 1 1 1 1
246 20 19761 1 1 1 1 1 1 1 1 1 0 0 1 0 1 0 1 1 1 1 0
247 20 19654 1 1 1 0 1 1 1 1 0 1 0 0 1 1 1 0 1 1 1 1
248 20 15238 1 1 0 1 1 1 1 0 1 1 0 1 0 1 1 1 1 1 1 0
249 20 19610 1 1 1 1 0 0 0 1 1 1 1 1 1 0 1 1 1 1 1 0
250 20 19227 1 1 1 1 0 0 1 1 1 1 1 0 0 1 1 1 1 0 1 0
251 20 15297 0 1 1 1 1 1 1 1 0 1 1 1 0 0 0 1 1 1 1 1
252 20 17864 1 1 1 1 0 1 1 1 0 1 0 1 1 0 1 1 1 1 0 1
253 20 16109 0 1 1 0 0 1 0 1 1 1 1 1 1 1 1 1 1 1 1 1
254 20 16287 1 1 0 1 1 1 1 0 1 1 1 0 1 1 1 1 1 1 0 1
255 20 20382 1 1 1 1 1 1 1 0 1 0 0 1 1 1 1 0 1 1 1 0
256 20 16856 1 1 1 1 0 1 1 0 1 1 1 1 0 1 1 0 1 1 1 1
257 20 17528 1 1 1 1 0 1 1 0 1 0 1 1 1 1 1 0 1 1 0 1
258 20 17689 0 1 1 1 1 1 1 1 1 1 1 0 1 0 1 1 1 0 0 1
259 20 18590 1 1 1 1 1 1 1 1 0 1 1 1 0 1 0 0 0 1 1 1
260 20 16964 1 0 1 1 1 1 1 1 1 1 0 1 0 1 1 1 0 0 1 1
261 20 18860 1 0 1 1 1 1 1 0 1 1 1 1 1 0 0 0 0 1 1 1
262 20 14071 1 0 1 1 1 1 0 1 1 1 1 0 1 0 1 1 1 1 1 1
263 20 16993 1 0 1 1 1 1 0 1 1 1 1 1 1 1 1 0 1 1 0 1
264 20 18617 1 1 0 1 1 1 1 0 1 1 1 1 0 0 1 1 1 1 1 0
265 20 18681 1 0 0 1 1 1 1 1 0 1 1 0 1 1 1 1 1 0 1 1
266 20 17911 1 1 1 1 1 1 1 1 1 1 1 1 0 0 1 0 1 0 1 1
267 20 20229 1 1 1 1 1 0 1 1 1 1 0 1 1 0 1 1 0 0 1 0
268 20 16675 1 1 1 1 1 1 1 1 0 1 0 1 1 1 0 1 1 0 1 0
269 20 15819 0 1 0 1 1 1 1 0 0 1 1 1 1 1 0 1 1 1 1 1
270 20 18507 1 1 0 1 1 1 0 1 0 1 0 0 1 1 1 1 1 1 1 1
271 20 15509 1 1 1 1 1 1 0 1 1 0 1 0 1 1 0 1 1 0 1 1
272 20 19419 1 0 1 1 0 1 1 0 1 1 0 1 1 1 1 1 1 1 1 0
273 20 14621 0 1 1 0 1 1 1 0 1 1 1 1 1 1 1 1 1 1 0 1
274 20 15067 1 1 1 1 0 1 1 0 1 1 1 1 1 0 0 1 1 1 1 1
275 20 18870 1 1 1 0 1 0 1 1 1 1 1 1 1 1 1 0 0 1 1 0
276 20 16542 0 1 1 1 1 1 0 1 1 1 1 1 1 1 0 1 1 1 1 0
277 20 20455 1 1 1 0 1 1 1 0 1 1 1 1 0 1 1 0 0 1 1 1
278 20 19066 1 0 1 1 1 1 1 1 1 0 0 1 0 1 0 1 1 0 1 1
279 20 18036 1 0 1 1 0 1 0 0 1 1 1 1 0 1 1 1 1 1 1 1
280 20 16427 0 1 0 0 1 1 1 1 1 1 0 1 1 1 1 1 0 1 1 1
281 20 17889 1 0 1 1 1 0 1 1 0 1 1 1 1 1 1 0 1 1 1 1
282 20 18697 1 1 1 1 1 0 0 1 1 1 1 1 1 1 1 0 1 1 0 1
283 20 18152 1 1 1 1 1 1 0 1 1 1 1 1 0 0 1 0 0 1 1 1
284 20 15433 1 1 1 1 1 1 1 1 1 1 0 1 0 0 1 1 1 0 1 1
285 20 18624 1 1 1 0 1 0 1 1 1 1 0 0 1 1 1 1 1 1 1 0
286 20 15967 0 1 1 1 1 0 1 1 1 0 1 1 0 0 1 1 1 1 1 1
287 20 15728 1 0 1 1 0 1 1 0 1 1 1 1 1 1 1 0 1 1 1 1
288 20 15486 0 0 0 1 1 1 1 1 1 1 1 1 0 1 1 1 1 1 1 1
289 20 15808 1 1 1 1 1 1 1 1 1 1 1 1 1 1 0 1 0 0 1 0
290 20 18214 0 0 0 1 1 1 1 1 0 1 1 1 1 1 1 1 1 0 1 1
291 20 17668 1 0 1 1 1 1 0 1 1 0 1 1 1 0 1 1 1 1 0 1
292 20 15845 1 0 1 0 1 1 1 1 1 1 1 1 0 1 1 1 1 0 1 1
293 20 19060 0 1 1 1 1 1 1 1 0 1 1 1 0 1 1 1 1 1 0 0
294 20 17122 1 0 1 1 0 1 1 1 1 1 1 1 1 1 0 1 1 0 1 1
295 20 19048 1 1 0 1 1 1 1 1 1 1 1 1 0 1 1 1 0 0 0 1
296 20 20089 1 1 0 1 0 1 1 1 1 1 1 1 1 1 0 0 0 1 1 1
297 20 15894 1 0 1 1 0 1 1 1 1 1 1 0 1 0 1 1 1 1 1 0
298 20 15653 0 1 0 1 1 1 1 1 0 1 1 0 1 1 1 0 1 1 1 1
299 20 15274 1 0 1 1 1 1 1 0 1 1 1 1 1 0 1 1 1 1 0 1
300 20 20354 1 1 1 1 0 0 1 1 1 0 1 1 1 0 1 0 1 1 1 1
301 20 16736 0 1 0 1 1 0 1 1 1 0 1 1 1 0 1 1 1 1 1 1
302 20 15847 1 1 0 1 1 1 1 1 0 1 1 1 1 1 1 1 0 1 0 0
303 20 16162 1 1 1 1 1 1 0 1 0 1 1 0 1 1 1 1 1 1 0 1
304 20 18536 0 1 0 1 0 1 1 1 1 1 1 1 0 0 1 1 1 0 1 1
305 20 15318 1 1 1 0 1 1 1 1 1 1 1 1 1 0 0 1 1 1 0 1
306 20 18514 1 1 1 1 1 1 1 1 1 1 1 1 0 0 1 0 1 0 1 1
307 20 16553 1 1 1 1 1 1 1 1 1 1 1 0 1 0 1 1 0 1 1 0
308 20 13553 1 1 1 1 0 1 1 1 1 1 0 1 1 1 1 0 0 1 1 1
309 20 17314 1 0 1 0 1 1 0 0 1 1 1 1 1 1 1 1 1 0 1 1
310 20 18258 1 0 1 1 1 1 1 0 1 1 1 1 0 1 0 1 0 1 1 1
311 20 20550 1 1 0 1 1 0 1 0 0 1 0 1 1 1 1 1 1 1 1 1
312 20 18395 0 1 1 1 1 0 1 0 1 1 1 1 1 1 1 1 1 0 0 1
313 20 17130 1 0 1 1 1 0 1 1 1 0 1 1 0 1 0 1 1 1 1 1
314 20 18705 1 0 0 1 1 1 1 1 1 1 1 0 1 0 0 1 1 1 1 1
315 20 19286 1 0 0 1 1 1 1 1 1 1 0 0 1 1 1 1 0 1 1 1
316 20 20898 1 1 1 1 1 0 1 1 0 1 1 1 0 1 1 1 0 1 0 1
317 20 18990 1 1 1 0 0 0 1 1 1 1 1 1 1 0 1 0 1 1 1 1
318 20 17631 0 1 1 0 1 1 1 1 1 1 0 1 1 0 1 0 1 1 1 1
319 20 16936 0 0 1 1 1 1 0 1 1 1 1 1 0 1 1 1 1 0 1 1
320 20 17204 1 1 1 1 0 1 0 0 1 1 1 1 1 1 0 1 1 0 1 1
321 20 15830 1 1 1 1 1 1 1 1 1 0 0 0 1 1 0 1 1 1 1 1
322 20 14958 0 1 1 1 1 1 1 1 0 1 0 1 1 0 1 1 1 1 1 1
323 20 18113 1 0 1 1 1 1 1 0 1 0 1 1 1 1 1 0 1 1 1 0
324 20 19280 1 1 0 1 0 1 1 1 1 1 1 1 0 1 1 1 0 1 1 0
325 20 15047 0 1 1 1 1 0 1 1 0 0 1 1 1 1 1 0 1 1 1 1
326 20 20631 0 1 1 1 1 1 0 0 1 0 1 1 1 1 1 1 1 1 1 0
327 20 19244 1 1 1 1 0 1 1 1 1 1 1 1 1 1 0 0 1 0 0 1
328 20 18587 1 1 0 0 1 1 1 1 1 1 1 1 1 1 1 1 0 0 1 1
329 20 16048 1 1 0 1 1 1 0 1 1 1 0 1 1 0 0 1 1 1 1 1
330 20 18659 1 1 1 1 1 1 0 1 1 0 0 1 1 1 1 1 1 1 0 1
331 20 20350 1 1 0 1 0 1 1 0 0 1 1 1 1 1 1 0 1 1 1 1
332 20 17603 1 0 1 1 1 1 1 1 1 1 0 1 0 1 1 1 0 1 1 0
333 20 19156 1 1 0 1 1 0 1 1 1 1 0 1 0 1 1 0 1 0 1 1
334 20 16403 1 1 0 1 1 1 0 1 0 1 1 1 0 1 1 0 1 1 1 1
335 20 16196 1 1 0 1 0 1 1 0 1 1 1 0 1 1 1 1 1 1 1 1
336 20 16774 0 1 1 1 0 1 0 1 1 1 1 1 1 1 0 1 1 1 1 1
337 20 17772 0 1 1 1 1 1 1 0 1 1 1 1 1 0 1 1 0 1 0 1
338 20 19145 1 1 1 1 1 1 1 1 1 1 1 0 1 1 1 0 0 0 1 1
339 20 19197 0 1 1 0 1 0 1 1 1 0 1 1 1 0 1 1 1 1 1 1
340 20 16073 0 1 0 1 1 1 1 1 0 1 1 1 1 1 1 1 1 1 1 0
341 20 14423 1 1 1 1 1 1 1 1 1 1 1 1 1 0 1 1 0 0 1 0
342 20 16571 1 1 0 1 1 1 1 1 1 1 1 1 1 0 1 0 0 1 1 0
343 20 19845 1 0 0 1 0 1 1 1 1 1 1 1 1 1 1 1 1 1 0 0
344 20 17000 0 1 1 1 1 1 1 1 1 1 1 0 1 0 1 1 1 0 1 0
345 20 19078 1 1 1 1 0 0 1 0 1 1 1 1 1 1 0 0 1 1 1 1
346 20 17688 1 1 0 1 1 1 0 1 0 1 1 1 0 1 1 1 1 1 0 1
347 20 17189 1 1 0 1 1 1 1 1 0 1 0 0 1 1 1 0 1 1 1 1
348 20 15501 1 1 0 0 1 1 1 1 1 1 1 1 1 1 1 1 0 1 0 1
349 20 16384 1 0 0 1 1 1 1 0 1 1 1 1 1 1 1 1 1 0 1 1
350 20 16280 1 1 1 1 1 1 1 0 0 1 1 1 0 1 1 1 1 1 1 0
351 20 15403 1 1 0 1 1 1 1 1 1 1 1 0 1 0 1 0 1 1 1 1
352 20 17178 1 1 1 1 0 0 1 1 1 1 1 0 1 1 1 1 1 0 1 1
353 20 19826 1 1 1 0 1 1 1 1 1 1 1 0 0 1 0 1 1 1 0 1
354 20 16564 1 1 1 0 1 1 1 1 0 1 1 0 1 1 1 0 1 1 1 1
355 20 16858 0 1 1 0 1 1 1 0 1 1 0 1 1 1 1 1 1 1 0 1
356 20 16316 0 1 1 1 0 1 0 1 0 1 1 1 1 1 0 1 1 1 1 1
357 20 16453 1 1 1 1 0 1 1 0 0 1 1 0 1 1 1 0 1 1 1 1
358 20 16085 1 1 1 1 1 1 1 1 1 1 1 0 0 1 1 0 1 1 0 1
359 20 18508 0 1 0 1 1 1 1 1 0 0 1 1 1 1 1 0 1 1 1 1
360 20 15431 1 1 1 1 0 1 1 0 0 1 1 1 1 1 1 1 1 1 1 0
361 20 18723 0 0 1 1 1 1 1 1 1 1 1 1 0 1 1 1 0 0 1 1
362 20 15306 1 1 1 0 1 1 1 1 1 0 1 1 1 0 1 0 1 1 1 1
363 20 19560 1 1 0 0 1 1 1 1 0 1 0 1 1 1 0 1 1 1 1 1
364 20 17980 1 1 1 1 0 1 1 1 1 1 0 1 0 0 1 1 1 1 1 1
365 20 16566 1 1 1 1 0 1 1 0 1 0 0 1 1 1 1 1 1 0 1 1
366 20 18389 0 1 1 1 0 1 0 0 1 1 1 1 1 1 1 1 1 0 1 1
367 20 17819 1 1 1 0 1 0 0 1 1 1 1 1 0 1 1 1 1 1 0 1
368 20 17229 1 1 1 1 1 0 1 1 1 0 0 0 1 1 1 1 0 1 1 1
369 20 16506 1 1 1 0 1 1 1 1 0 1 1 1 1 1 1 0 0 1 1 1
370 20 15806 0 1 0 0 1 1 1 1 1 1 1 1 1 0 1 1 1 1 1 1
371 20 18790 1 1 1 0 1 1 1 1 0 1 0 1 1 1 1 0 1 1 0 1
372 20 18032 0 1 1 1 1 1 0 1 1 0 0 1 0 1 1 1 1 1 1 1
373 20 15516 1 1 0 1 1 1 1 0 1 1 1 1 0 1 0 1 1 1 1 1
374 20 16205 1 0 1 1 1 1 1 0 1 1 1 1 1 1 1 1 1 0 1 0
375 20 18794 1 1 1 0 1 1 1 1 1 1 0 1 0 0 0 1 1 1 1 1
376 20 19761 1 1 1 1 1 1 1 1 0 0 1 1 1 1 0 0 1 1 1 0
377 20 19060 1 1 1 1 0 1 1 0 1 1 1 1 1 0 1 1 1 0 0 0
378 20 17190 1 0 1 1 1 0 1 0 1 1 1 1 1 1 1 1 0 1 1 0
379 20 14353 1 0 1 0 1 1 1 0 1 1 1 0 1 1 1 1 1 1 1 1
380 20 15447 1 0 1 1 1 0 1 1 0 1 1 1 1 1 0 1 1 1 1 1
381 20 19964 1 1 1 0 1 1 1 1 0 1 1 1 1 1 1 0 0 0 1 1
382 20 16583 1 1 1 1 0 1 1 1 1 1 0 1 0 1 0 1 1 1 0 1
383 20 16279 1 0 1 1 1 1 1 1 1 1 0 1 1 1 0 1 0 1 1 1
384 20 19007 1 1 1 1 1 1 1 1 1 1 1 1 0 1 1 0 1 0 0 1
385 20 18848 1 0 1 0 1 1 0 1 1 1 1 1 1 1 1 1 0 0 1 1
386 20 17309 1 1 1 1 1 0 1 1 0 1 1 0 1 1 0 1 1 1 1 1
387 20 18775 0 1 0 1 1 0 1 1 1 1 1 1 1 1 1 1 0 1 1 0
388 20 18579 1 1 1 0 1 0 1 1 1 1 1 0 1 1 1 1 1 1 0 0
389 20 18362 0 1 1 0 1 1 1 1 0 0 1 1 1 1 1 1 1 1 1 0
390 20 16579 1 1 1 1 1 1 1 0 1 1 0 0 1 0 1 1 1 1 1 0
391 20 17082 0 0 0 1 1 0 1 1 1 1 1 1 1 1 0 1 1 1 1 1
392 20 17933 1 0 1 1 0 1 0 1 1 1 1 0 1 1 1 0 1 1 1 1
393 20 16996 1 1 1 1 1 1 1 1 1 1 1 0 0 0 1 0 1 1 1 1
394 20 22827 0 0 0 1 1 1 1 0 1 1 1 1 1 1 0 0 1 1 1 1
395 20 17869 1 0 1 1 1 1 0 1 1 1 1 1 1 0 0 1 1 1 1 0
396 20 17376 1 1 1 0 1 1 1 1 0 1 1 1 1 1 0 0 1 0 1 1
397 20 17467 1 1 1 1 1 0 1 1 1 1 0 1 1 1 0 1 1 0 0 1
398 20 18104 1 1 1 1 1 0 0 1 1 1 1 0 1 1 1 0 1 1 1 0
399 20 18600 1 1 1 1 1 1 0 0 1 0 1 0 1 1 1 1 1 1 1 1
400 20 17985 1 1 1 1 1 1 1 1 1 0 1 1 1 0 1 0 1 0 0 1
401 20 18265 1 1 1 0 1 1 0 1 1 1 0 1 1 1 1 1 0 0 1 1
402 20 19026 1 1 1 1 1 0 1 1 1 0 0 1 1 1 1 1 1 0 1 0
403 20 19770 1 1 1 1 1 1 1 1 1 1 0 0 0 0 1 1 1 1 0 1
404 20 18249 1 0 1 1 1 1 0 1 1 1 1 1 1 0 1 1 1 0 1 1
405 20 17036 1 1 0 1 0 1 1 1 0 1 1 0 1 1 1 1 1 1 1 1
406 20 15847 0 1 0 0 1 1 1 1 1 1 1 1 1 1 1 1 1 0 1 1
407 20 18638 1 1 1 1 1 1 0 1 0 1 1 0 1 0 0 1 1 1 1 1
408 20 17384 1 1 1 1 1 0 1 1 0 0 1 1 0 1 1 1 0 1 1 1
409 20 16282 0 1 1 1 1 1 1 1 1 0 1 1 1 0 0 1 0 1 1 1
410 20 17267 0 0 0 1 1 0 1 1 1 0 1 1 1 1 1 1 1 1 1 1
411 20 18730 0 1 0 1 1 1 1 1 1 1 1 1 0 1 0 0 1 1 1 1
412 20 17756 0 0 1 1 1 1 0 1 1 1 1 1 1 0 1 1 1 1 0 1
413 20 20241 0 1 1 1 1 1 0 1 1 1 1 0 1 1 1 0 1 1 1 0
414 20 15471 1 1 0 1 0 0 1 1 1 1 1 1 1 1 1 1 1 1 1 0
415 20 16918 1 1 1 0 1 1 0 0 1 1 1 1 0 1 0 1 1 1 1 1
416 20 20249 1 0 1 1 0 1 1 1 1 1 1 1 1 1 0 1 1 0 1 0
417 20 17900 1 1 1 1 1 1 1 0 0 1 0 1 1 1 1 0 1 0 0 1
418 20 17050 0 1 1 1 1 1 1 1 1 1 1 1 0 1 1 0 0 1 0 1
419 20 12828 1 1 1 1 0 1 1 0 1 1 1 1 1 1 0 1 1 0 1 1
420 20 18814 0 1 1 1 1 1 1 0 0 1 0 1 1 1 1 1 1 1 1 0
421 20 14782 1 1 0 1 1 1 1 1 0 0 1 1 0 1 1 1 1 1 1 1
422 20 18358 0 1 0 1 1 1 1 1 0 1 1 1 1 1 1 0 1 1 1 0
423 20 17972 0 1 1 0 1 1 1 1 0 1 1 0 1 1 1 1 1 1 1 0
424 20 15423 1 1 1 1 1 1 0 1 1 0 1 1 0 1 1 1 1 0 1 0
425 20 19704 1 1 1 1 0 1 0 1 1 0 1 0 1 1 1 1 1 0 1 0
426 20 16518 0 1 1 1 1 0 1 1 0 1 1 0 1 1 0 1 1 1 1 1
427 20 16165 1 1 0 0 1 1 0 1 1 1 1 0 1 1 1 1 1 1 0 1
428 20 16802 1 1 1 0 1 1 1 1 0 1 1 1 1 0 1 1 1 0 1 1
429 20 20375 1 0 1 0 0 1 0 1 1 1 1 1 0 1 1 1 1 1 0 1
430 20 18443 1 1 1 1 1 0 1 1 1 0 1 1 1 1 0 1 1 0 0 1
431 20 15784 1 1 1 1 1 0 1 1 1 0 1 0 1 1 1 1 1 1 1 0
432 20 20161 0 0 0 1 1 0 1 1 1 1 1 1 1 1 1 0 1 1 1 1
433 20 15996 1 1 0 1 1 0 1 1 1 0 0 1 1 0 1 1 1 1 1 1
434 20 20845 1 1 1 1 1 1 0 0 1 1 1 1 0 1 1 1 0 1 0 1
435 20 20059 1 0 1 0 1 1 1 1 0 0 1 1 1 1 1 0 1 1 1 1
436 20 20824 1 1 0 1 1 1 1 1 0 1 0 1 1 1 1 1 1 1 0 0
437 20 18044 1 1 1 0 0 1 1 0 1 0 1 1 1 1 0 1 1 1 0 1
438 20 17446 1 1 0 1 1 1 1 1 0 1 1 1 0 0 0 1 1 1 1 1
439 20 16025 1 1 0 1 1 1 1 1 1 1 1 1 0 1 0 1 1 0 0 1
440 20 17620 1 1 1 0 1 0 1 0 1 1 1 1 1 1 0 1 1 1 0 1
441 20 16225 1 1 1 1 1 1 1 1 1 0 1 1 0 0 1 1 1 1 1 0
442 20 17765 1 1 1 1 1 1 1 1 1 1 0 1 1 1 0 0 1 0 0 1
443 20 16698 0 1 0 1 1 0 1 1 1 1 1 1 1 1 0 1 1 1 0 1
444 20 14968 1 1 1 1 1 0 1 1 1 1 1 1 1 0 1 0 1 0 1 1
445 20 16361 0 1 1 1 1 1 1 0 1 1 0 1 1 1 1 1 1 1 0 1
446 20 17922 1 0 1 1 1 1 1 1 1 1 0 0 0 1 1 0 1 1 1 1
447 20 19163 1 1 1 1 0 0 1 1 1 1 1 0 1 1 0 1 1 1 1 0
448 20 17732 1 1 0 1 0 1 1 1 1 1 1 1 1 1 1 1 1 0 0 0
449 20 19256 1 1 1 0 0 0 1 1 0 1 1 1 1 1 0 1 1 1 1 1
450 20 17630 1 1 1 1 0 1 1 1 1 1 0 1 1 1 1 0 1 1 0 0
451 20 18030 1 1 1 1 0 1 1 1 0 1 1 1 1 1 1 0 1 0 0 1
452 20 18910 1 1 1 1 1 1 1 1 0 0 1 0 1 1 0 1 0 1 1 1
453 20 17871 1 1 1 1 0 0 1 1 1 1 1 1 1 1 1 1 0 1 0 0
454 20 15156 0 1 1 1 1 1 1 1 1 0 1 1 1 1 0 1 1 0 1 1
455 20 19342 1 0 1 1 1 0 0 1 0 1 1 1 1 0 1 1 1 1 1 1
456 20 18495 0 0 0 1 1 1 1 1 1 1 1 0 1 1 1 1 0 1 1 1
457 20 17381 1 1 0 0 1 0 1 0 1 1 1 1 1 0 1 1 1 0 1 1
458 20 17204 1 1 1 1 0 1 1 1 0 0 1 1 1 1 0 1 0 1 1 1
459 20 19282 1 1 0 0 1 1 1 1 1 1 1 0 1 1 0 0 1 1 1 1
460 20 18096 1 1 1 1 1 1 1 1 0 0 1 1 1 1 0 1 1 1 0 0
461 20 18313 1 0 1 1 1 1 1 1 0 1 1 1 1 0 0 0 1 1 1 1
462 20 15474 1 1 1 1 1 0 1 1 0 0 1 1 1 1 1 0 1 1 1 1
463 20 19064 1 0 0 0 1 1 1 1 1 1 1 0 1 1 1 1 0 1 1 1
464 20 17623 0 1 1 1 0 1 1 1 0 1 1 1 1 1 1 1 1 1 0 0
465 20 18078 1 1 1 1 1 1 1 0 1 1 0 0 1 1 1 0 1 1 1 0
466 20 16751 1 1 1 0 1 1 1 1 1 1 1 1 1 0 1 1 1 1 0 0
467 20 18765 1 0 0 1 1 1 1 0 1 1 1 1 1 1 1 1 1 1 0 0
468 20 16474 0 1 1 1 1 0 1 1 1 1 1 1 1 0 1 1 0 1 0 1
469 20 18717 1 1 1 1 0 1 0 1 0 1 1 0 1 1 1 1 1 0 1 1
470 20 18031 1 1 1 0 1 1 1 0 1 1 1 0 1 1 1 1 1 0 1 0
471 20 17053 0 1 0 1 1 0 1 1 1 1 1 0 1 1 1 1 1 1 1 1
472 20 16587 1 1 0 1 1 1 0 1 1 1 1 0 1 0 1 1 0 1 1 1
473 20 16682 1 1 1 0 0 1 1 0 0 1 0 1 1 1 1 1 1 1 1 1
474 20 15729 1 1 1 1 1 1 1 0 1 0 1 1 1 1 0 1 0 1 1 1
475 20 17317 1 1 1 1 0 1 1 1 1 1 0 1 0 1 0 1 1 1 1 1
476 20 15527 1 1 1 0 1 1 0 1 1 0 1 1 1 1 1 1 1 1 0 1
477 20 18646 1 1 1 0 1 1 1 1 1 1 1 0 1 0 1 1 1 1 0 0
478 20 17692 1 1 1 1 1 1 1 0 1 1 0 1 0 1 0 1 1 0 1 1
479 20 19425 1 0 0 1 1 1 1 1 1 1 1 0 1 0 1 1 0 1 0 1
480 20 16400 1 1 0 0 0 1 1 1 1 1 0 1 1 1 1 1 1 1 1 1
481 20 19372 1 0 0 1 1 1 1 1 1 0 1 1 1 1 1 1 0 1 0 1
482 20 19975 1 0 1 1 1 0 0 1 1 1 0 1 1 1 1 1 1 1 0 1
483 20 20158 1 1 1 1 0 0 1 1 1 1 1 1 1 0 1 0 1 0 1 0
484 20 17224 1 1 1 1 1 1 1 1 1 1 0 0 1 0 1 0 1 1 0 1
485 20 19986 0 1 1 0 1 0 1 1 1 1 1 0 1 0 1 1 1 1 1 1
486 20 15070 1 1 1 0 0 1 0 1 1 1 1 1 1 1 1 1 1 1 0 1
487 20 18347 0 0 1 1 1 1 1 1 1 1 1 1 1 1 0 0 0 1 1 1
488 20 17649 1 1 1 0 1 1 1 1 1 1 1 1 1 0 0 1 0 0 1 1
489 20 17318 1 1 0 1 1 1 1 1 0 1 1 1 1 0 1 0 1 1 0 1
490 20 18007 0 1 1 1 1 0 0 1 1 1 0 1 1 1 1 0 1 1 1 1
491 20 18885 1 1 1 1 1 1 1 0 1 0 1 0 1 1 1 0 1 1 1 1
492 20 17662 1 0 1 1 1 1 1 1 1 1 0 1 0 1 1 0 1 1 1 0
493 20 17716 1 0 1 1 1 1 1 0 1 1 1 0 1 1 1 0 0 1 1 1
494 20 19298 1 1 1 1 0 1 1 1 1 1 1 1 0 1 0 0 1 1 0 1
495 20 19119 1 1 1 1 1 1 1 1 0 1 1 0 0 1 1 1 0 1 1 0
496 20 18411 1 0 1 1 1 1 1 1 1 1 1 0 1 0 0 1 1 1 1 0
497 20 17717 1 0 1 1 1 1 1 1 0 0 1 0 1 1 1 1 1 1 1 1
498 20 19379 0 1 1 1 1 1 1 1 1 1 0 0 0 1 0 1 1 1 1 1
499 20 18051 1 1 1 1 0 0 1 0 1 0 1 1 1 1 1 1 1 0 1 0
500 20 18059 1 0 0 1 1 1 0 1 1 1 1 0 0 1 1 1 1 1 1 1
