1 25 20711 1 1 1 1 1 1 1 1 1 1 1 1 1 1 1 1 1 1 0 0 1 0 0 1 0
2 25 20514 1 1 1 0 1 1 1 1 1 1 1 1 1 1 1 1 0 0 1 1 1 1 0 0 0
3 25 22327 1 1 1 1 1 1 1 1 1 0 0 1 1 1 1 1 1 0 1 1 1 0 0 1 0
4 25 22916 1 1 1 1 1 0 0 0 1 1 0 1 0 1 1 0 1 1 1 1 1 1 1 1 1
5 25 24287 1 1 1 1 1 1 1 0 1 1 0 1 1 1 1 0 1 1 0 1 1 1 0 0 0
6 25 21653 1 1 1 1 0 1 1 1 1 1 1 1 1 1 1 1 0 1 0 1 0 0 1 1 0
7 25 25403 1 1 1 1 1 1 0 1 1 1 0 1 1 1 1 1 0 1 1 1 0 1 0 0 1
8 25 22482 1 0 1 1 1 1 1 0 1 0 1 1 1 0 1 1 1 1 1 1 1 0 1 1 0
9 25 22883 1 1 1 1 1 1 0 1 1 0 1 1 0 1 0 1 1 0 1 1 1 0 1 1 1
10 25 22289 1 1 1 1 1 1 0 1 0 0 1 1 1 0 1 1 1 1 1 0 0 1 1 1 1
11 25 25125 1 0 0 1 1 0 1 1 1 0 1 1 1 1 1 1 1 1 0 1 0 1 1 1 1
12 25 23577 1 0 1 1 1 1 0 1 1 1 1 1 1 1 0 1 0 1 1 1 1 0 1 0 1
13 25 20926 1 0 1 1 1 1 0 1 1 1 1 1 0 1 0 1 1 1 0 1 1 1 1 1 0
14 25 20625 1 1 1 1 1 1 1 1 1 0 1 1 0 1 1 0 1 0 1 1 1 0 1 0 1
15 25 22565 0 1 0 1 1 0 1 1 1 1 1 1 1 1 1 1 1 0 0 0 1 1 1 1 1
16 25 21013 1 1 1 1 1 0 1 0 1 1 1 1 0 1 0 1 1 1 1 0 1 0 1 1 1
17 25 21008 1 1 0 1 1 0 1 1 1 1 1 1 0 1 1 1 1 0 0 1 1 0 1 1 1
18 25 20333 0 1 1 1 1 1 1 1 0 0 0 1 1 1 1 1 1 1 1 1 1 0 1 1 1
19 25 22176 1 0 1 1 1 0 1 0 1 1 1 0 1 1 1 1 1 1 1 0 1 1 0 1 1
20 25 23716 0 1 1 1 1 1 0 0 0 1 1 1 0 1 1 1 1 1 1 0 1 1 1 1 1
21 25 25103 1 1 1 1 1 1 1 1 1 0 1 0 1 1 1 1 0 1 1 1 1 0 1 0 0
22 25 19439 1 1 1 1 0 0 1 0 1 1 0 1 1 1 0 1 1 1 1 1 1 0 1 1 1
23 25 25661 0 1 1 1 1 0 1 1 0 1 1 0 1 1 0 1 1 1 1 1 1 1 1 1 0
24 25 24913 1 1 1 0 1 0 1 0 1 1 1 1 1 1 1 1 0 1 0 1 1 1 1 0 1
25 25 20910 0 1 1 1 1 1 1 1 0 1 0 1 1 1 1 1 1 0 1 1 1 1 1 0 1
26 25 20531 0 1 0 1 1 1 1 1 1 0 1 1 1 1 1 1 1 0 1 0 1 1 1 1 1
27 25 24947 0 0 1 1 0 1 1 1 1 0 1 1 1 1 1 1 1 1 1 1 1 0 1 1 0
28 25 20451 1 0 0 1 1 1 1 0 1 1 1 0 1 1 1 1 1 1 0 1 1 0 1 1 1
29 25 21072 0 1 1 1 1 0 0 1 0 1 1 1 1 1 1 1 0 1 1 1 1 1 0 1 1
30 25 23738 1 1 1 1 1 0 1 1 1 1 1 0 0 1 0 1 1 1 1 1 1 1 0 0 0
31 25 20908 1 0 1 1 1 1 1 0 0 1 1 1 1 1 1 1 0 1 1 1 1 1 1 1 0
32 25 23279 1 1 1 1 1 1 0 1 1 1 1 1 1 0 1 0 1 0 0 1 1 0 1 1 1
33 25 21913 0 1 1 1 1 1 1 1 1 1 1 1 1 1 0 1 1 1 0 1 0 1 0 1 1
34 25 24575 1 1 1 1 1 0 1 1 1 0 0 1 0 1 1 1 1 0 1 0 1 1 1 1 1
35 25 20582 1 1 1 0 1 1 1 1 1 1 1 1 1 1 1 1 0 0 1 0 0 1 1 1 0
36 25 21761 1 1 1 1 0 1 1 1 1 0 1 0 1 1 1 1 1 0 1 1 1 0 1 1 1
37 25 24325 0 1 1 0 1 1 0 1 1 1 1 1 1 1 1 0 1 1 1 1 0 1 0 1 1
38 25 22647 1 0 0 1 0 1 1 1 0 1 1 1 1 1 1 0 0 1 1 1 1 1 1 1 1
39 25 23326 0 1 0 1 1 1 1 1 0 0 1 1 1 0 1 1 1 1 1 1 0 1 1 1 1
40 25 22007 1 1 1 0 1 1 1 1 1 0 0 1 1 1 1 1 1 0 0 1 0 1 1 1 1
41 25 24964 1 1 1 1 0 1 0 1 1 0 0 1 0 1 1 1 0 1 1 1 1 1 1 1 1
42 25 21863 1 0 1 1 1 0 1 1 1 1 0 0 1 1 1 1 1 1 1 1 1 1 0 1 1
43 25 23250 1 1 0 0 1 1 1 1 1 0 1 0 1 1 1 1 1 1 0 0 1 1 1 1 1
44 25 21919 1 1 0 1 1 1 1 1 0 1 1 1 1 1 1 1 1 0 1 1 0 1 1 0 1
45 25 26257 1 1 1 1 0 1 1 1 0 1 1 0 1 1 1 1 1 1 1 0 1 1 1 0 0
46 25 18800 1 1 1 1 1 1 1 1 1 0 1 0 1 0 0 1 0 1 1 1 1 1 1 1 1
47 25 24776 1 1 0 1 1 1 1 1 1 1 1 1 1 1 0 1 0 1 1 0 1 0 1 0 1
48 25 22582 1 1 1 1 1 1 0 1 0 1 1 0 1 0 0 1 1 1 1 1 1 1 1 0 1
49 25 22458 1 0 1 1 1 1 0 1 1 1 1 0 1 1 1 1 1 1 1 1 0 0 0 1 1
50 25 23270 1 1 1 0 1 1 1 1 1 1 1 0 0 1 1 1 1 1 0 0 1 1 1 0 1
51 25 21741 1 1 1 1 1 1 1 1 0 1 1 1 0 1 1 1 0 0 1 1 1 0 1 1 0
52 25 21978 1 1 1 1 1 1 0 1 1 1 1 0 1 1 1 0 1 1 1 1 1 1 1 0 0
53 25 21367 0 1 1 1 1 1 1 1 0 0 1 1 0 1 1 1 1 1 1 1 0 1 1 1 1
54 25 23676 0 1 1 0 1 1 0 0 1 1 1 1 1 1 0 1 1 1 1 0 1 1 1 1 1
55 25 20923 1 1 1 1 1 1 1 0 1 1 1 0 1 0 1 1 1 0 1 1 1 0 1 1 1
56 25 21418 1 1 1 1 0 0 1 1 1 0 1 1 1 1 0 1 1 0 1 0 1 1 1 1 1
57 25 21334 1 1 0 1 1 1 1 1 1 1 0 0 1 1 0 1 0 1 1 1 1 1 1 1 1
58 25 21052 0 1 1 1 1 1 0 1 0 0 1 1 1 1 1 1 1 1 1 1 0 1 1 1 0
59 25 24240 1 1 1 1 1 0 1 0 0 1 1 1 0 1 1 1 1 1 0 1 1 1 1 1 1
60 25 24879 1 0 1 1 1 0 1 1 1 1 1 0 1 1 0 0 1 1 1 1 1 1 1 0 1
61 25 21179 1 1 0 1 1 1 1 1 1 1 1 0 0 1 1 0 1 1 1 1 0 1 0 1 1
62 25 21683 1 0 1 1 1 1 1 1 1 1 0 1 1 1 0 1 1 1 1 0 1 1 0 0 1
63 25 20938 1 0 1 1 0 1 1 1 1 1 1 1 0 1 1 0 0 1 1 1 1 1 1 1 1
64 25 21152 0 1 1 0 1 1 1 1 1 1 1 0 1 1 0 1 0 0 1 1 1 1 1 1 1
65 25 24082 0 1 1 1 1 1 1 1 0 1 1 1 0 1 1 1 1 0 1 0 1 0 1 1 1
66 25 20802 1 1 1 1 1 1 1 1 1 0 0 0 0 1 0 0 1 1 1 1 1 1 1 1 1
67 25 23348 1 1 1 0 1 1 1 1 1 1 1 1 0 0 1 1 0 1 1 1 0 1 1 0 1
68 25 22850 0 1 0 1 1 1 1 1 1 1 1 1 0 1 1 1 0 1 0 1 1 1 1 0 1
69 25 22960 1 0 1 1 1 1 1 0 1 0 1 1 1 1 1 1 0 1 1 1 1 0 1 0 1
70 25 22588 1 1 1 1 1 1 1 1 1 1 1 0 1 1 1 1 1 1 0 0 0 0 0 1 1
71 25 21376 1 1 1 1 1 1 1 1 1 0 0 0 1 1 1 1 1 0 1 1 0 1 1 0 1
72 25 20191 1 1 1 1 1 0 0 1 1 1 1 1 1 1 0 0 1 1 1 1 0 1 1 0 1
73 25 20647 1 1 1 1 1 1 1 1 0 1 1 1 1 1 0 1 1 1 0 0 1 0 1 1 0
74 25 23008 1 1 1 1 0 1 1 1 1 1 1 0 0 0 0 1 0 1 1 1 1 1 1 1 0
75 25 21428 1 1 1 0 1 1 0 0 1 1 1 0 1 1 0 1 1 1 1 1 1 1 1 1 0
76 25 22376 0 1 1 0 1 1 1 1 1 1 1 1 0 1 1 1 1 0 1 1 1 1 1 0 1
77 25 19526 1 0 1 1 1 1 0 1 0 1 1 1 0 1 1 1 1 1 0 1 1 1 1 1 1
78 25 21382 0 1 1 1 0 0 1 1 1 1 1 1 0 1 1 1 1 0 1 0 1 1 1 1 0
79 25 21859 1 1 1 1 1 1 1 1 1 0 1 0 1 1 1 1 0 1 1 1 1 0 1 1 0
80 25 23428 1 1 0 1 0 1 1 1 1 1 1 1 0 1 0 1 1 0 1 1 1 1 1 0 1
81 25 24094 0 0 1 1 1 1 1 0 1 0 1 1 1 1 0 1 1 1 1 1 1 1 0 1 1
82 25 21290 0 1 1 1 0 1 1 0 0 1 1 1 1 1 1 0 1 1 1 1 1 1 0 1 1
83 25 25367 1 1 1 1 0 0 1 1 1 1 1 1 1 1 1 0 1 0 1 0 1 1 0 1 1
84 25 22343 1 1 1 0 1 1 1 1 1 1 1 1 1 0 0 0 1 0 1 0 1 1 1 1 1
85 25 22773 0 1 0 1 1 1 0 1 0 1 1 1 1 1 1 1 1 1 0 0 1 1 1 0 1
86 25 21493 1 1 0 1 1 0 1 1 0 1 1 0 1 1 1 0 1 1 1 1 1 0 1 0 1
87 25 21312 0 1 1 0 1 1 1 1 1 1 1 1 1 1 0 1 1 0 1 0 1 0 1 1 1
88 25 20218 1 1 1 0 1 0 1 1 1 1 1 1 1 1 1 0 1 0 1 0 1 1 1 1 1
89 25 19866 1 1 0 0 1 1 1 0 1 1 1 1 1 1 1 0 1 1 0 1 1 1 1 1 1
90 25 20440 1 1 1 1 0 1 1 1 1 0 1 1 1 1 0 1 1 1 1 0 1 0 1 1 0
91 25 22688 0 1 1 1 1 0 1 1 0 1 0 0 1 1 1 1 1 1 1 1 1 1 1 1 0
92 25 23116 1 1 1 1 1 1 0 1 1 1 0 0 1 1 1 0 0 0 1 1 1 1 1 1 1
93 25 23385 1 1 0 1 1 1 1 1 1 1 1 0 1 0 0 1 1 1 0 1 0 1 1 1 1
94 25 23572 1 0 1 1 0 1 1 1 1 1 1 1 1 1 0 0 1 1 1 1 1 0 1 1 0
95 25 20425 1 1 0 1 0 1 1 1 1 1 0 0 1 0 1 0 1 1 1 1 1 1 1 1 1
96 25 21625 1 1 1 0 1 1 1 1 0 1 0 1 1 1 0 0 1 1 1 1 1 1 0 1 1
97 25 24251 1 0 0 0 0 1 1 1 1 1 1 1 1 1 0 1 1 1 0 1 1 1 1 0 1
98 25 21629 1 1 1 1 0 0 1 1 0 1 1 1 0 1 1 1 1 1 1 1 1 0 1 1 1
99 25 23466 0 1 1 1 1 0 1 1 0 1 1 1 1 1 1 1 1 1 0 1 1 0 1 1 0
100 25 18963 0 1 0 1 1 1 1 1 1 1 1 1 0 1 1 1 1 1 0 0 1 1 1 0 1
101 25 22963 0 1 1 1 1 1 1 1 0 1 0 1 0 1 0 0 1 1 1 0 1 1 1 1 1
102 25 24070 0 0 1 1 1 1 1 1 1 1 0 1 1 1 0 1 1 1 1 0 1 0 1 1 1
103 25 16372 1 1 1 0 0 1 1 1 1 1 1 0 1 1 1 0 1 0 1 1 1 1 1 1 1
104 25 22990 1 1 1 1 1 0 1 0 1 0 1 1 1 1 1 1 0 0 1 1 1 1 0 1 1
105 25 21576 1 1 0 1 1 1 1 1 0 1 1 1 1 1 0 1 1 1 1 0 1 0 1 0 1
106 25 26246 0 0 1 1 1 1 1 1 1 0 1 1 1 0 1 1 0 1 0 1 1 1 1 1 1
107 25 22477 1 1 1 1 0 0 1 1 1 1 1 1 1 1 1 0 0 0 0 1 1 1 1 1 1
108 25 21831 1 1 0 1 1 1 1 1 1 0 1 1 0 1 1 1 0 0 1 1 1 0 1 1 1
109 25 21488 1 1 1 1 0 1 0 1 1 1 0 1 1 1 1 1 1 1 1 0 0 0 1 1 1
110 25 23791 1 1 1 1 1 1 1 1 0 1 1 1 0 0 1 1 1 0 1 1 1 1 0 1 0
111 25 21262 1 1 1 1 1 0 0 1 1 1 1 0 1 1 1 1 1 1 1 0 1 0 1 1 1
112 25 20735 1 0 1 1 1 1 0 1 0 1 1 1 1 0 1 1 1 1 1 1 1 0 1 1 0
113 25 23426 1 1 0 1 1 1 1 0 0 1 1 1 1 1 1 1 1 1 1 1 1 0 1 0 1
114 25 23314 0 1 1 1 1 1 1 0 0 1 0 1 1 1 0 1 1 1 1 1 1 0 1 1 1
115 25 25983 1 1 1 1 1 1 0 0 0 1 1 1 1 1 1 1 1 1 0 1 0 0 1 1 1
116 25 19489 1 1 0 1 0 1 1 1 1 1 1 1 1 1 1 1 1 1 1 0 1 1 0 1 0
117 25 22243 1 1 1 1 1 0 1 1 0 1 1 0 0 0 1 1 1 1 1 1 1 1 1 1 1
118 25 22513 1 0 1 1 1 1 1 0 1 1 1 1 1 1 0 0 1 1 1 1 0 1 1 1 0
119 25 20094 1 0 1 1 1 1 1 1 0 1 0 1 1 1 1 1 1 0 0 1 1 0 1 1 1
120 25 26770 0 1 1 0 1 1 0 1 1 1 1 0 1 1 1 1 0 1 0 1 1 1 1 1 0
121 25 25440 1 1 1 0 0 1 0 1 1 1 1 1 0 1 1 1 0 1 0 1 1 1 0 1 1
122 25 21320 1 1 1 1 0 1 1 1 1 0 0 1 0 1 0 0 1 1 1 1 1 1 1 1 1
123 25 20767 1 1 0 1 1 0 0 1 0 1 1 1 1 1 1 1 0 1 1 1 1 1 1 1 0
124 25 21454 0 0 1 1 1 1 1 1 1 0 1 1 1 1 1 0 1 0 1 1 1 1 1 1 0
125 25 21093 1 1 1 1 1 1 1 1 1 1 1 1 1 1 0 1 0 1 0 0 1 1 1 0 1
126 25 21896 1 0 1 1 1 0 1 1 1 1 1 1 1 1 1 1 1 1 1 0 1 0 0 0 1
127 25 21470 1 1 1 0 1 1 1 0 1 1 1 1 1 1 1 1 1 0 1 0 1 0 0 1 1
128 25 21942 1 1 0 1 1 1 1 1 0 1 1 1 0 1 1 1 1 1 0 1 1 1 0 0 1
129 25 26992 1 1 1 1 1 1 1 1 1 1 1 1 0 0 0 1 0 1 1 0 1 1 1 1 0
130 25 18522 1 1 1 1 1 0 0 1 1 1 1 1 1 1 0 1 0 1 1 1 1 1 1 0 1
131 25 18212 1 1 1 0 1 1 1 1 1 0 0 0 1 1 1 1 1 1 1 1 1 0 1 1 1
132 25 23775 1 1 1 1 1 0 1 1 0 1 0 1 1 1 1 0 1 0 0 1 1 1 1 1 1
133 25 21213 0 0 1 1 1 0 1 1 0 1 1 1 1 1 1 1 1 1 0 1 1 0 1 1 1
134 25 24975 1 1 1 1 1 1 0 0 1 0 1 1 1 1 1 1 1 0 0 1 1 1 1 0 1
135 25 21793 0 1 1 0 1 1 1 0 1 0 1 0 1 1 1 1 1 1 1 1 0 1 1 1 1
136 25 26199 0 1 0 1 1 0 1 1 1 0 1 0 1 1 1 1 1 1 1 1 0 0 1 1 1
137 25 25514 1 1 1 1 1 0 1 1 0 1 1 0 1 1 0 0 0 1 1 1 1 1 1 1 1
138 25 23925 1 1 0 0 1 0 1 1 1 1 1 1 1 1 1 1 1 0 1 1 1 1 1 0 0
139 25 23266 0 0 1 1 1 1 0 1 1 0 1 1 0 1 1 1 1 1 0 1 1 0 1 1 1
140 25 20759 1 1 1 0 0 0 1 1 1 1 1 1 1 1 1 1 1 0 1 1 0 1 1 1 1
141 25 19586 1 1 1 1 1 1 0 0 1 1 1 1 1 1 1 0 1 0 0 1 1 1 1 0 1
142 25 18962 1 1 1 0 1 1 0 1 1 1 1 1 1 1 1 0 1 0 1 1 1 0 1 1 1
143 25 24794 1 0 1 1 1 1 0 1 1 1 0 1 0 1 1 0 1 1 1 1 1 0 0 1 1
144 25 25055 1 1 1 0 1 1 1 1 0 1 0 1 1 1 0 0 1 1 1 1 1 1 0 1 0
145 25 23234 1 1 0 0 1 0 1 1 1 1 0 0 1 1 1 1 1 1 1 0 1 1 1 1 1
146 25 26452 1 1 1 0 1 1 1 1 0 0 1 1 0 1 1 1 1 0 1 1 1 1 1 1 0
147 25 23576 1 0 1 1 1 1 1 1 1 1 0 1 1 1 1 1 1 1 0 1 1 0 0 1 1
148 25 23872 1 1 0 1 1 1 0 1 1 1 1 1 1 1 1 0 0 1 1 1 1 0 1 0 1
149 25 20094 0 1 1 1 1 1 1 1 1 1 0 0 1 1 1 0 1 1 1 1 1 1 1 1 0
150 25 23659 1 1 0 1 1 1 1 1 1 1 1 0 1 1 1 1 0 1 0 1 0 0 1 1 1
151 25 22987 1 1 1 0 1 1 0 1 1 1 1 1 1 1 1 1 1 0 1 1 0 1 1 0 1
152 25 24839 1 1 0 1 0 1 0 1 1 1 0 1 1 1 1 1 1 1 1 1 0 1 1 0 1
153 25 21966 1 0 1 0 0 1 1 0 1 1 1 0 1 1 1 1 0 1 1 1 1 1 1 1 1
154 25 22011 0 1 1 1 1 0 1 1 0 1 0 1 1 1 1 1 1 1 0 1 1 1 0 1 1
155 25 24240 1 1 1 0 1 1 1 1 1 1 0 1 1 0 0 1 1 0 1 1 1 1 1 0 1
156 25 23048 0 1 1 1 1 1 1 1 1 0 1 1 1 0 1 1 1 1 1 1 0 0 0 1 1
157 25 23464 1 1 1 1 1 1 1 1 1 1 1 1 1 1 0 1 1 0 0 1 1 0 0 1 0
158 25 21803 0 1 1 0 1 1 1 1 1 1 1 0 1 1 1 1 1 1 1 1 0 0 1 0 1
159 25 21087 1 0 1 1 0 1 1 1 1 1 1 1 1 1 1 0 1 0 1 1 1 1 1 0 1
160 25 23341 1 1 1 1 0 1 1 0 1 1 0 1 1 1 1 0 1 1 0 1 1 0 1 1 1
161 25 19340 1 1 0 1 1 1 1 1 0 1 1 1 1 1 1 0 1 1 0 1 1 0 1 1 1
162 25 21549 1 1 1 0 1 1 1 1 1 1 1 1 0 1 0 1 1 1 1 0 1 0 0 1 1
163 25 19520 1 1 1 0 1 1 1 1 0 1 0 0 1 1 1 1 1 1 1 1 1 1 0 1 1
164 25 21906 1 1 1 1 1 1 1 1 1 1 0 0 0 1 1 1 1 0 1 1 1 1 1 1 0
165 25 22294 0 1 1 0 1 0 1 0 1 0 1 1 1 1 1 1 1 1 0 1 1 1 1 1 1
166 25 23441 0 1 1 1 1 1 1 1 0 1 1 1 0 1 1 0 0 1 1 1 1 0 1 1 0
167 25 19494 1 0 1 1 1 0 1 1 1 0 1 1 0 1 0 1 1 0 1 1 1 1 1 1 1
168 25 21298 1 1 0 1 0 0 1 1 1 0 1 1 1 1 1 1 0 0 1 1 1 1 1 1 1
169 25 20146 1 1 1 1 0 1 1 1 1 1 0 1 1 1 1 1 1 0 1 1 0 1 1 0 1
170 25 22464 1 1 1 1 1 1 1 1 0 0 0 1 1 1 1 1 1 1 1 1 0 0 0 1 1
171 25 19583 0 1 0 0 1 1 1 0 1 1 1 1 1 1 1 1 1 1 1 0 1 1 1 1 1
172 25 21351 1 1 1 1 0 1 0 1 1 0 0 1 1 1 1 1 1 1 1 1 1 0 1 1 0
173 25 23377 1 0 1 1 1 0 0 1 0 1 1 1 1 0 0 1 1 1 1 1 1 1 1 1 1
174 25 23945 1 0 1 1 0 1 0 1 0 1 1 1 1 1 1 1 1 1 1 0 1 0 1 1 1
175 25 22072 1 1 1 1 1 0 0 1 0 0 1 1 1 1 1 0 1 1 0 1 1 1 1 1 1
176 25 23572 1 1 1 0 1 0 1 1 1 1 1 1 1 0 0 1 1 1 1 0 0 1 1 1 1
177 25 20377 1 1 1 1 1 1 1 1 1 1 1 0 0 1 0 1 1 1 1 0 1 0 1 1 1
178 25 18754 1 1 1 0 0 1 0 0 1 1 1 1 1 1 1 1 1 1 1 1 1 1 1 1 1
179 25 22734 0 0 1 1 1 0 1 1 1 1 1 1 1 0 1 1 1 1 0 0 1 1 1 1 1
180 25 23053 1 1 1 1 1 0 1 0 0 1 1 1 1 1 1 1 0 1 0 1 0 1 1 1 1
181 25 21652 1 1 1 1 0 0 1 1 1 1 1 0 0 1 1 1 1 1 0 1 1 1 1 1 1
182 25 25859 0 1 0 1 1 1 1 0 1 0 1 1 1 1 1 1 1 1 1 1 1 1 1 0 0
183 25 22696 1 1 0 1 1 1 1 1 1 1 1 0 0 0 1 1 1 1 1 1 0 1 1 1 1
184 25 21014 0 1 1 0 0 1 1 0 1 1 1 1 0 1 1 1 1 1 1 1 0 1 1 1 1
185 25 21854 1 1 1 1 1 1 0 0 0 1 1 1 1 1 1 1 0 1 1 1 1 1 1 0 0
186 25 21847 1 1 1 0 0 1 1 1 1 1 1 1 1 1 1 0 1 1 0 1 1 0 1 1 1
187 25 23322 0 1 0 1 1 1 1 1 1 1 1 1 1 1 1 1 1 1 0 0 1 1 0 0 1
188 25 19888 0 1 1 1 1 0 1 1 1 1 1 1 1 1 1 0 1 1 1 1 1 0 1 1 0
189 25 23061 1 1 1 0 1 1 1 1 1 1 0 1 1 1 0 1 1 0 1 1 1 1 0 0 1
190 25 21233 1 1 1 1 1 0 0 1 1 0 1 0 0 1 0 1 1 1 1 1 1 1 1 1 1
191 25 23062 0 0 1 1 1 0 0 1 1 1 1 1 1 1 1 0 1 1 1 1 1 1 1 0 1
192 25 22046 1 1 1 0 0 1 0 1 1 1 1 1 0 0 1 1 1 1 1 1 1 1 1 0 1
193 25 26843 0 1 1 1 0 1 1 1 1 1 1 1 1 1 0 0 0 1 0 1 1 0 1 1 1
194 25 23807 1 1 1 1 1 0 1 0 1 1 1 1 1 1 1 0 0 1 1 1 1 0 1 0 1
195 25 21861 1 1 0 1 1 1 1 1 1 1 1 1 0 1 1 0 1 1 1 0 0 1 1 0 1
196 25 24361 1 1 1 1 1 1 1 1 1 0 0 1 0 1 0 0 1 1 1 1 0 1 1 1 1
197 25 19561 1 0 0 1 1 1 1 1 1 1 1 1 1 1 1 1 1 1 0 1 0 1 0 1 1
198 25 18847 1 1 1 0 0 1 1 1 1 1 1 1 1 1 1 1 0 1 1 1 0 0 1 1 1
199 25 26692 0 1 1 1 1 1 0 1 1 1 1 0 0 1 1 1 1 1 0 1 0 1 1 0 1
200 25 22527 0 1 0 1 1 0 1 0 1 1 1 1 1 1 1 1 1 1 1 1 0 1 0 1 1
201 25 20474 1 1 1 1 1 1 0 1 1 1 1 1 1 0 0 1 1 0 1 1 1 0 1 1 0
202 25 24533 1 0 1 1 1 1 0 1 1 1 1 0 1 1 1 0 1 1 1 1 0 1 0 1 0
203 25 20762 1 1 1 1 1 1 1 1 0 0 1 0 1 1 1 1 1 1 1 1 0 1 0 0 1
204 25 22620 1 0 1 0 1 1 1 1 1 1 0 1 1 1 0 1 1 1 1 1 0 1 1 1 1
205 25 17945 1 1 1 1 1 1 1 1 1 1 1 0 1 1 1 1 0 1 0 1 0 1 1 1 0
206 25 24671 1 0 1 1 1 0 1 0 1 1 1 1 1 0 1 1 1 0 1 0 1 1 1 1 1
207 25 20898 1 1 1 0 1 1 0 0 1 1 1 0 1 1 1 1 0 1 1 0 1 1 1 1 1
208 25 21964 1 1 1 0 0 1 1 1 1 1 1 1 1 1 1 0 1 0 1 1 1 0 1 0 1
209 25 25052 0 1 0 1 0 1 1 1 1 1 1 1 0 0 1 1 0 1 1 1 1 1 1 1 0
210 25 20225 0 1 1 1 1 1 1 1 1 1 1 0 1 1 1 0 1 0 0 1 1 1 1 1 1
211 25 22510 0 1 1 1 1 1 1 1 1 1 1 1 1 0 0 0 0 1 1 1 1 1 0 1 0
212 25 18020 1 0 1 1 0 1 1 1 0 1 1 1 1 1 1 1 1 0 1 1 1 1 0 1 1
213 25 23939 1 1 1 1 1 1 0 1 1 1 1 1 1 0 1 1 0 1 0 1 1 1 0 0 1
214 25 22713 1 1 1 1 0 1 1 1 0 1 1 1 1 1 1 1 1 0 1 1 1 0 1 0 1
215 25 22929 0 1 1 0 1 1 1 1 1 1 1 1 1 1 0 1 1 1 0 1 0 1 0 1 1
216 25 23004 1 0 1 1 1 0 1 1 1 1 0 1 0 1 1 0 1 1 1 1 1 1 1 0 1
217 25 20903 1 0 1 0 1 0 1 1 1 1 0 1 1 1 0 1 1 1 1 1 1 1 1 1 1
218 25 23651 1 1 1 1 1 0 1 1 1 0 1 1 0 1 0 1 1 1 0 1 1 1 1 0 1
219 25 20019 1 1 1 1 1 1 0 1 1 1 0 1 1 0 1 1 1 1 1 0 1 1 1 0 0
220 25 22939 1 1 0 1 0 1 1 1 0 1 1 1 1 1 1 1 0 1 0 1 1 0 1 1 1
221 25 17652 1 1 1 1 1 0 1 1 0 1 0 1 1 1 1 1 1 0 1 1 0 1 1 1 1
222 25 21173 1 1 1 1 1 1 1 0 1 1 0 0 1 1 1 1 0 1 1 0 1 1 1 0 1
223 25 22060 0 0 1 1 1 1 0 1 1 1 1 0 1 1 1 1 1 0 1 1 1 1 1 0 1
224 25 24361 0 1 0 1 1 0 1 1 0 1 0 1 1 1 1 1 1 1 1 1 0 1 1 1 1
225 25 24760 1 1 1 1 0 1 0 1 1 1 1 0 0 1 1 1 1 0 1 0 0 1 1 1 1
226 25 22854 1 1 1 1 1 1 1 0 0 1 0 1 0 1 1 1 1 1 1 0 1 1 1 1 1
227 25 20174 1 1 1 1 1 0 1 1 1 1 1 1 0 0 1 1 1 1 1 0 1 1 1 1 0
228 25 23258 1 1 1 1 1 0 1 1 1 1 1 1 0 1 0 1 1 0 1 0 0 1 1 1 1
229 25 20996 0 1 0 1 1 1 1 1 0 1 0 1 1 1 1 1 0 1 1 1 1 1 0 1 1
230 25 22626 1 1 0 0 1 1 1 1 0 1 0 1 1 1 1 0 1 1 1 1 1 0 1 1 1
231 25 20321 1 0 1 1 0 1 1 1 1 1 0 1 1 1 1 1 1 1 0 1 0 1 0 1 1
232 25 19783 1 1 1 1 1 0 1 0 1 1 1 1 1 1 1 0 0 1 1 1 1 0 1 1 1
233 25 18697 0 1 1 1 1 1 0 0 1 1 1 1 0 1 1 1 1 1 1 1 1 1 1 0 1
234 25 22524 1 1 1 1 1 1 0 1 0 1 0 1 0 1 1 1 0 1 1 0 0 1 1 1 1
235 25 21879 1 1 1 1 0 1 1 1 1 1 0 1 1 1 1 0 1 1 1 0 1 1 1 0 0
236 25 21166 1 1 1 1 1 0 1 1 1 1 1 1 1 0 1 1 1 1 0 1 1 1 0 0 1
237 25 21590 1 1 1 1 1 1 0 1 0 1 1 1 1 1 0 0 1 1 0 1 1 1 0 1 1
238 25 22861 1 1 1 1 1 0 1 1 0 1 1 1 1 1 0 1 1 1 1 1 0 1 1 0 0
239 25 25248 1 1 1 0 1 1 1 1 1 0 1 0 1 1 1 1 1 0 1 0 1 1 1 0 1
240 25 21598 1 0 1 0 1 1 1 1 1 1 1 1 1 1 1 0 1 1 1 1 0 0 1 1 1
241 25 20184 0 1 0 1 1 1 1 1 0 1 1 1 1 1 0 1 1 0 1 0 1 1 1 1 1
242 25 20735 1 1 1 1 1 1 1 1 1 1 1 1 1 1 0 0 1 1 0 0 1 1 0 1 1
243 25 22503 1 1 1 1 0 0 1 0 1 1 1 1 1 0 1 1 1 1 1 1 1 0 1 1 1
244 25 19791 1 1 1 1 1 1 1 1 1 1 0 0 1 1 0 1 1 1 1 0 0 1 0 1 1
245 25 21785 1 1 1 1 0 1 0 1 1 0 1 1 1 1 1 1 1 1 1 1 1 0 1 0 1
246 25 21307 1 0 0 1 1 1 0 1 1 1 1 1 1 1 0 1 1 0 1 1 1 0 1 1 1
247 25 20647 1 0 1 1 0 1 0 1 1 1 1 1 1 1 1 1 1 1 1 1 1 0 0 1 1
248 25 22084 0 1 1 1 1 1 1 1 1 1 1 1 0 1 0 1 1 1 1 1 0 1 1 0 1
249 25 19455 1 1 1 1 1 1 1 1 1 1 1 1 1 1 0 1 0 1 1 1 0 0 1 1 0
250 25 21020 1 1 1 1 1 1 1 1 1 0 1 0 1 1 1 1 0 1 0 1 1 1 0 1 1
251 25 24714 1 0 1 1 1 1 1 1 1 1 1 1 1 1 0 0 1 0 0 1 0 1 1 0 1
252 25 23387 1 1 1 1 0 1 0 1 1 1 1 1 0 1 1 1 1 1 0 1 1 1 1 0 0
253 25 22642 1 0 1 0 1 0 1 1 1 0 1 1 1 1 1 1 1 1 1 1 1 0 0 1 1
254 25 22161 1 1 1 1 0 0 0 1 1 0 1 1 1 1 1 0 1 0 1 1 1 1 1 1 1
255 25 24842 1 1 1 1 1 0 1 0 1 1 1 0 1 1 1 1 0 1 0 1 1 1 0 0 1
256 25 25470 1 1 1 0 1 0 1 1 1 0 1 1 1 1 1 0 1 1 1 0 1 0 1 1 0
257 25 23124 1 1 1 0 0 1 1 1 1 1 1 1 1 0 1 1 1 1 1 0 1 1 0 0 1
258 25 19512 0 1 1 1 1 1 1 1 1 0 1 1 0 0 1 1 1 1 1 1 1 1 1 0 0
259 25 20944 1 1 1 1 0 1 1 1 0 1 1 1 1 1 1 1 1 1 0 1 1 0 0 1 0
260 25 19169 0 1 1 1 1 1 1 0 1 1 1 1 1 1 1 1 0 0 1 1 0 1 1 1 1
261 25 21540 1 1 1 0 1 1 1 0 1 0 0 1 1 1 1 1 0 1 1 1 1 1 1 1 1
262 25 23657 1 1 1 0 0 1 1 1 0 0 1 1 1 0 1 1 0 1 1 1 1 1 1 0 1
263 25 22540 1 0 1 1 1 1 0 1 1 1 1 1 1 1 1 0 1 1 1 0 0 1 0 1 1
264 25 24196 0 1 1 1 1 0 1 1 1 0 1 1 0 1 1 1 1 1 1 1 0 1 1 0 1
265 25 23736 1 1 1 1 1 1 1 1 1 0 1 1 0 1 1 1 1 1 1 0 0 1 0 1 0
266 25 20495 0 1 1 1 1 1 1 0 0 1 1 1 1 1 1 1 1 1 1 0 0 1 1 1 1
267 25 24108 1 1 0 1 1 1 1 1 1 1 0 1 1 0 1 1 1 1 0 1 1 0 0 1 1
268 25 23607 0 1 0 0 1 1 1 1 1 1 1 1 1 1 1 1 1 1 0 0 1 0 1 1 1
269 25 23538 1 1 0 1 1 1 1 1 1 0 1 0 1 1 1 1 0 1 1 1 1 0 1 0 1
270 25 20316 1 1 1 1 1 0 1 1 1 0 1 1 1 1 0 1 0 1 1 1 1 1 1 1 0
271 25 21705 1 0 1 1 1 0 0 1 1 1 1 1 0 1 1 1 1 1 1 1 1 0 1 1 1
272 25 20844 1 1 1 0 1 0 1 1 1 1 0 1 0 1 1 1 1 1 1 1 0 1 1 1 0
273 25 23942 1 1 0 1 1 1 1 1 1 1 1 1 1 1 1 1 0 1 1 1 0 0 0 1 1
274 25 23571 0 1 0 0 1 1 0 1 1 1 1 1 1 0 1 1 1 1 1 1 0 1 1 0 1
275 25 17744 1 1 0 0 1 1 1 1 0 1 1 1 1 1 1 1 1 1 1 0 1 1 1 1 0
276 25 19609 1 1 1 0 0 1 1 1 1 0 1 1 1 1 0 1 1 1 1 0 1 1 1 1 1
277 25 24858 0 0 1 1 1 1 0 0 1 1 1 1 1 1 1 0 1 1 1 1 1 1 1 1 0
278 25 22600 0 1 1 1 1 1 1 1 0 1 0 1 0 1 1 1 1 1 0 1 1 1 1 0 1
279 25 23328 0 1 1 1 1 0 1 1 1 1 1 0 1 1 1 1 1 1 1 1 1 1 0 0 0
280 25 22785 1 1 1 1 1 1 1 1 1 0 0 1 1 1 1 1 1 1 1 0 0 0 1 0 1
281 25 18903 1 0 1 1 1 1 1 1 1 1 0 1 1 1 1 1 1 1 1 1 1 0 1 0 1
282 25 20329 1 1 1 1 0 1 0 1 1 0 1 1 1 1 0 1 1 1 1 0 1 0 1 1 1
283 25 19537 1 1 1 0 1 0 1 1 1 0 1 1 1 1 1 1 1 1 0 1 0 1 1 1 1
284 25 21489 1 1 1 0 1 1 1 1 1 1 1 1 1 1 0 1 1 0 1 0 1 1 1 1 0
285 25 22230 1 1 1 1 1 1 1 1 1 1 0 0 1 1 0 1 1 0 1 0 1 1 0 1 1
286 25 21202 1 1 0 0 1 1 0 1 1 1 1 1 1 1 0 1 1 1 0 1 1 1 1 0 1
287 25 22029 1 1 1 1 1 0 1 1 0 1 0 1 1 1 1 1 0 0 1 1 1 1 1 1 0
288 25 21634 1 0 1 0 1 1 1 1 1 1 1 1 1 1 1 1 1 1 0 1 1 0 1 0 1
289 25 18436 1 1 1 1 1 1 1 1 1 1 1 1 0 1 1 1 1 1 1 0 0 0 1 1 0
290 25 22575 1 1 1 1 0 1 1 1 1 1 0 1 0 0 0 1 1 1 1 1 1 0 1 1 1
291 25 20641 1 1 1 0 1 1 1 0 1 0 1 1 1 1 1 1 1 1 0 1 1 0 1 1 1
292 25 19587 0 1 1 0 0 1 0 1 1 1 1 1 1 1 1 1 1 1 1 1 1 1 1 1 0
293 25 23834 1 1 1 1 0 0 1 1 1 1 1 1 0 1 1 1 1 1 0 1 0 1 0 1 0
294 25 23661 1 1 1 0 0 1 1 1 1 0 1 1 1 1 1 1 1 0 0 1 1 1 1 1 1
295 25 21075 1 1 0 1 0 1 1 0 1 0 1 1 1 1 1 1 1 0 1 1 1 1 1 1 1
296 25 23192 1 0 0 1 1 0 1 1 1 1 0 1 0 1 1 1 1 0 1 1 1 1 1 1 1
297 25 21497 1 0 0 1 1 1 1 1 1 1 0 1 0 1 1 1 0 1 1 1 1 1 0 1 1
298 25 20677 1 1 1 1 1 0 1 1 0 1 1 0 1 0 0 1 1 1 1 1 1 1 0 1 1
299 25 21864 0 0 1 1 0 1 1 1 1 1 1 1 1 1 0 1 1 1 1 1 1 1 1 1 0
300 25 23796 1 1 1 1 1 0 0 1 1 0 1 1 1 1 0 1 1 0 1 1 1 1 0 1 1
301 25 20356 0 1 1 0 1 1 1 1 1 1 1 1 1 0 0 1 1 0 1 1 0 1 1 1 1
302 25 18647 1 1 1 1 1 1 1 1 0 1 1 1 1 0 1 1 0 0 1 1 1 1 1 1 0
303 25 23774 1 1 1 1 1 0 1 1 1 1 1 1 1 1 1 0 0 1 0 1 1 1 0 0 0
304 25 25756 1 1 1 1 1 1 0 1 1 1 1 0 0 1 1 0 0 1 1 1 1 1 0 1 1
305 25 20957 1 1 1 1 1 1 0 1 1 1 0 0 1 0 1 1 1 1 0 1 0 1 1 1 1
306 25 19899 0 1 1 0 1 1 0 0 1 1 1 0 1 1 1 1 0 1 1 1 1 1 1 1 1
307 25 19000 1 1 0 1 1 1 1 1 0 1 1 0 1 1 1 1 1 0 1 1 1 1 0 1 1
308 25 24953 0 1 1 1 1 1 0 1 0 1 1 0 1 1 0 0 1 1 1 1 1 1 1 0 1
309 25 19315 1 0 1 1 1 1 1 0 1 1 1 1 1 1 1 0 1 1 1 1 1 1 0 1 0
310 25 21861 1 0 1 1 0 1 1 1 1 1 1 0 1 1 1 1 1 1 1 0 1 0 1 1 0
311 25 24638 0 1 1 0 1 0 1 1 1 1 0 1 1 1 1 1 0 1 1 1 1 0 1 0 1
312 25 22870 1 1 1 1 0 1 1 0 1 1 1 0 0 0 1 1 1 1 1 0 1 1 1 1 1
313 25 22519 1 1 1 1 1 1 1 1 1 1 0 0 1 0 1 1 1 0 1 1 0 1 1 0 1
314 25 22896 0 1 1 1 1 1 1 1 0 1 0 1 1 0 1 1 0 1 0 1 1 1 1 1 1
315 25 21471 1 0 1 0 1 1 1 1 1 1 1 1 1 1 1 0 1 0 0 1 1 1 1 1 0
316 25 21066 1 0 1 1 1 0 1 0 1 1 1 1 1 1 0 1 1 1 0 1 1 1 0 1 1
317 25 21640 1 0 1 1 1 1 0 1 0 0 1 1 1 1 1 0 1 1 1 1 0 1 1 1 1
318 25 26146 1 0 1 1 1 1 1 1 1 1 1 1 1 0 0 0 1 1 0 1 1 1 1 0 1
319 25 24041 1 0 0 1 1 1 1 0 1 1 0 1 0 1 1 1 1 1 1 1 1 1 1 0 1
320 25 22534 1 1 0 1 1 1 1 1 1 0 1 1 0 1 1 0 0 1 1 0 1 1 1 1 1
321 25 22900 1 1 1 1 1 1 1 1 1 1 1 1 1 0 0 1 0 0 1 1 1 0 1 0 1
322 25 21155 1 1 0 1 1 1 1 1 0 1 1 1 0 1 1 1 1 1 1 0 1 0 1 0 1
323 25 22789 0 1 1 0 1 1 0 1 1 1 0 0 1 1 1 1 1 1 1 1 1 1 0 1 1
324 25 23759 0 1 1 1 1 0 1 1 0 1 1 1 1 0 1 1 1 1 0 0 1 1 1 1 1
325 25 22747 1 1 0 1 1 1 0 0 1 0 0 1 1 1 0 1 1 1 1 1 1 1 1 1 1
326 25 23962 0 1 1 1 0 1 1 1 1 0 1 1 1 1 1 1 0 1 1 0 0 1 1 1 0
327 25 23021 1 0 1 1 0 1 1 0 1 1 1 1 0 1 1 1 1 1 0 0 1 1 1 1 1
328 25 19027 1 1 0 0 1 0 0 1 1 1 1 1 1 1 1 1 0 1 1 1 1 1 1 1 1
329 25 23175 1 1 1 1 1 0 0 1 1 1 1 0 1 1 1 1 0 1 0 1 0 1 1 1 1
330 25 21079 1 0 0 1 1 1 1 1 1 0 0 1 1 1 0 1 1 1 1 1 1 1 1 0 1
331 25 21448 1 1 1 1 0 1 0 0 1 0 0 1 1 1 1 1 1 1 1 1 1 1 1 1 0
332 25 24175 1 1 1 1 1 0 1 1 1 1 0 0 1 1 1 1 1 1 0 1 1 1 0 1 0
333 25 21533 0 1 1 0 0 1 1 0 1 1 1 1 1 1 1 1 1 1 1 1 1 1 0 1 0
334 25 24729 1 1 1 1 0 1 1 1 1 0 1 1 1 0 1 0 1 0 1 1 1 0 1 1 1
335 25 18697 1 1 1 1 1 1 1 0 1 1 1 1 1 1 1 0 0 1 1 1 1 0 0 1 1
336 25 25372 1 0 1 1 0 1 1 1 1 1 1 1 0 1 1 0 1 0 1 0 1 1 1 1 0
337 25 22117 1 1 0 1 0 1 1 0 0 1 0 1 0 1 1 1 1 0 1 1 1 1 1 1 1
338 25 19737 1 0 1 1 0 1 0 0 1 1 1 1 1 0 1 0 1 1 1 1 1 1 1 1 1
339 25 19970 1 1 1 1 1 1 1 1 1 1 1 0 1 0 1 0 1 1 1 0 1 1 1 0 1
340 25 19913 0 1 0 1 0 1 1 1 0 1 1 1 1 1 1 1 1 1 0 1 1 1 1 1 0
341 25 23587 1 0 1 0 1 1 1 1 1 1 1 1 0 1 1 1 0 1 1 0 1 1 0 1 1
342 25 19877 1 0 1 1 0 1 1 1 1 1 1 1 1 1 1 0 1 1 1 0 0 1 1 1 1
343 25 23185 0 0 1 1 1 1 1 1 1 1 1 1 1 0 1 0 1 1 1 0 1 0 1 1 1
344 25 21703 1 1 0 1 1 1 1 1 1 1 1 0 1 1 1 0 0 1 0 1 1 0 1 1 0
345 25 20070 1 1 0 1 1 0 1 1 0 1 1 1 0 1 1 1 1 1 1 1 1 1 1 0 1
346 25 22760 1 1 1 1 1 1 1 1 1 1 0 1 1 1 0 1 0 1 1 1 1 0 0 1 0
347 25 23209 1 1 0 0 1 1 1 1 1 1 1 1 1 0 1 1 1 1 1 0 1 0 0 0 1
348 25 21191 1 0 1 1 0 1 1 1 1 1 1 1 1 1 1 1 1 0 1 1 0 1 0 1 1
349 25 24668 1 1 1 1 1 0 1 0 1 1 1 1 1 1 1 1 0 1 0 0 1 0 1 1 1
350 25 21024 0 1 1 0 1 1 1 1 1 0 1 0 1 1 1 1 1 1 1 0 1 1 1 1 0
351 25 25887 0 1 1 1 1 1 1 1 1 0 1 0 1 1 1 0 1 0 0 1 1 1 1 0 1
352 25 24858 1 1 1 1 0 1 1 1 0 1 1 0 1 1 1 1 1 0 1 0 1 1 1 0 1
353 25 23949 1 1 0 1 0 1 0 0 1 1 1 0 1 1 0 1 1 1 1 0 1 1 1 1 1
354 25 22289 1 1 0 1 1 1 1 1 1 1 0 0 1 0 1 1 1 0 1 1 1 1 1 1 0
355 25 21981 1 1 1 1 1 1 1 1 1 1 1 0 1 1 1 1 1 0 1 0 0 1 0 1 1
356 25 17887 1 1 1 1 1 1 1 0 1 1 1 1 1 1 0 1 1 1 1 0 1 1 1 0 1
357 25 23512 1 0 1 0 1 1 1 0 1 1 1 0 0 1 1 0 1 1 1 1 1 1 1 1 1
358 25 19352 0 1 0 0 1 1 1 1 1 1 1 1 1 1 0 1 1 1 0 0 1 1 1 1 1
359 25 19892 1 1 0 1 1 1 0 1 0 1 0 1 1 1 1 0 0 1 1 1 1 1 1 1 1
360 25 22622 0 1 1 1 1 1 1 1 1 1 1 1 1 0 1 1 1 0 1 1 0 1 0 1 0
361 25 23104 0 1 1 1 1 1 1 1 1 1 0 1 1 1 1 0 0 1 1 1 0 1 1 1 1
362 25 23188 1 1 1 0 1 0 1 1 0 1 1 1 1 1 1 1 1 1 0 0 1 0 1 1 1
363 25 22505 1 0 1 0 0 1 0 1 1 1 1 0 1 1 1 1 1 1 1 0 1 1 1 1 0
364 25 23068 0 0 0 1 1 1 1 1 1 0 1 1 1 1 1 1 0 1 1 1 0 1 1 1 1
365 25 24169 1 1 1 1 1 1 1 1 1 1 1 1 1 1 1 1 0 0 0 0 0 1 0 0 1
366 25 20624 1 1 1 1 0 1 0 1 1 1 1 0 1 1 1 1 1 1 0 1 1 0 1 1 1
367 25 20545 1 1 1 1 1 1 1 1 1 1 1 0 0 1 1 1 1 1 1 1 1 1 0 0 0
368 25 23659 0 1 1 1 1 0 1 0 1 1 0 1 1 1 0 1 1 1 0 1 0 1 1 1 1
369 25 22719 1 1 0 0 0 1 1 1 0 1 1 1 1 1 0 1 1 1 1 1 1 0 1 1 1
370 25 22579 0 1 1 1 1 0 1 1 0 1 1 1 1 1 1 1 0 1 1 1 1 1 1 0 0
371 25 23142 1 0 0 1 1 1 1 1 1 0 1 1 1 1 1 1 0 1 1 1 0 0 1 1 0
372 25 21320 1 1 1 1 1 1 0 0 1 1 1 0 1 0 1 0 1 1 1 1 1 1 1 0 1
373 25 22106 1 0 0 1 0 1 0 1 0 1 1 1 1 1 0 1 1 1 1 1 1 1 1 1 1
374 25 23611 1 1 1 1 1 0 1 0 1 0 1 1 1 1 1 0 1 1 1 1 1 1 0 1 1
375 25 19620 1 1 1 0 1 1 1 0 1 0 1 1 1 0 1 1 1 1 0 1 1 1 0 1 1
376 25 22522 1 0 1 1 0 0 1 1 1 0 1 1 1 0 1 1 1 1 0 1 1 1 1 1 1
377 25 22855 1 1 1 1 0 1 1 0 0 1 1 1 0 1 1 1 0 0 1 1 1 1 1 1 1
378 25 21874 1 1 0 1 1 1 1 1 1 1 0 0 1 1 0 1 1 1 0 1 1 0 1 1 1
379 25 23528 1 1 0 1 1 1 1 0 0 1 1 0 1 1 1 1 1 1 1 1 1 1 1 1 0
380 25 23682 1 1 0 1 1 1 1 1 1 1 1 1 0 1 1 1 0 1 0 1 1 1 0 1 0
381 25 18173 1 0 1 1 1 1 1 1 1 1 1 1 1 0 1 1 1 0 1 1 1 1 0 0 1
382 25 22156 1 0 1 0 0 1 1 1 0 1 0 1 1 1 1 1 1 1 1 1 0 1 1 1 1
383 25 19715 1 1 1 1 1 1 1 1 1 1 0 1 1 1 1 0 0 0 0 1 1 1 1 1 1
384 25 22811 1 0 1 0 1 1 0 1 1 1 1 1 1 1 1 1 0 0 1 1 0 1 1 1 1
385 25 20450 0 1 1 1 0 1 1 1 1 1 1 1 1 1 1 1 1 1 1 1 0 1 0 0 1
386 25 22308 1 1 1 1 1 1 1 1 1 1 0 0 1 1 0 1 1 0 1 1 1 0 1 1 0
387 25 23705 1 1 1 0 0 1 1 1 1 1 1 0 1 1 1 0 1 0 1 1 0 1 1 0 1
388 25 21032 0 0 1 1 1 1 1 1 1 1 1 1 1 1 1 1 1 0 1 1 0 1 0 1 1
389 25 26057 1 0 1 1 1 1 1 1 0 0 1 1 1 1 1 1 0 1 1 0 1 1 1 1 0
390 25 25595 1 1 1 1 1 1 1 0 1 0 1 1 0 1 1 0 1 0 1 0 1 1 1 0 1
391 25 21747 1 0 1 0 1 0 1 1 1 1 1 1 1 1 1 0 1 1 0 1 1 1 1 1 0
392 25 23808 1 0 1 0 1 1 1 0 1 1 1 0 1 1 1 1 1 1 1 1 1 1 0 1 1
393 25 19374 1 1 1 1 1 1 1 1 1 1 0 0 1 0 0 0 1 1 1 1 1 1 1 1 1
394 25 23677 1 1 1 0 1 1 0 1 0 1 1 1 0 1 1 1 1 1 1 0 1 1 0 1 1
395 25 21869 1 0 1 1 1 1 1 0 1 0 1 0 0 1 1 1 1 1 1 1 1 1 1 1 1
396 25 22083 1 1 1 1 1 1 1 0 1 0 1 1 1 0 1 1 0 1 1 1 1 1 0 1 1
397 25 21955 1 0 1 0 1 1 1 1 1 0 1 1 1 0 1 1 1 1 1 1 1 0 1 1 1
398 25 23610 1 0 1 1 1 1 1 0 0 1 1 0 1 0 1 1 1 1 1 1 1 1 1 0 1
399 25 23832 1 1 1 1 1 1 0 1 0 1 1 1 1 1 1 1 1 0 1 0 0 1 1 1 0
400 25 23289 1 1 1 1 1 1 1 0 0 1 1 0 1 1 1 0 0 1 1 1 0 1 1 1 1
401 25 22480 1 1 1 1 0 1 1 0 1 0 1 1 0 1 1 1 1 0 1 1 1 1 1 1 1
402 25 25411 1 1 1 0 1 1 0 1 1 0 0 0 1 1 1 1 1 1 1 1 1 1 0 1 1
403 25 23030 1 1 1 0 0 1 1 0 1 1 0 1 1 0 1 0 1 1 1 1 1 1 1 1 1
404 25 23478 1 1 1 0 1 0 1 0 1 1 1 1 0 1 1 1 1 1 1 1 1 1 0 1 1
405 25 20488 1 1 0 1 1 1 0 1 1 0 1 1 0 1 1 1 1 1 1 1 1 1 1 0 1
406 25 19024 1 1 1 1 1 1 0 1 1 1 1 0 1 1 1 1 1 1 0 0 0 0 1 1 1
407 25 19519 0 1 1 0 0 1 0 1 1 0 1 1 1 1 1 1 1 0 1 1 1 1 1 1 1
408 25 18900 0 1 1 0 1 1 0 1 1 1 1 1 1 1 1 1 0 1 1 0 1 1 1 1 1
409 25 23879 0 0 1 1 1 1 0 1 1 0 1 0 1 1 1 1 1 1 1 1 1 1 1 1 0
410 25 24667 1 0 1 1 1 0 1 1 1 1 1 1 1 0 1 1 1 1 0 1 1 0 1 0 0
411 25 22363 1 1 0 1 1 0 1 1 1 1 1 0 1 1 1 0 1 1 1 1 1 1 0 0 1
412 25 19175 1 1 1 1 1 0 1 1 1 1 1 1 0 1 1 0 1 0 1 1 1 1 0 1 1
413 25 21532 1 0 1 1 1 1 1 1 1 0 0 1 1 0 0 1 1 1 1 1 1 0 1 1 1
414 25 24156 1 1 1 1 1 0 0 1 1 1 1 1 1 1 1 0 1 1 1 1 1 0 0 1 0
415 25 19956 1 1 1 1 1 1 0 1 1 1 1 0 0 0 1 0 1 1 1 0 1 1 1 1 1
416 25 20489 1 1 1 1 0 1 1 1 0 1 1 0 1 1 1 0 1 1 1 1 0 1 1 1 1
417 25 22524 1 1 1 0 1 1 1 0 1 1 1 1 0 0 1 1 0 1 1 1 1 1 1 0 1
418 25 23127 1 1 0 1 1 0 1 0 1 1 0 1 1 0 1 1 1 1 1 0 1 0 1 1 1
419 25 23397 0 1 1 1 1 1 1 1 1 1 0 0 0 1 1 1 1 1 0 0 1 1 1 1 1
420 25 25018 1 1 1 0 1 1 1 0 0 1 0 1 1 1 1 1 0 1 1 0 1 1 1 1 1
421 25 19783 1 0 1 1 0 1 1 1 1 1 1 0 1 1 0 1 1 1 1 0 1 1 1 1 1
422 25 26536 0 1 1 1 1 1 1 1 0 1 1 0 0 0 1 0 1 1 1 1 1 1 0 1 1
423 25 21808 1 1 1 1 0 1 1 1 1 0 1 0 1 0 1 1 1 1 0 1 1 1 1 0 1
424 25 22400 0 1 1 0 1 1 1 1 1 1 1 0 0 0 0 1 1 1 1 1 1 1 1 1 0
425 25 24214 1 1 0 1 1 1 1 1 1 1 0 0 1 1 1 0 1 1 1 0 1 1 1 0 1
426 25 24013 1 1 1 1 1 1 1 0 1 1 1 0 0 1 1 1 1 0 0 0 1 1 1 1 1
427 25 24676 1 0 0 1 0 1 1 1 1 1 1 1 1 1 1 1 0 1 1 1 0 1 1 0 1
428 25 23222 1 0 1 1 1 1 1 1 1 1 1 1 1 1 0 1 1 1 0 1 0 1 1 0 0
429 25 25030 0 0 1 1 1 1 0 1 1 1 1 0 1 1 1 1 1 1 1 1 0 0 1 0 1
430 25 22749 1 1 1 1 0 0 1 1 1 1 1 1 1 1 1 1 1 0 1 1 1 1 0 0 0
431 25 22814 1 0 0 1 1 1 0 1 1 1 1 0 1 0 1 1 1 1 0 1 1 1 1 1 0
432 25 23667 1 0 0 1 1 1 1 0 1 1 1 1 1 1 0 1 0 1 0 1 1 1 1 1 1
433 25 24324 1 0 1 1 1 1 1 1 1 1 1 1 1 0 1 1 1 0 1 1 0 0 1 1 0
434 25 20537 1 1 1 1 1 1 0 1 1 1 1 1 0 0 1 1 0 1 0 1 1 1 1 1 0
435 25 23587 0 1 1 1 1 1 1 1 0 0 1 1 1 1 1 1 1 1 0 1 1 0 0 1 1
436 25 26688 1 1 1 0 0 1 1 1 1 1 1 1 1 0 1 1 1 1 0 0 1 1 0 0 1
437 25 20881 1 0 1 0 1 1 1 1 1 1 1 1 1 1 0 1 1 1 1 1 0 0 1 0 1
438 25 21136 0 1 1 1 0 1 1 1 1 1 1 1 0 1 1 1 1 1 1 1 1 0 1 0 0
439 25 20344 1 1 1 1 0 1 0 1 1 0 1 1 1 1 1 0 1 1 1 1 1 0 1 1 1
440 25 24845 1 1 1 1 1 0 1 0 1 1 1 1 0 1 0 1 1 1 0 0 0 1 1 1 1
441 25 21159 1 1 1 1 1 1 1 1 1 1 1 1 1 1 1 0 0 0 1 1 1 1 1 0 0
442 25 22135 0 1 1 1 1 1 0 1 1 1 0 1 1 0 1 1 1 1 1 1 1 1 1 0 1
443 25 21512 0 1 1 1 1 0 1 0 1 1 1 1 1 1 0 1 1 1 1 0 1 0 1 1 1
444 25 23449 1 0 1 0 1 1 1 1 1 1 1 1 1 1 0 0 0 1 1 1 0 1 1 1 1
445 25 18874 1 1 1 0 0 1 1 1 1 1 1 1 0 1 1 1 1 1 1 1 1 1 0 0 1
446 25 24269 1 1 1 1 0 1 0 1 1 1 1 0 1 1 0 1 0 1 1 1 1 1 0 1 1
447 25 21177 1 1 1 1 1 1 1 0 1 1 0 1 0 1 1 0 1 1 1 1 1 1 1 0 1
448 25 23765 0 1 1 1 1 1 0 1 0 1 1 1 1 1 1 1 1 0 1 0 0 1 1 1 1
449 25 22136 1 0 1 1 0 0 1 1 1 1 1 1 1 0 1 1 1 1 0 0 1 1 1 1 0
450 25 17186 0 0 0 1 1 1 1 0 1 1 1 1 1 1 1 1 1 1 1 1 0 1 1 1 1
451 25 22827 1 1 1 1 1 1 0 1 1 1 0 1 1 1 1 1 1 1 1 0 0 0 0 1 1
452 25 24785 1 0 1 1 1 1 1 1 1 1 1 1 1 0 1 1 1 0 1 1 0 0 0 1 1
453 25 21171 1 1 1 0 0 1 1 0 1 1 1 0 0 0 1 1 1 1 1 1 1 1 1 1 1
454 25 23416 1 1 1 0 1 1 1 0 0 1 0 1 1 0 0 1 1 1 1 0 1 1 1 1 1
455 25 17832 1 1 1 1 1 1 0 1 0 1 1 1 1 0 1 1 0 1 1 0 1 1 0 1 1
456 25 21625 1 1 1 0 0 1 1 1 1 1 0 1 1 1 1 1 1 1 1 1 0 0 1 1 1
457 25 25385 1 1 0 1 1 1 0 1 0 1 1 1 0 1 1 0 1 1 1 1 1 0 1 1 1
458 25 22708 1 1 1 0 1 1 0 1 1 1 1 1 1 1 1 0 0 1 1 1 1 0 1 1 1
459 25 21377 1 1 1 1 1 1 1 1 0 1 1 1 1 0 1 1 1 1 1 1 0 1 0 0 1
460 25 20502 1 1 1 1 1 1 1 1 1 1 1 1 1 0 0 0 0 1 1 1 0 1 1 1 1
461 25 21347 1 1 1 1 1 1 1 1 1 1 1 1 0 1 1 0 1 0 1 0 1 1 1 1 0
462 25 23379 1 1 1 1 0 1 1 1 0 1 0 1 1 1 1 1 0 1 0 1 0 1 1 1 1
463 25 19281 1 1 1 1 1 1 1 0 1 1 0 1 1 1 0 1 0 1 1 1 1 1 1 1 1
464 25 24362 1 1 0 1 1 1 0 1 0 0 1 1 1 1 1 1 1 0 1 0 1 1 1 1 1
465 25 24082 1 1 1 1 1 1 0 1 1 1 0 1 0 1 1 1 1 1 0 0 0 1 1 1 0
466 25 24881 1 1 1 0 0 1 1 1 1 1 0 1 1 1 1 0 1 1 0 1 1 0 0 1 1
467 25 24297 1 1 1 0 1 1 0 0 1 1 1 1 0 1 1 1 1 0 0 1 1 1 1 1 1
468 25 22417 1 1 1 1 1 0 1 1 1 1 0 1 1 1 1 1 0 1 1 1 1 1 0 1 0
469 25 23392 1 0 1 1 1 1 1 1 0 1 1 1 1 1 1 1 1 0 0 1 0 1 1 1 0
470 25 21088 0 0 0 1 1 1 0 1 1 1 1 1 1 1 1 1 1 1 1 1 1 1 0 1 1
471 25 21445 1 1 1 1 1 1 1 0 1 1 1 1 1 1 1 0 0 1 1 1 0 1 0 0 1
472 25 20265 1 0 1 1 1 0 1 0 1 1 1 1 0 1 1 1 1 1 1 1 1 1 1 1 0
473 25 24304 1 1 1 1 1 1 0 1 1 0 0 1 1 1 1 1 1 1 0 1 1 1 0 0 1
474 25 20881 1 1 0 1 1 1 1 1 1 1 1 1 1 1 1 0 1 0 0 0 1 1 1 1 1
475 25 19254 1 1 1 1 1 1 1 0 1 1 1 0 1 1 1 0 1 1 1 1 0 1 0 1 1
476 25 22126 1 1 1 1 1 1 0 1 1 1 0 0 1 1 1 1 1 1 0 1 1 1 1 0 1
477 25 21218 1 0 1 1 0 1 1 1 1 1 1 1 1 1 0 1 1 1 1 1 0 1 0 1 1
478 25 23560 1 1 1 1 0 1 0 1 1 1 1 1 1 0 1 1 1 1 1 0 0 0 0 1 1
479 25 23106 1 1 0 0 0 1 1 0 0 1 1 1 1 0 1 1 1 1 1 1 1 0 1 1 1
480 25 22885 1 1 1 1 1 1 0 0 1 1 1 1 0 0 1 1 0 1 1 1 1 1 1 1 1
481 25 22029 1 0 1 1 1 1 1 1 0 1 1 1 1 1 1 0 1 1 0 1 1 1 0 1 0
482 25 24744 1 1 0 1 0 0 1 1 1 0 1 1 1 1 1 0 1 1 1 1 1 0 1 1 1
483 25 23745 0 1 1 1 1 1 1 1 0 1 1 0 1 0 1 1 0 1 1 1 1 1 1 1 0
484 25 21099 0 0 1 1 1 1 1 0 1 1 1 1 1 1 1 1 1 1 0 0 1 1 1 1 1
485 25 21324 1 1 0 1 1 1 1 1 1 0 1 1 1 1 0 1 1 0 1 0 1 1 1 1 1
486 25 22952 0 1 1 1 1 1 1 1 1 1 1 0 1 1 1 0 0 1 0 1 0 1 1 1 1
487 25 20091 1 1 0 1 0 0 1 1 1 1 1 1 1 1 1 1 0 1 1 0 1 1 1 1 1
488 25 21248 1 0 1 1 1 0 1 1 1 1 1 1 1 1 0 1 1 1 0 1 0 1 1 1 1
489 25 22812 1 1 0 1 0 1 1 1 0 1 0 1 1 1 0 1 1 1 1 1 1 1 1 1 0
490 25 22088 1 1 0 0 1 1 0 1 0 1 1 1 1 1 1 1 0 1 1 1 0 1 1 1 1
491 25 20679 1 1 0 1 0 1 0 1 1 1 1 1 1 1 1 0 0 1 1 1 1 1 1 0 1
492 25 25271 0 1 0 1 0 1 1 1 1 0 1 1 1 1 1 1 1 1 1 0 1 1 1 0 1
493 25 22417 1 1 1 1 1 1 1 1 1 1 0 0 0 1 1 0 1 1 0 1 1 1 1 1 0
494 25 21340 0 1 1 1 1 0 1 1 0 1 1 1 1 1 1 1 1 1 1 0 1 0 1 0 1
495 25 19993 1 0 1 1 1 1 1 1 1 1 1 0 1 0 1 0 1 1 1 0 1 0 1 1 0
496 25 22876 0 1 0 1 1 1 1 0 1 1 0 1 1 1 1 1 1 0 0 1 1 1 1 1 1
497 25 23551 1 1 1 1 1 1 1 1 0 1 1 1 1 1 0 0 1 1 0 0 0 1 1 1 1
498 25 20456 0 0 1 1 1 1 1 1 1 1 0 1 1 1 1 1 0 1 1 0 1 1 1 1 1
499 25 21483 1 0 1 1 1 1 0 1 1 1 1 1 1 1 1 1 1 0 1 1 1 0 1 1 0
500 25 22499 1 1 1 1 1 0 1 0 0 1 1 0 1 1 1 1 1 1 0 0 0 1 1 1 1
