1 30 23411 1 1 1 0 0 1 0 1 1 1 1 1 0 1 1 1 1 1 0 1 1 0 1 1 1 0 1 1 1 1
2 30 25007 1 1 1 1 1 1 1 1 1 1 0 1 0 0 1 0 1 0 0 1 1 1 1 0 0 1 1 1 1 1
3 30 29454 1 1 1 1 0 1 0 0 1 1 1 1 1 1 1 0 1 1 1 0 1 0 0 0 0 1 1 1 1 1
4 30 26449 1 1 1 0 1 0 1 0 1 1 1 0 1 1 1 1 1 1 0 0 1 0 1 1 1 0 1 1 1 0
5 30 26643 1 1 1 1 0 1 0 1 1 1 0 1 0 1 0 1 1 1 1 0 1 0 1 0 1 1 1 0 1 1
6 30 27925 0 0 1 1 1 1 0 0 0 1 0 0 1 1 1 0 1 1 1 1 0 1 1 1 0 1 1 1 1 1
7 30 27614 1 0 1 0 1 1 1 0 1 0 1 1 1 1 1 1 1 0 1 0 0 1 1 0 1 1 1 1 1 1
8 30 28312 0 1 1 0 1 1 1 1 0 0 1 0 1 1 1 1 1 1 1 1 1 0 1 0 1 1 1 0 0 1
9 30 27984 0 1 1 1 1 0 0 0 1 1 1 0 1 1 1 0 1 1 1 1 0 0 1 1 1 1 0 1 1 1
10 30 28101 1 0 1 1 1 0 0 0 0 0 1 1 1 1 1 1 1 1 1 0 1 1 1 1 1 1 1 1 0 1
11 30 24576 1 0 0 1 1 1 1 1 0 1 1 1 1 1 0 0 1 1 0 1 1 1 1 1 1 1 0 1 1 0
12 30 26565 0 1 1 1 1 1 0 1 1 1 1 1 0 1 1 0 1 1 1 1 0 0 1 1 1 1 1 0 0 1
13 30 25924 1 0 1 1 1 1 1 0 1 0 1 0 0 1 1 1 1 1 1 0 0 1 1 0 1 0 1 1 1 1
14 30 24897 1 1 1 1 1 1 0 1 0 1 0 1 1 1 0 1 1 1 0 1 1 1 1 1 1 0 1 1 1 0
15 30 23876 0 1 1 0 1 1 1 1 1 1 1 1 0 1 0 1 0 1 0 1 1 1 1 1 1 1 0 1 1 1
16 30 26480 1 1 0 1 0 0 1 1 1 0 1 1 1 1 0 1 0 1 1 1 1 0 1 1 0 1 1 1 0 1
17 30 26350 1 1 1 1 1 0 0 1 1 1 0 1 1 0 1 1 0 1 0 1 0 1 1 1 1 1 1 0 1 1
18 30 28874 1 1 0 1 0 1 0 1 0 0 0 0 1 0 1 1 1 1 0 1 1 1 1 1 1 1 1 0 1 0
19 30 27241 1 0 1 1 1 1 0 1 1 0 0 1 1 1 0 1 1 1 1 1 1 1 0 1 1 0 1 1 0 1
20 30 28984 0 1 1 1 0 0 0 1 1 0 1 1 0 1 0 1 1 1 1 0 1 1 1 1 0 1 1 1 1 1
21 30 26364 1 1 1 0 0 0 1 1 1 1 1 0 1 1 1 1 1 1 1 0 1 0 1 0 1 1 1 1 1 1
22 30 24759 1 1 1 1 1 1 0 1 0 0 1 0 0 1 1 0 1 1 1 1 1 1 1 1 1 0 1 1 0 0
23 30 27770 1 1 0 0 1 1 1 1 1 1 0 1 1 1 1 0 0 0 0 1 1 1 1 1 1 1 1 1 0 1
24 30 25521 0 0 1 0 1 0 1 1 1 1 1 1 1 0 1 1 1 1 1 1 0 0 1 1 0 1 1 1 1 1
25 30 25992 1 0 0 1 1 1 1 1 1 1 0 1 1 0 1 1 0 1 0 0 0 1 1 1 1 0 0 1 1 1
26 30 24712 1 0 0 1 1 1 1 0 0 1 0 1 0 1 1 1 0 1 1 0 1 1 0 0 1 1 1 1 1 1
27 30 25882 1 1 1 1 1 1 1 0 1 1 1 0 1 0 1 0 1 1 1 1 0 0 0 1 0 0 1 1 1 1
28 30 27278 1 1 1 1 0 1 1 1 1 1 1 1 1 1 0 0 1 1 1 1 0 0 0 1 0 1 1 1 0 1
29 30 26150 1 1 1 1 1 0 1 0 0 1 1 0 1 1 1 1 1 1 1 0 1 0 1 0 1 1 1 0 1 1
30 30 27555 1 1 1 0 0 1 1 1 1 1 0 1 1 1 1 0 0 1 1 1 1 1 0 1 0 1 1 1 0 1
31 30 27604 0 0 1 1 0 1 1 1 0 1 0 1 0 1 1 1 1 1 1 1 1 0 1 1 1 0 1 0 1 1
32 30 26535 0 1 0 0 1 1 1 0 1 0 1 0 1 1 1 1 1 0 0 1 1 1 1 1 0 1 1 0 1 1
33 30 26840 1 0 1 1 0 1 0 1 1 0 1 1 0 1 1 1 0 1 1 0 1 1 1 1 1 1 1 0 1 1
34 30 30705 1 1 1 1 0 1 1 1 0 0 1 0 1 1 1 1 1 1 0 1 1 0 1 0 0 1 1 1 1 1
35 30 24329 1 1 1 0 1 1 1 1 1 1 1 0 1 1 1 1 0 0 1 1 1 1 0 1 1 0 1 0 1 0
36 30 27695 1 1 1 1 1 0 1 1 1 0 0 1 1 1 0 0 1 1 1 1 0 1 1 1 0 0 1 1 0 1
37 30 25693 1 0 1 0 1 0 1 1 1 1 0 1 1 1 1 1 1 1 0 1 1 0 1 1 1 0 1 1 1 0
38 30 27786 1 1 1 1 1 1 1 0 0 0 1 1 1 1 1 0 1 1 1 1 0 0 0 1 0 1 0 1 1 1
39 30 24193 1 0 0 0 1 1 0 1 1 0 0 1 1 1 1 1 1 0 1 1 1 1 1 0 0 1 1 0 1 1
40 30 28990 1 1 1 0 0 1 0 1 1 1 1 1 1 1 1 1 0 1 1 0 0 1 1 0 0 1 1 0 0 1
41 30 26402 1 1 1 0 1 1 1 1 0 0 1 1 1 1 0 1 1 1 1 1 1 1 1 1 1 1 0 0 0 0
42 30 27599 1 0 1 1 0 0 1 1 1 1 1 1 1 0 1 1 1 0 1 1 0 1 1 1 1 1 0 0 1 0
43 30 25698 1 0 1 1 1 1 1 1 1 1 0 0 1 1 1 1 0 0 1 1 1 1 0 1 1 0 1 1 0 1
44 30 26370 0 1 1 1 1 1 1 1 1 1 0 1 1 1 1 1 0 0 0 0 1 0 1 0 1 1 1 0 1 1
45 30 26308 1 0 1 1 1 1 1 1 0 1 1 1 1 0 1 1 1 0 0 0 1 1 0 1 1 1 1 0 0 1
46 30 25084 1 1 1 0 0 1 1 1 0 1 1 0 1 1 0 1 0 1 1 1 1 0 1 0 0 1 1 1 1 0
47 30 25703 1 1 1 0 1 0 1 1 0 1 0 1 1 1 1 1 1 1 1 0 1 1 1 0 1 1 1 1 0 0
48 30 24555 0 1 1 1 1 1 1 1 0 0 0 1 1 1 1 0 1 1 1 1 1 1 0 1 0 0 1 1 0 1
49 30 27469 1 1 0 1 1 1 1 1 1 0 1 1 1 1 1 1 1 1 0 1 0 1 1 1 1 0 1 0 0 1
50 30 27342 1 1 1 1 0 0 1 1 1 0 0 1 1 1 0 1 0 0 0 1 0 1 1 1 0 1 1 1 1 1
51 30 27450 1 1 1 1 1 0 0 0 0 1 1 0 1 1 1 1 1 1 1 1 0 1 0 1 1 0 1 1 1 1
52 30 24932 0 0 1 1 1 1 1 1 1 0 1 1 0 1 1 1 0 1 1 1 0 0 1 1 1 1 1 0 1 1
53 30 24766 1 0 1 1 1 0 1 1 1 0 1 1 0 1 1 0 0 1 1 1 0 1 1 0 1 1 1 1 1 1
54 30 25376 1 1 1 1 0 1 0 0 1 1 1 1 0 1 0 1 1 0 1 1 1 0 1 0 1 1 0 1 1 1
55 30 26471 0 0 1 0 1 1 0 1 1 1 1 1 1 1 1 0 0 1 0 1 0 1 1 1 1 0 1 0 1 1
56 30 27298 0 1 1 1 0 1 1 1 0 1 0 1 1 1 1 1 0 1 1 1 0 0 0 1 1 1 1 0 1 1
57 30 26432 1 0 1 0 1 1 0 1 0 1 1 1 1 1 0 1 0 1 1 1 1 1 1 1 1 1 1 1 0 0
58 30 26102 1 1 1 1 0 1 1 1 0 1 0 0 1 1 1 0 1 1 1 1 1 1 0 1 1 1 0 0 0 1
59 30 26146 1 1 0 0 1 1 1 0 1 1 1 0 1 1 1 1 0 0 1 1 1 0 1 1 1 1 0 1 0 0
60 30 24719 1 1 1 1 0 1 1 1 1 0 1 0 1 1 1 1 0 1 1 1 1 1 0 0 1 0 0 0 1 1
61 30 24237 1 1 1 0 0 0 0 1 1 1 1 0 1 1 0 1 1 1 1 0 0 1 1 1 1 0 1 1 0 0
62 30 27788 0 1 1 1 1 1 1 0 1 1 1 0 1 1 1 0 1 0 0 0 1 1 1 1 1 1 1 0 1 1
63 30 25294 1 1 1 1 1 0 1 1 0 0 1 1 0 0 0 1 1 1 0 1 1 1 1 0 1 1 0 1 1 1
64 30 25811 1 1 1 1 1 1 1 1 0 1 0 0 1 1 0 0 1 1 1 1 1 1 0 0 0 1 1 1 1 0
65 30 24422 1 1 1 1 1 1 1 1 1 0 0 1 1 1 1 0 1 1 0 0 1 1 0 1 1 1 0 0 1 1
66 30 22653 0 0 1 1 1 1 0 1 0 1 1 1 1 0 1 0 0 1 1 1 1 0 1 1 1 1 0 1 1 0
67 30 27600 1 1 0 0 0 0 1 1 0 1 1 0 0 1 1 1 0 1 1 1 1 1 0 1 1 1 1 1 1 1
68 30 29542 0 1 0 1 0 1 1 1 1 0 0 1 1 1 0 0 1 1 1 1 1 0 1 1 1 1 1 0 1 0
69 30 25381 1 1 1 1 1 1 1 0 0 1 1 0 1 0 1 1 1 0 1 1 1 0 1 1 1 0 0 1 1 0
70 30 27818 1 1 0 0 1 1 1 1 0 0 0 0 1 1 0 1 1 0 1 1 0 0 1 1 1 1 1 1 1 1
71 30 26484 1 1 1 1 0 0 1 0 1 1 0 1 0 1 0 0 1 1 1 1 0 1 1 0 1 1 1 1 1 1
72 30 27251 1 0 1 1 1 0 0 0 1 0 1 1 1 1 0 1 1 1 0 1 1 1 1 0 1 0 1 1 1 1
73 30 24983 1 0 1 1 0 1 1 1 1 1 1 0 0 0 1 0 1 1 1 1 1 1 1 0 1 1 1 1 0 0
74 30 24309 0 0 0 0 1 1 1 1 1 1 1 1 1 1 0 0 1 0 1 1 1 1 1 1 1 1 1 0 0 1
75 30 22816 1 1 1 1 1 1 1 1 1 0 1 1 0 0 0 1 1 0 1 1 0 1 1 1 1 1 1 0 1 0
76 30 26938 1 1 1 1 1 1 1 1 1 1 1 1 0 1 1 0 0 0 0 1 0 1 1 0 1 1 1 0 0 1
77 30 26872 1 0 1 0 0 1 1 1 0 1 1 0 1 1 1 1 1 1 1 1 1 0 1 1 0 0 1 0 0 1
78 30 26443 1 0 1 1 1 1 1 0 0 1 1 1 1 1 1 0 0 1 1 0 1 1 1 1 0 1 1 1 1 0
79 30 27988 1 1 0 1 1 1 1 1 1 0 1 1 1 1 1 0 1 0 1 1 1 0 0 1 1 1 0 1 0 1
80 30 24562 1 1 1 1 1 0 0 1 1 0 1 1 0 1 1 1 0 1 1 1 1 1 0 1 1 0 1 0 1 0
81 30 27398 1 1 1 1 0 1 0 1 0 1 1 1 1 1 1 1 1 0 0 1 1 1 1 1 0 0 0 1 1 1
82 30 25286 1 1 0 1 1 1 0 0 1 1 0 1 1 0 0 1 1 1 1 1 1 0 1 0 1 1 1 1 1 1
83 30 28296 1 1 1 1 1 1 0 1 1 0 0 1 1 1 1 1 1 1 1 0 0 1 1 0 1 0 1 0 1 0
84 30 24538 0 1 1 1 0 0 1 1 1 1 0 1 1 1 0 1 1 0 1 1 1 1 0 1 0 1 1 0 1 1
85 30 26458 1 1 1 1 1 0 1 1 1 0 0 0 0 1 1 0 0 1 1 1 0 1 1 0 1 1 1 1 0 1
86 30 23162 1 1 1 0 1 1 0 1 1 0 1 0 0 0 0 1 1 1 0 1 0 1 1 1 1 1 1 1 1 1
87 30 24356 0 0 1 1 1 1 1 1 0 1 1 1 1 1 0 1 1 1 1 1 1 0 1 1 0 0 1 0 0 1
88 30 25957 0 1 1 0 0 0 1 1 1 0 1 1 1 0 1 1 1 1 0 1 1 0 1 1 1 1 1 1 1 1
89 30 30133 1 0 1 1 0 1 1 1 1 1 1 0 1 1 0 1 1 1 0 1 0 1 0 1 1 1 1 0 1 1
90 30 28197 1 0 0 1 1 1 0 1 1 1 1 1 0 1 0 0 1 1 0 1 1 1 1 1 1 1 0 0 1 1
91 30 24417 1 0 1 1 1 1 1 1 1 1 0 1 1 0 1 1 1 0 0 1 1 1 0 0 0 1 1 1 1 1
92 30 27153 1 1 0 1 0 1 1 0 1 1 1 0 1 1 1 0 0 1 0 1 1 1 1 1 1 0 1 1 0 1
93 30 25483 1 1 1 1 1 1 1 0 0 1 1 0 1 0 0 1 1 1 1 0 0 1 1 1 1 1 1 1 1 0
94 30 25255 1 1 1 1 0 1 1 1 1 0 1 1 1 1 1 0 0 1 1 1 1 0 1 0 0 1 1 1 1 0
95 30 28106 1 0 1 1 0 1 0 1 0 1 1 1 1 1 1 1 1 1 1 1 1 1 0 0 0 1 1 0 0 1
96 30 28773 1 0 0 1 1 1 1 1 1 1 1 1 1 1 0 0 0 1 1 0 1 0 1 0 1 1 1 1 0 0
97 30 24033 1 1 1 1 1 0 0 1 1 1 1 0 1 1 1 1 0 1 0 0 1 1 1 1 1 0 1 1 1 1
98 30 26010 1 1 1 0 0 0 1 0 1 1 1 1 1 1 0 1 1 1 1 1 0 0 0 1 1 1 1 1 1 1
99 30 27871 1 0 0 0 1 0 1 1 1 1 1 1 1 0 1 1 1 1 1 0 1 1 0 1 1 1 0 1 1 0
100 30 26180 1 0 0 0 1 1 1 1 0 1 0 1 1 1 1 1 0 0 1 1 1 1 0 1 1 1 1 1 0 1
