1 30 23255 1 1 1 0 0 1 1 1 1 0 1 0 0 1 1 1 1 1 0 1 1 0 1 1 1 0 1 1 1 1
2 30 25002 1 1 0 0 1 1 1 1 0 1 1 0 1 0 1 0 1 1 0 1 1 1 1 1 1 1 0 1 1 1
3 30 29495 1 0 0 1 0 1 1 0 1 1 1 1 0 0 1 0 1 1 1 1 1 0 1 0 1 1 1 1 1 1
4 30 26199 1 1 1 1 1 0 1 0 1 1 1 1 0 0 1 0 0 0 1 0 1 0 1 1 1 0 1 1 1 1
5 30 26891 1 0 1 0 1 1 1 1 1 0 1 1 0 1 1 0 1 1 1 0 1 1 1 0 1 1 1 0 1 1
6 30 28181 1 1 1 1 1 1 1 0 0 1 0 0 1 1 1 1 1 1 1 1 1 1 0 0 0 1 1 1 0 0
7 30 27628 1 0 1 0 0 0 1 0 0 1 0 1 1 1 0 1 1 1 1 1 1 1 1 1 1 1 1 1 1 1
8 30 28550 1 1 1 0 1 1 1 1 0 1 1 0 1 1 1 1 1 1 1 1 1 0 1 0 0 0 0 1 1 1
9 30 28233 1 1 1 1 1 0 0 0 1 1 1 1 1 1 0 1 0 1 1 0 0 1 1 1 1 1 1 0 1 1
10 30 28350 1 1 1 1 1 1 1 0 1 1 1 1 0 0 1 1 1 1 1 1 0 1 0 0 1 1 1 1 0 1
1 30 23485 1 1 1 0 0 1 1 0 1 1 0 1 1 1 1 1 1 0 1 1 1 0 0 1 1 1 1 1 1 1
2 30 24958 1 1 0 1 1 0 0 1 1 0 1 1 1 1 1 1 1 0 0 1 1 1 1 0 1 1 0 1 1 1
3 30 29498 1 1 0 0 0 1 0 1 1 1 1 1 1 0 0 1 1 1 1 1 1 0 1 0 1 1 1 1 1 0
4 30 26416 1 1 1 0 1 0 1 0 1 1 1 1 1 0 1 1 1 1 0 0 1 0 1 0 1 0 1 1 1 1
5 30 26898 1 1 0 0 0 1 1 1 1 0 0 1 0 1 1 1 1 1 1 1 1 1 1 0 1 1 1 0 1 1
6 30 28190 1 0 1 1 1 1 1 1 1 0 0 0 1 1 1 0 0 1 1 1 1 1 0 1 0 1 1 1 0 1
7 30 27625 0 0 1 1 0 1 1 0 1 1 1 1 1 1 1 0 1 0 1 0 1 1 1 0 1 1 1 1 1 1
8 30 28308 0 0 1 1 1 0 1 1 1 0 1 1 1 1 1 0 1 1 1 1 0 1 1 1 0 1 1 1 0 0
9 30 28226 1 1 1 1 0 0 0 1 1 1 1 1 1 1 0 0 1 1 1 0 0 0 1 1 1 1 1 1 1 1
10 30 28116 1 1 0 1 0 0 1 0 1 1 0 1 1 0 1 1 1 1 1 0 1 1 1 1 1 0 1 1 1 1
1 30 23759 1 1 1 1 1 1 1 0 1 1 1 1 0 1 1 1 1 1 0 1 1 0 1 1 0 0 1 1 1 1
2 30 24997 1 1 0 1 1 0 0 1 1 1 1 0 1 1 0 1 1 0 0 1 1 1 1 0 1 1 1 1 1 1
3 30 29005 0 1 1 1 1 0 1 0 1 0 1 1 0 1 1 0 0 1 1 0 1 0 0 1 1 0 1 1 1 1
4 30 26691 1 1 1 0 1 0 1 1 1 1 1 0 1 0 1 1 0 1 1 0 1 0 1 1 1 1 1 1 1 0
5 30 27127 1 1 0 1 1 0 0 1 1 1 0 1 0 1 1 1 1 1 1 1 1 1 0 1 1 1 1 0 1 1
6 30 28157 1 0 1 1 1 1 1 0 1 0 1 0 1 1 0 1 0 1 1 1 1 1 0 1 1 1 0 1 1 0
7 30 27828 1 0 1 0 0 1 1 0 0 1 1 1 1 1 1 1 1 0 1 1 0 1 1 1 1 1 1 1 1 1
8 30 28312 0 1 0 1 0 0 1 1 1 0 1 1 0 1 1 1 1 1 0 1 0 1 1 1 1 1 1 1 0 1
9 30 28204 1 1 1 1 0 0 1 0 1 1 1 1 1 1 0 1 0 1 1 1 0 0 1 1 1 1 1 1 1 0
10 30 28324 1 0 0 1 1 1 1 1 1 1 1 1 0 0 1 1 0 1 1 1 1 1 1 0 1 1 1 1 0 1
1 30 23268 1 1 1 1 0 1 1 0 1 1 0 1 1 1 1 1 1 1 0 0 1 1 0 1 1 0 1 1 0 1
2 30 24999 1 1 0 1 1 1 0 1 1 1 1 1 0 1 1 0 1 0 0 1 1 1 1 0 1 1 1 1 1 0
3 30 29748 1 0 1 1 0 1 0 0 1 1 1 1 0 1 1 1 1 1 1 1 1 1 0 0 1 0 1 1 1 1
4 30 26459 0 0 1 0 0 1 1 1 1 1 1 1 1 0 1 1 1 1 1 0 1 1 1 0 1 1 0 1 1 0
5 30 26884 1 0 0 1 1 1 1 0 1 1 1 1 0 0 1 0 1 1 1 1 0 1 1 0 1 1 1 1 1 1
6 30 27941 0 1 1 1 1 1 1 1 1 1 0 0 1 0 1 1 1 0 1 1 1 1 0 1 0 0 0 1 0 1
7 30 27371 1 1 1 1 0 0 1 0 1 0 1 1 1 1 0 1 1 1 0 1 1 1 0 1 1 1 0 1 0 1
8 30 28550 0 1 0 1 1 0 1 0 1 0 1 1 1 1 1 1 1 1 1 1 1 0 1 0 1 1 0 1 1 1
9 30 27975 1 1 1 1 0 1 1 0 1 1 1 1 1 1 0 1 0 1 0 1 1 1 1 0 1 1 0 0 1 0
10 30 28116 1 1 1 1 1 0 1 0 1 1 1 1 1 0 0 1 1 1 1 1 1 1 1 0 1 0 1 1 0 0
1 30 23523 1 1 1 0 1 1 1 0 1 1 1 1 1 1 1 1 1 0 1 1 1 0 1 0 1 0 1 1 1 0
2 30 24995 1 1 1 0 1 1 1 1 1 0 1 0 1 0 1 1 1 1 0 1 1 1 1 1 0 1 0 1 0 1
3 30 29728 0 0 1 1 0 1 0 1 1 1 1 1 1 1 0 1 1 1 1 1 1 1 1 1 0 0 1 1 0 1
4 30 26198 1 1 1 1 0 0 1 0 1 1 0 0 1 1 0 1 0 1 1 0 1 1 1 0 1 1 0 1 1 1
5 30 26884 1 1 1 1 1 0 0 1 1 1 1 1 1 1 1 0 1 0 1 0 0 1 0 1 0 1 1 1 1 1
6 30 27933 1 0 1 1 1 1 1 1 0 1 0 0 1 1 1 1 1 0 1 0 1 1 0 1 0 1 1 0 0 1
7 30 27771 1 0 1 0 1 0 1 0 1 1 1 1 1 1 1 1 1 1 1 0 0 1 1 1 1 1 1 1 0 1
8 30 28567 1 1 1 0 1 0 1 1 0 0 1 1 1 1 1 0 1 1 1 1 1 1 1 0 1 1 0 0 1 1
9 30 28219 1 1 1 1 0 1 0 1 1 1 1 1 1 1 0 1 0 1 1 1 1 0 0 0 1 1 1 0 1 1
10 30 28344 1 1 1 1 1 0 1 0 0 1 1 1 1 0 1 1 1 1 1 1 1 1 0 0 1 1 1 1 0 1
