1 15 5537 144 53 172 148 808 712 595 560 109 59 216 166 586 499 602 523 61 66 856 769 269 295 951 857 977 880 29 75 547 494
2 15 5036 470 445 200 178 610 520 401 366 89 129 702 632 297 291 32 56 936 843 334 256 30 89 671 584 572 518 350 279 602 576
3 15 7205 790 699 937 838 833 759 70 38 294 284 741 651 877 790 235 169 675 598 298 313 549 530 629 596 956 858 588 556 535 510
4 15 5505 216 258 427 394 67 35 72 26 650 593 708 648 248 167 962 866 607 563 454 437 751 684 307 302 813 716 448 427 152 82
5 15 6504 693 639 466 455 722 652 332 263 620 548 905 811 175 197 108 70 137 119 571 499 682 632 740 648 950 856 48 12 982 883
6 15 6822 219 141 643 571 261 292 503 436 928 841 516 459 672 613 944 854 208 144 575 541 770 704 731 637 839 748 617 555 102 136
7 15 4942 138 184 773 712 96 146 639 569 553 473 260 222 161 164 162 184 268 226 887 804 796 721 65 54 188 228 558 525 634 583
8 15 6471 872 782 769 677 733 673 586 495 383 395 266 189 637 571 264 277 283 246 676 581 890 804 528 511 232 228 646 606 324 238
9 15 6629 171 165 577 542 657 576 343 263 599 539 863 789 751 682 853 770 309 302 826 742 375 330 341 281 849 755 579 554 194 246
10 15 5350 265 241 398 358 970 876 457 460 185 227 875 789 423 348 232 171 300 265 223 191 944 847 777 695 245 281 75 135 319 307
11 15 4504 859 765 80 39 387 370 97 36 710 639 281 295 379 355 539 514 459 455 354 261 67 112 104 103 332 282 534 457 448 417
12 15 5263 295 269 203 252 288 253 789 695 124 156 167 149 801 732 71 60 52 100 822 736 468 416 857 781 118 184 711 635 813 736
13 15 6160 256 195 366 306 406 338 927 840 947 854 498 431 173 91 225 186 150 77 509 485 870 779 498 441 789 707 701 647 385 370
14 15 5572 274 197 443 448 300 279 110 61 604 537 234 263 378 389 386 399 622 557 500 409 659 563 928 832 269 219 348 334 910 816
15 15 5349 994 894 317 236 4 83 568 522 320 341 170 100 283 265 918 832 54 13 817 722 58 11 976 877 392 364 15 57 801 735
16 15 6526 324 232 788 706 898 806 260 196 632 542 963 866 660 564 332 291 774 689 324 350 855 756 207 247 537 482 71 5 533 497
17 15 6966 839 757 348 262 963 868 120 151 557 474 632 595 875 787 386 323 836 752 501 426 321 321 730 642 141 149 867 791 592 561
18 15 7243 591 528 151 194 653 613 473 407 955 859 999 899 635 570 658 567 673 621 590 507 957 858 228 170 524 444 494 487 473 393
19 15 6016 165 140 119 108 594 520 210 173 912 820 421 407 120 158 362 358 921 831 633 596 799 708 898 800 851 773 415 364 100 70
20 15 7197 439 435 724 646 150 172 826 745 877 782 959 860 904 819 3 48 798 715 865 789 75 137 318 254 711 617 413 418 935 845
21 15 4646 39 6 820 732 688 640 11 74 4 53 200 238 787 696 198 201 450 433 926 829 394 326 411 327 412 349 59 102 409 359
22 15 6084 192 182 16 67 979 880 754 663 135 111 273 262 869 789 909 819 465 443 299 299 358 327 967 870 613 519 460 449 316 329
23 15 6614 37 44 933 839 857 781 688 617 894 806 202 136 452 359 716 646 630 566 675 605 91 102 522 462 273 301 530 445 768 681
24 15 5549 724 632 525 445 779 704 43 121 567 511 908 825 141 146 144 130 365 330 931 836 75 83 176 103 749 668 284 219 526 442
25 15 6780 869 781 849 769 925 837 457 434 833 762 142 171 694 625 261 199 320 283 307 278 883 804 36 37 913 820 230 147 757 684
26 15 6237 812 738 236 180 436 355 665 591 906 811 558 467 381 288 472 381 876 785 364 328 465 428 429 353 771 694 267 177 159 168
27 15 6772 849 752 248 171 838 768 261 224 868 789 948 854 898 810 122 51 464 393 540 485 332 245 674 595 166 116 570 551 687 604
28 15 6278 873 791 990 891 950 856 78 95 530 493 156 130 494 466 72 123 259 262 916 829 882 791 294 324 229 271 530 511 595 533
29 15 6032 344 328 687 595 676 582 637 541 323 282 551 458 256 232 757 675 20 66 19 73 693 628 708 645 968 868 653 617 249 172
30 15 4872 607 518 754 700 82 52 573 554 375 387 648 583 9 11 100 155 288 290 457 453 75 87 484 477 281 283 869 788 489 465
31 15 6948 409 391 587 514 408 375 892 808 134 125 315 309 979 880 776 683 630 576 386 362 931 840 741 650 469 458 907 817 122 109
32 15 5983 771 679 815 749 537 483 135 107 595 501 99 130 311 317 119 164 237 198 531 462 924 836 753 686 552 491 933 837 167 220
33 15 6052 369 298 997 897 381 381 450 388 480 438 542 527 540 490 288 213 20 25 867 788 241 284 134 90 448 439 972 873 837 741
34 15 5771 642 567 84 128 512 497 389 398 155 215 828 754 789 725 978 880 364 313 89 140 762 670 447 391 15 67 218 131 942 851
35 15 5554 165 112 158 208 457 365 535 481 673 621 18 40 387 372 459 399 398 327 857 759 766 709 411 365 900 819 580 520 179 203
36 15 5300 924 827 909 813 657 612 63 116 338 350 674 590 420 356 156 140 197 178 790 720 325 268 658 601 90 146 84 51 341 296
37 15 6881 430 344 705 653 130 145 951 852 53 118 467 443 199 238 484 400 946 852 871 774 928 837 301 323 895 798 840 752 402 398
38 15 6576 665 596 140 127 836 765 965 867 355 281 520 425 673 610 101 46 736 653 864 767 957 861 138 189 703 631 345 270 222 197
39 15 6026 75 9 428 380 921 823 503 438 771 696 357 324 604 549 298 273 695 615 706 642 948 858 390 398 108 154 458 435 271 245
40 15 5596 482 435 365 362 74 146 117 133 643 558 736 677 500 455 584 517 359 320 639 574 968 870 422 390 751 662 21 54 334 354
41 15 6107 114 181 389 388 142 93 856 763 113 40 724 632 806 730 825 738 994 894 676 609 562 526 606 512 1 17 36 42 790 723
42 15 6368 695 617 322 300 597 573 767 669 382 391 752 680 780 691 52 30 11 34 155 170 919 824 783 710 895 807 217 159 633 598
43 15 6214 490 397 645 590 187 229 123 60 755 676 46 8 548 532 670 579 513 426 979 881 168 90 838 748 784 696 263 196 759 693
44 15 6877 808 736 623 539 179 125 371 332 968 870 993 895 465 401 879 793 558 480 110 43 188 102 681 636 516 426 352 343 906 813
45 15 6629 686 616 720 666 480 429 515 427 196 214 604 575 730 648 53 94 880 788 395 309 510 463 794 696 459 401 598 529 667 591
46 15 3996 426 345 257 297 567 528 463 385 796 724 84 28 246 286 675 582 187 173 244 239 125 96 517 494 364 336 40 44 4 29
47 15 5721 585 512 247 263 65 102 713 645 326 314 792 730 969 870 918 832 146 110 467 392 208 155 737 685 22 49 579 555 378 326
48 15 4741 187 160 79 21 461 428 943 852 219 226 299 223 526 484 645 596 369 302 107 57 548 512 16 33 654 561 490 418 384 316
49 15 7434 658 605 494 414 749 660 906 815 945 855 842 760 532 511 606 511 303 231 901 820 799 707 416 333 9 93 175 228 958 864
50 15 7608 964 869 490 469 372 286 938 839 630 583 549 473 540 512 422 333 846 765 877 787 801 714 625 594 350 261 147 98 960 865
51 15 4698 269 261 913 820 545 528 366 276 59 38 780 703 400 338 292 232 118 139 180 143 868 771 41 35 205 135 594 560 243 270
52 15 5740 465 437 367 299 940 844 419 421 511 463 500 476 840 742 183 188 397 356 737 643 197 164 337 349 348 287 933 845 1 10
53 15 5202 328 241 639 590 22 28 809 716 407 372 453 380 132 71 50 4 323 312 180 172 518 477 916 832 886 795 152 157 688 604
54 15 6453 435 441 140 172 379 334 638 551 497 467 334 315 631 583 140 81 718 660 982 884 806 710 804 731 662 580 650 568 251 214
55 15 6086 557 493 310 219 266 255 880 802 813 722 636 585 304 223 886 807 375 324 560 519 215 151 229 216 605 575 545 473 427 349
56 15 6036 745 694 463 461 775 678 369 373 407 318 491 465 379 350 824 726 382 369 45 36 32 12 500 458 914 826 478 425 742 654
57 15 7415 509 496 342 322 179 153 372 370 907 817 941 845 841 749 699 644 703 608 898 806 760 689 854 758 537 483 596 549 131 71
58 15 5472 180 212 410 357 470 468 62 101 151 70 717 647 253 284 452 433 332 350 939 842 24 74 256 182 998 898 769 707 828 734
59 15 6267 199 113 863 768 430 370 465 428 608 512 851 774 928 836 648 554 50 33 884 801 190 222 426 373 367 311 272 180 653 560
60 15 5299 69 77 824 745 651 574 516 450 290 238 633 591 10 4 797 719 245 232 603 534 281 222 279 238 898 801 22 71 506 465
61 15 7343 433 390 906 810 370 287 789 718 262 273 825 728 326 286 619 546 325 244 971 874 824 747 370 283 554 507 701 643 904 807
62 15 6507 826 740 268 289 461 372 964 870 6 17 904 813 511 425 927 838 320 233 94 164 436 363 637 548 895 807 270 184 615 530
63 15 6837 697 653 194 224 558 479 843 750 728 631 345 330 628 543 150 210 652 603 373 294 961 864 701 614 107 51 844 764 766 672
64 15 5541 343 314 11 5 869 782 894 807 522 443 365 361 84 7 456 393 625 538 449 372 7 9 174 188 915 826 302 279 911 821
65 15 5640 182 160 713 620 717 643 218 201 433 344 685 614 801 722 651 589 10 17 162 146 407 384 407 389 55 12 863 775 746 689
66 15 5591 59 112 75 42 167 180 799 715 890 807 983 885 74 143 648 593 674 589 32 93 809 721 212 261 218 216 587 517 762 700
67 15 6387 95 46 397 383 936 845 962 868 937 839 258 246 37 92 92 117 103 123 707 642 626 535 671 599 803 717 407 387 953 859
68 15 5816 833 759 489 416 336 343 242 206 482 467 642 565 78 121 798 708 930 834 106 47 640 567 556 519 397 340 279 208 462 432
69 15 6013 824 753 280 244 668 612 430 396 577 501 3 81 981 884 329 338 816 736 768 672 564 536 361 281 549 521 10 1 357 330
70 15 5889 566 529 583 497 541 518 880 793 934 844 840 765 10 17 319 321 585 519 315 275 386 382 17 104 676 620 141 82 569 486
71 15 6279 312 315 878 795 274 278 671 615 466 385 504 441 813 728 209 223 393 376 795 701 1 65 545 492 756 680 944 849 288 215
72 15 5717 597 554 696 618 57 117 127 41 676 603 88 117 546 527 528 445 177 168 515 474 391 357 952 858 864 772 569 475 364 309
73 15 4888 423 363 624 586 597 552 689 599 49 94 311 237 718 631 337 349 63 137 251 278 93 28 618 532 105 62 247 224 985 887
74 15 4849 201 110 985 886 112 31 315 243 652 581 860 769 305 289 397 384 176 110 442 435 155 141 286 236 1 31 670 602 505 450
75 15 6316 150 110 501 431 483 424 495 432 151 115 534 511 333 266 996 897 828 746 741 667 359 372 20 8 811 714 844 767 649 576
76 15 6820 695 631 714 646 217 167 378 284 156 185 364 335 853 774 855 766 182 226 364 302 543 527 714 626 647 578 906 823 937 844
77 15 5534 84 29 456 404 343 264 124 83 996 897 715 639 612 536 628 576 497 482 251 260 580 548 163 120 472 441 896 806 101 29
78 15 6868 903 820 996 897 298 271 23 14 238 217 773 710 302 291 478 417 903 819 604 524 764 701 431 343 821 733 894 799 157 139
79 15 5485 436 440 433 361 741 676 818 736 469 398 184 137 585 555 73 82 7 31 304 292 544 522 404 346 717 633 905 817 237 189
80 15 6096 983 885 289 264 40 2 644 597 277 184 89 39 826 759 738 677 160 134 55 130 755 688 769 687 711 639 426 417 858 766
81 15 5238 735 669 653 580 266 249 859 764 350 368 395 327 82 120 31 103 354 364 30 3 345 364 288 322 807 717 445 450 908 813
82 15 5800 726 664 642 547 77 97 109 25 958 860 182 167 231 261 587 541 851 760 994 895 230 257 762 692 257 274 423 347 222 181
83 15 5456 375 296 445 351 569 517 475 406 420 377 647 589 116 114 514 501 275 186 891 804 580 542 20 15 742 663 422 400 330 346
84 15 5792 773 702 382 349 183 182 736 647 145 122 675 608 924 837 311 303 356 316 389 400 125 106 597 515 543 477 878 796 224 198
85 15 5685 893 805 927 835 693 597 547 469 157 138 577 522 337 265 289 211 74 9 591 520 101 68 758 666 832 743 231 208 100 63
86 15 5285 214 144 306 269 810 741 685 636 226 252 487 468 123 47 409 361 52 95 661 603 275 238 618 524 676 587 916 831 149 113
87 15 6180 84 128 943 852 641 597 928 830 431 351 277 299 30 5 95 24 592 513 677 591 934 845 382 396 918 830 164 128 630 587
88 15 7114 459 454 629 533 747 685 685 592 998 898 766 687 824 747 594 511 265 286 100 31 757 681 943 854 374 297 401 361 351 269
89 15 5760 615 525 469 469 804 738 480 418 330 284 724 662 155 171 55 125 759 697 783 705 233 154 801 706 131 192 436 371 425 393
90 15 5187 865 773 203 249 484 406 271 241 353 365 483 394 624 556 961 862 315 234 808 738 150 153 104 142 297 305 11 55 555 539
91 15 6124 866 770 295 313 91 72 265 200 636 605 909 825 66 114 876 779 850 765 951 860 977 877 69 129 319 319 371 362 114 30
92 15 4529 558 538 815 723 267 177 255 282 625 574 196 185 287 263 521 481 5 43 147 130 343 355 60 98 352 296 411 359 820 729
93 15 5900 134 143 47 23 934 839 106 52 251 252 667 622 338 314 375 378 348 322 422 430 801 705 743 669 969 875 832 755 409 372
94 15 6217 512 445 136 53 280 217 281 284 7 91 601 562 953 860 424 361 277 278 670 624 834 755 886 790 379 348 950 856 582 497
95 15 6281 162 147 906 812 637 546 136 115 39 82 943 853 648 601 965 871 501 446 485 441 596 527 18 22 771 714 104 171 941 848
96 15 5768 76 95 394 327 763 675 814 748 470 393 241 202 31 36 711 622 597 571 863 780 502 429 6 3 131 192 754 687 857 764
97 15 8257 786 720 790 700 210 166 813 716 540 462 296 260 876 789 933 835 890 798 620 588 420 340 941 849 903 805 596 514 708 644
98 15 5182 178 143 403 325 775 710 155 84 824 735 616 575 539 488 487 403 39 47 489 477 328 320 394 320 67 35 564 539 620 532
99 15 7060 185 184 287 214 947 854 699 656 674 614 808 731 578 540 480 469 96 64 693 636 930 836 809 731 592 558 418 333 629 562
100 15 4958 569 542 637 591 409 398 613 573 565 524 124 176 208 189 815 747 408 399 131 181 545 507 247 225 565 503 15 15 347 338
