1 22 18711 0 1 0 1 1 1 0 0 1 0 1 1 0 1 1 1 1 0 1 1 0 1
2 22 18216 1 1 0 0 1 0 0 0 1 1 1 1 0 0 0 1 0 1 0 0 0 0
3 22 25069 1 1 1 0 0 0 1 1 0 1 1 1 1 0 1 1 0 1 1 1 1 0
4 22 28246 1 0 0 0 1 1 1 1 0 1 1 0 0 1 0 1 1 1 1 1 1 1
5 22 26578 1 1 0 1 1 1 1 1 0 1 1 1 1 1 1 1 0 1 1 1 0 0
6 22 27268 1 1 0 1 1 1 1 1 1 0 1 1 1 1 1 1 0 1 1 1 1 1
7 22 14610 0 0 1 1 0 0 0 0 0 1 1 0 0 0 0 0 0 0 1 1 1 0
8 22 21023 1 1 1 0 1 1 1 1 0 1 1 0 0 1 1 0 0 1 1 0 1 0
9 22 26749 1 0 1 1 1 0 1 1 1 1 1 1 1 0 1 0 1 1 1 1 1 0
10 22 16512 1 1 0 0 1 0 0 0 0 0 1 1 1 0 1 0 0 0 1 1 1 0
11 22 29721 1 0 1 1 1 1 1 1 1 1 1 1 1 1 1 1 1 1 1 1 1 1
12 22 21187 0 1 1 1 0 1 0 0 1 1 0 1 1 1 0 0 1 0 0 0 1 1
13 22 31040 1 1 1 1 1 1 1 1 1 1 0 1 1 1 0 1 0 1 1 1 1 1
14 22 29608 1 1 1 1 1 1 1 1 1 1 0 1 1 1 1 1 1 0 1 1 0 1
15 22 21181 1 0 0 1 1 1 1 1 1 1 0 1 1 1 1 1 0 0 1 1 1 1
16 22 14526 0 0 1 1 1 0 0 1 1 0 1 0 1 0 0 0 0 0 0 0 1 0
17 22 25840 1 1 0 0 0 1 1 1 1 1 1 1 0 1 1 1 1 0 1 1 1 1
18 22 23623 1 1 0 1 1 1 1 1 0 0 0 0 0 1 1 1 1 1 1 1 1 1
19 22 28092 1 1 0 1 1 1 1 1 1 1 1 0 1 1 1 1 1 1 1 1 1 1
20 22 1936 0 0 0 0 0 0 0 0 0 0 0 0 0 0 0 0 0 0 0 0 0 1
21 22 22395 0 1 1 1 0 1 0 1 1 1 1 0 1 1 1 1 0 0 0 0 0 0
22 22 9548 0 0 0 0 0 0 1 1 0 0 0 1 0 0 0 0 0 0 1 0 1 1
23 22 28931 1 1 1 1 1 1 1 1 1 0 1 1 1 1 1 1 1 1 1 1 1 0
24 22 22578 1 0 1 1 1 1 1 1 0 1 1 0 0 1 0 0 0 0 0 1 1 0
25 22 26051 1 1 1 0 0 1 1 1 1 1 1 1 1 0 0 1 1 0 0 1 0 1
26 22 32125 1 1 1 1 1 0 1 1 1 1 1 1 1 1 1 1 1 1 1 1 1 1
27 22 25235 1 1 1 1 1 1 1 1 1 1 1 1 1 1 0 1 1 1 1 1 1 1
28 22 25875 1 0 1 1 1 1 1 1 1 1 1 1 1 1 1 1 1 0 1 1 0 1
29 22 1393 0 0 0 0 0 0 0 0 0 0 1 0 0 0 0 0 0 0 0 0 0 1
30 22 22239 0 1 1 1 1 1 1 0 1 1 1 1 1 1 0 0 1 1 0 0 1 1
31 22 11567 0 0 1 1 0 0 0 0 0 1 0 1 0 1 0 1 1 0 1 1 0 0
32 22 15234 1 0 0 1 0 1 1 1 0 1 1 1 1 0 1 1 1 0 0 1 0 0
33 22 12429 1 0 0 1 1 0 1 0 0 0 1 0 1 0 1 0 0 0 1 1 1 0
34 22 16740 0 1 1 0 0 1 0 1 1 1 1 1 0 0 0 0 0 1 0 0 1 0
35 22 28959 0 1 1 0 1 1 0 1 1 1 1 0 1 1 1 1 0 1 1 1 1 0
36 22 22346 0 1 1 1 1 1 0 1 1 1 1 0 1 1 1 1 1 1 1 0 1 1
37 22 23719 1 1 1 1 0 1 1 1 1 1 1 1 1 1 1 1 1 1 1 1 1 1
38 22 27843 1 1 1 1 1 1 1 1 1 0 1 1 1 1 1 1 1 1 1 1 1 1
39 22 22968 1 1 1 1 1 1 0 1 0 1 1 0 1 1 1 1 0 0 1 1 1 1
40 22 20599 1 1 1 1 1 1 0 0 1 0 0 1 0 1 1 1 1 1 1 0 0 1
41 22 19584 1 1 1 0 1 0 0 0 0 0 1 1 1 0 1 1 0 0 1 0 0 0
42 22 5144 0 0 0 0 0 0 0 0 0 0 0 0 0 0 0 1 0 1 0 0 0 1
43 22 6870 0 1 0 1 0 0 0 0 0 0 0 0 0 0 0 1 0 1 0 0 0 0
44 22 21870 1 1 1 1 1 1 1 1 1 0 0 1 0 1 1 0 0 0 1 1 0 0
45 22 20185 1 0 0 0 1 1 1 0 0 1 1 1 1 0 0 1 1 0 1 1 1 1
46 22 25999 1 1 1 1 0 1 0 1 0 1 1 1 0 1 0 1 1 0 1 0 1 1
47 22 27863 1 1 1 1 1 1 0 1 1 1 1 1 0 1 1 1 1 1 1 1 0 1
48 22 7246 0 1 0 0 1 0 0 0 0 1 0 0 1 0 0 0 0 0 0 0 1 0
49 22 14882 1 1 1 1 0 1 0 1 0 0 0 0 0 0 0 0 0 0 1 1 1 0
50 22 21130 1 0 1 1 0 0 1 0 0 1 1 0 1 1 0 1 0 0 1 1 0 1
51 22 909 0 0 0 0 1 0 0 0 0 0 0 0 0 0 0 0 0 0 0 0 0 0
52 22 17335 0 0 0 0 0 1 1 1 1 1 1 1 0 0 0 1 1 1 0 1 0 1
53 22 22021 0 0 1 1 0 1 0 1 1 0 1 1 0 1 1 0 0 1 0 1 1 1
54 22 17677 0 1 0 1 1 1 1 1 0 0 0 0 1 1 0 1 0 1 1 1 0 0
55 22 22122 1 1 1 1 1 0 1 0 0 0 1 1 0 1 1 1 0 1 0 0 1 1
56 22 24804 0 1 1 0 1 0 1 1 1 0 1 1 1 1 1 0 1 1 1 1 1 0
57 22 22796 1 1 1 1 1 0 1 0 1 1 1 1 1 1 1 1 1 1 1 1 1 1
58 22 20241 1 0 1 1 0 1 0 1 1 1 1 0 1 1 0 0 0 1 1 0 1 0
59 22 21501 0 0 0 1 1 0 1 0 1 1 1 1 1 0 0 0 1 1 1 1 1 0
60 22 2753 0 0 0 0 0 1 0 0 0 1 0 0 0 0 0 0 0 1 0 0 0 0
61 22 27326 0 1 1 0 1 1 1 1 1 0 0 1 1 1 1 1 0 1 1 1 0 1
62 22 19173 1 0 1 0 1 0 1 1 0 1 0 1 0 1 0 0 0 0 1 1 0 0
63 22 28392 1 1 1 1 1 1 1 1 1 1 0 1 0 1 1 1 1 1 1 1 1 1
64 22 24617 1 1 1 1 1 1 0 0 1 0 1 1 1 0 1 1 1 1 1 0 0 1
65 22 22988 1 1 1 1 1 1 0 0 0 1 0 1 1 0 0 0 1 1 1 1 1 0
66 22 23728 1 0 1 1 0 0 1 0 1 1 1 1 1 1 1 1 1 0 0 1 1 1
67 22 22919 1 0 1 1 0 1 0 1 1 1 0 0 1 0 1 1 0 1 0 1 1 1
68 22 13530 0 1 0 1 1 1 1 0 1 0 0 1 0 0 0 1 0 0 0 0 1 0
69 22 17850 0 1 1 0 1 1 0 1 1 0 0 0 1 0 1 1 0 0 1 1 0 1
70 22 19848 0 1 0 1 0 0 1 0 1 0 1 0 0 1 1 0 1 1 0 1 0 1
71 22 14881 1 0 1 0 0 1 1 1 1 1 0 0 0 1 0 1 1 0 0 0 1 0
72 22 18279 1 1 0 0 0 0 0 1 0 1 0 0 1 1 0 1 0 1 1 1 1 1
73 22 27969 0 1 0 1 1 1 1 1 0 1 1 1 0 1 1 1 1 1 1 1 1 1
74 22 17084 1 0 0 1 0 0 0 1 1 1 0 0 1 1 1 0 1 1 0 1 0 0
75 22 6161 0 0 0 1 0 0 0 0 0 0 0 0 0 0 1 0 1 0 0 0 0 1
76 22 18001 1 0 1 1 1 1 1 0 0 0 1 0 0 0 0 1 1 0 0 1 1 1
77 22 25850 1 1 1 0 1 1 1 1 1 1 1 1 1 1 0 1 1 1 1 1 1 1
78 22 26353 1 1 1 1 1 1 0 1 0 1 0 1 1 1 1 1 1 1 1 1 1 1
79 22 10169 0 0 0 0 0 1 1 0 1 0 0 0 0 0 1 1 0 0 0 0 0 0
80 22 25252 1 1 1 0 1 0 0 1 1 1 1 1 1 1 0 1 1 0 1 1 0 0
81 22 18701 1 1 0 1 1 1 0 0 1 0 0 0 0 0 1 1 1 0 1 0 0 1
82 22 20186 1 0 1 1 1 1 1 1 1 1 1 1 1 1 1 1 1 1 1 0 1 1
83 22 11944 0 1 0 0 0 0 0 0 1 0 1 0 0 0 1 0 1 1 0 0 0 0
84 22 33484 1 1 1 1 1 1 1 1 1 1 0 1 1 1 1 1 1 1 1 1 1 1
85 22 29758 1 1 1 1 0 1 1 1 1 1 1 1 1 1 1 0 1 1 1 1 1 0
86 22 28002 1 1 0 1 1 1 1 1 1 1 0 1 1 1 1 1 1 1 1 1 1 1
87 22 22493 1 1 1 0 1 1 1 1 1 1 0 0 1 1 1 1 1 1 1 0 1 1
88 22 29281 0 1 1 1 1 0 1 1 1 1 1 1 1 1 1 1 1 0 1 0 1 1
89 22 21055 1 1 1 1 1 1 0 1 1 0 1 1 1 0 0 0 1 1 1 1 1 0
90 22 11801 1 0 0 1 1 0 0 1 0 0 0 0 1 0 0 0 0 0 0 0 1 1
91 22 24064 1 1 1 0 1 1 0 1 1 1 0 1 0 1 1 1 1 1 1 1 1 1
92 22 23693 0 1 1 1 1 1 1 1 1 1 1 1 0 1 1 0 0 1 1 1 1 1
93 22 21521 1 1 1 1 1 1 0 1 1 1 1 0 1 1 0 1 0 1 1 0 1 1
94 22 14877 0 1 0 1 1 0 1 1 1 0 0 1 1 0 0 0 1 0 1 0 0 0
95 22 28153 1 1 1 1 1 0 1 1 1 1 1 1 1 1 1 1 1 1 1 1 1 1
96 22 23583 0 0 1 1 1 1 1 1 0 1 1 1 1 1 1 0 1 0 1 1 1 1
97 22 10493 0 0 1 0 0 0 1 0 0 0 0 0 0 0 0 1 1 1 0 0 1 1
98 22 23226 1 1 0 1 0 0 1 0 1 1 0 1 0 0 1 1 1 0 1 1 1 0
99 22 19165 1 1 1 0 0 0 1 0 1 1 1 1 1 1 1 1 0 1 0 0 0 1
100 22 25710 1 1 1 1 0 1 1 1 1 0 1 1 1 1 1 1 1 1 1 1 1 1
101 22 19362 1 0 0 0 1 1 0 0 0 1 0 1 0 1 1 1 1 1 0 1 1 0
102 22 4719 1 0 0 0 0 0 0 0 0 0 0 0 0 0 1 0 1 0 0 1 0 0
103 22 13175 0 0 1 0 1 0 1 1 0 0 0 0 1 0 0 0 1 0 1 0 0 1
104 22 23446 0 0 1 0 1 1 0 1 1 0 1 1 0 1 1 1 1 1 1 1 1 1
105 22 25411 1 1 0 1 0 1 0 1 0 0 0 1 1 0 1 0 1 1 1 1 1 1
106 22 22552 0 1 1 0 1 0 1 1 1 1 0 0 1 1 1 0 1 0 1 0 0 1
107 22 25845 1 1 1 0 1 1 1 1 0 1 1 1 0 1 1 1 1 1 1 1 1 1
108 22 28311 1 1 1 1 1 1 1 1 0 1 1 1 1 1 1 0 0 1 1 1 1 1
109 22 11058 1 0 0 0 1 0 1 0 0 1 0 0 1 1 0 1 0 0 0 0 1 0
110 22 14995 0 0 1 0 1 1 0 0 0 0 1 1 1 0 0 1 0 1 0 1 1 0
111 22 25566 1 0 1 1 1 1 1 0 1 1 1 1 0 0 1 1 1 0 0 1 0 1
112 22 30492 1 1 0 1 0 1 1 1 1 1 1 1 1 1 1 0 1 1 1 1 1 1
113 22 29701 1 1 0 1 0 1 1 1 1 1 1 1 1 1 1 1 1 1 1 1 1 1
114 22 22468 1 0 1 1 0 0 0 1 1 1 1 1 1 1 1 1 1 1 0 1 1 0
115 22 27352 0 1 1 1 1 1 1 1 1 0 1 1 1 1 1 1 1 1 0 1 1 1
116 22 18714 1 0 1 0 0 1 0 0 1 1 1 0 0 1 0 1 1 0 1 0 1 0
117 22 10498 1 0 0 0 0 1 0 0 1 0 0 0 1 0 0 0 0 0 1 0 0 0
118 22 12341 1 0 0 1 0 0 1 0 0 1 0 0 0 1 1 0 1 0 0 0 0 0
119 22 26254 1 1 1 1 0 0 1 1 1 0 1 1 1 1 1 1 1 1 1 1 1 1
120 22 27370 1 1 1 1 1 1 1 1 1 1 1 1 1 1 0 1 1 1 1 1 1 1
121 22 8373 0 1 1 1 0 0 1 0 1 0 0 0 0 0 0 0 0 0 0 0 0 1
122 22 14597 0 1 0 1 0 0 0 1 0 0 1 0 1 0 0 1 1 0 1 0 1 0
123 22 19111 1 1 0 0 1 1 1 1 1 0 1 1 1 1 1 1 1 1 1 1 1 1
124 22 21081 1 0 1 1 1 1 0 1 1 0 0 1 1 0 1 1 0 1 1 0 1 1
125 22 29753 0 0 1 1 1 1 1 1 0 1 0 1 1 1 1 1 1 1 1 1 1 1
126 22 14307 1 1 1 0 1 0 0 1 0 0 0 0 1 0 1 0 0 1 0 1 0 0
127 22 18104 0 1 1 0 0 1 1 0 1 0 1 0 1 0 0 1 0 1 1 0 0 0
128 22 16626 0 1 0 1 1 0 1 1 0 1 1 0 1 1 0 1 0 1 1 0 1 0
129 22 4288 0 0 0 0 0 0 0 0 0 0 0 1 0 0 1 0 0 0 0 0 0 0
130 22 22523 1 1 0 1 1 1 1 0 0 0 1 0 1 0 0 0 1 0 0 1 1 1
131 22 7265 0 0 0 0 0 0 0 1 1 0 0 0 1 1 0 0 0 0 0 0 0 0
132 22 25928 0 0 1 1 1 1 0 1 1 1 1 1 0 0 0 0 1 1 1 1 1 1
133 22 21717 1 0 0 1 1 0 1 1 0 1 0 1 0 1 1 1 0 1 1 1 1 1
134 22 13310 0 0 1 0 1 0 0 1 1 1 1 0 1 0 0 0 1 0 0 0 1 0
135 22 20292 1 1 1 1 1 1 1 0 1 1 1 0 1 1 0 0 0 0 1 1 1 1
136 22 24624 1 1 1 1 1 1 1 1 0 1 1 1 1 0 0 1 1 1 1 1 0 0
137 22 18114 1 1 1 0 0 0 1 1 0 1 0 0 0 1 1 1 1 0 1 0 1 0
138 22 30251 1 1 1 1 0 1 1 1 1 1 1 1 1 1 1 1 1 1 1 1 0 1
139 22 25608 1 1 1 1 1 1 1 0 1 1 0 1 1 1 1 1 1 1 1 1 1 0
140 22 25030 1 1 1 1 1 1 1 0 0 1 1 1 1 1 1 1 1 1 1 1 1 0
141 22 11612 0 0 1 0 0 0 1 0 1 0 0 1 1 1 0 0 0 1 0 0 0 0
142 22 20238 1 1 1 1 0 0 0 1 1 0 0 0 0 0 0 1 1 1 1 1 1 0
143 22 19652 1 1 1 1 1 0 0 1 1 1 1 0 1 1 1 1 1 1 0 1 1 1
144 22 6636 0 0 0 1 0 0 0 0 0 0 0 0 0 1 0 0 0 0 0 1 0 0
145 22 28525 1 1 1 1 1 1 0 0 1 1 1 1 1 1 1 1 1 1 1 1 0 1
146 22 14739 0 0 0 0 1 1 1 1 1 1 1 1 0 0 0 0 0 0 0 1 0 0
147 22 20568 0 1 0 1 1 1 1 0 0 0 0 1 1 0 0 0 1 1 1 1 1 0
148 22 26823 0 1 1 1 1 1 0 1 1 1 0 1 1 1 1 0 1 1 1 1 1 1
149 22 17940 0 1 1 1 1 0 0 1 1 0 0 0 1 1 1 0 0 1 1 0 1 1
150 22 21644 1 1 1 1 1 1 0 1 0 1 0 1 1 1 1 0 1 1 0 1 1 0
151 22 27979 1 1 1 1 1 1 1 1 1 1 1 1 1 1 1 1 0 1 1 1 1 1
152 22 5658 0 1 0 0 0 0 0 0 1 0 1 0 0 1 0 0 0 0 0 0 0 0
153 22 32464 1 1 1 1 1 1 1 1 1 1 1 1 1 1 1 0 1 1 1 1 1 1
154 22 22544 1 1 1 1 1 1 1 1 1 1 1 1 1 1 1 1 1 0 1 1 1 0
155 22 26961 1 0 1 1 1 1 0 1 1 1 1 1 1 0 1 1 1 1 1 1 1 1
156 22 3112 0 0 0 0 0 0 0 0 0 0 0 0 0 0 0 0 0 0 0 1 1 0
157 22 4385 1 0 0 0 0 0 0 0 0 0 0 0 0 0 1 0 0 0 0 0 0 0
158 22 20678 1 0 0 1 1 1 1 1 1 0 1 1 0 1 1 0 0 0 1 0 0 0
159 22 23519 1 1 1 1 1 1 1 1 1 1 0 1 1 0 1 1 1 1 1 0 0 1
160 22 19770 0 0 0 0 1 1 0 0 0 1 1 0 1 1 0 1 1 1 0 1 1 1
161 22 17475 1 0 0 0 0 0 1 0 0 1 0 0 1 0 0 1 1 0 1 1 0 1
162 22 19009 1 0 1 1 0 0 0 1 1 0 1 1 1 1 0 1 0 0 0 1 0 1
163 22 3945 0 0 1 0 0 1 0 0 0 0 0 0 0 0 0 0 0 1 0 0 0 0
164 22 4814 0 0 0 0 0 0 1 0 1 0 0 1 0 0 0 0 0 0 0 0 0 0
165 22 22291 1 1 0 0 0 1 1 1 1 1 1 1 1 0 1 1 1 0 1 1 1 1
166 22 25750 1 1 1 1 1 1 0 1 1 1 1 1 1 1 0 0 1 1 1 1 0 1
167 22 3927 1 1 0 1 0 0 0 0 0 0 0 0 0 0 0 0 0 0 1 0 0 0
168 22 5091 0 0 1 0 0 0 0 1 0 0 0 0 0 0 0 1 0 0 0 1 0 0
169 22 20667 1 1 1 1 1 1 1 1 1 1 1 1 0 1 1 1 1 0 1 1 1 1
170 22 25481 1 1 1 1 1 1 1 1 0 1 0 0 0 1 0 0 1 1 1 0 1 0
171 22 13763 1 1 0 0 1 0 1 1 0 0 0 0 0 1 0 0 0 0 1 1 0 0
172 22 18370 0 0 1 0 1 1 0 1 1 0 1 0 0 1 0 0 0 1 0 0 1 1
173 22 19652 1 1 0 0 1 1 0 1 1 0 1 0 0 1 1 1 1 0 0 1 0 1
174 22 16006 0 1 1 0 0 1 0 1 0 0 1 0 0 1 0 1 0 0 0 1 1 1
175 22 21661 1 1 0 1 1 1 1 0 0 0 1 1 1 1 1 1 1 1 1 1 1 1
176 22 10068 0 0 1 0 0 0 0 0 1 0 1 0 0 0 0 1 0 0 1 1 0 0
177 22 21904 0 1 1 1 1 1 1 1 1 1 1 1 1 1 1 1 1 1 1 1 1 1
178 22 27549 1 0 1 1 1 0 1 1 1 1 1 1 1 1 1 1 0 1 1 1 1 1
179 22 13358 1 1 0 0 1 1 1 1 1 0 0 0 1 0 0 1 0 0 1 0 0 0
180 22 29157 0 1 1 1 1 1 1 1 0 0 1 1 1 1 1 1 1 1 1 0 1 1
181 22 23850 1 0 1 0 1 1 1 1 1 0 0 1 1 1 1 1 1 1 1 0 0 1
182 22 2232 0 0 0 0 0 0 0 0 0 0 0 0 0 0 0 0 0 0 0 0 0 1
183 22 15079 0 0 1 1 1 0 1 0 0 0 0 0 1 1 1 1 0 0 1 0 1 0
184 22 25562 1 1 1 1 1 0 0 1 1 1 1 0 1 1 1 0 1 1 1 0 0 1
185 22 22982 0 1 1 1 1 1 1 0 0 0 1 1 1 0 1 0 1 1 1 1 1 1
186 22 30750 1 1 1 1 1 1 1 1 1 1 1 1 1 1 1 1 1 1 1 1 1 0
187 22 15465 0 0 1 0 0 1 0 1 0 0 1 0 0 0 0 1 1 1 1 0 1 1
188 22 28712 1 0 1 1 1 1 0 1 0 1 1 1 1 1 1 1 1 1 1 1 0 0
189 22 22937 1 1 1 1 1 1 1 1 1 1 1 1 1 0 1 1 1 1 1 1 1 1
190 22 15213 0 0 1 0 1 0 1 1 1 0 0 1 1 1 0 0 0 0 0 0 0 1
191 22 24057 1 0 1 1 1 1 1 0 1 0 1 1 1 1 0 1 0 1 1 1 1 0
192 22 29624 1 1 1 1 1 0 1 1 1 1 1 1 1 1 1 1 1 1 1 1 1 1
193 22 6563 1 0 0 0 0 0 0 0 0 0 0 0 0 0 0 1 0 1 0 0 0 0
194 22 24564 1 0 1 1 1 1 1 1 1 1 1 1 1 1 1 1 1 1 1 1 0 1
195 22 9990 0 0 0 0 0 0 1 0 0 0 0 1 0 1 1 0 1 0 0 0 1 0
196 22 17972 0 1 1 1 0 1 1 0 1 0 1 1 0 0 1 1 0 1 1 1 1 1
197 22 19132 0 0 1 0 1 1 1 1 0 0 1 1 0 1 1 1 0 0 0 1 1 1
198 22 22780 1 1 1 1 1 0 0 1 0 1 1 1 1 1 0 1 1 1 1 1 1 1
199 22 25462 1 1 1 1 0 0 1 1 1 1 1 1 0 0 1 1 0 1 0 1 1 0
200 22 31084 1 1 1 1 1 1 0 1 1 1 1 1 1 1 1 1 1 1 1 1 1 1
201 22 28292 1 1 1 1 1 1 0 1 1 1 1 1 1 1 1 1 1 1 1 1 1 1
202 22 1559 0 0 0 0 0 0 0 0 0 1 0 0 0 0 0 0 0 0 0 0 0 0
203 22 36468 1 1 1 0 1 1 1 1 1 1 1 1 1 1 1 1 1 1 1 1 1 1
204 22 19637 1 1 1 0 1 0 0 0 1 1 1 1 1 0 1 0 0 1 0 1 0 0
205 22 28944 1 1 1 0 1 1 1 1 1 1 1 1 1 1 1 1 0 1 1 0 1 1
206 22 9041 0 0 0 1 0 0 0 0 1 1 1 0 0 1 0 0 0 0 0 0 1 1
207 22 21790 1 1 1 0 1 1 0 1 1 1 1 1 1 1 1 1 1 1 1 1 1 0
208 22 22880 1 1 1 1 1 1 0 1 0 1 0 1 0 1 0 1 0 0 0 1 0 1
209 22 23419 0 1 1 0 1 1 1 1 1 1 0 1 1 1 1 1 1 1 1 0 1 1
210 22 19433 1 0 1 0 0 0 1 1 1 0 1 1 0 0 0 1 1 1 1 1 0 0
211 22 28060 1 1 1 1 1 1 1 1 1 0 1 1 1 1 1 1 1 1 1 1 1 1
212 22 22496 1 1 1 0 1 1 1 1 1 1 1 1 1 1 1 1 1 1 1 1 1 1
213 22 18404 0 0 1 1 1 0 0 1 1 0 0 0 1 0 0 1 0 0 1 1 1 0
214 22 22417 1 1 0 1 1 1 1 1 1 1 1 1 1 0 0 1 1 1 1 0 0 0
215 22 25485 0 0 1 1 0 1 1 0 1 0 0 1 1 1 1 1 0 1 0 1 0 1
216 22 8450 0 1 0 1 1 0 0 0 0 0 0 0 1 0 0 0 0 0 0 0 1 0
217 22 19986 0 1 0 1 1 1 1 1 0 0 0 0 1 0 1 1 1 0 1 1 0 0
218 22 16136 0 1 0 0 0 0 1 1 0 0 1 0 0 1 0 1 1 0 1 1 0 0
219 22 23493 1 1 1 0 1 0 1 1 1 1 0 1 1 1 1 0 0 1 0 1 0 1
220 22 17998 0 0 1 1 0 1 1 1 1 1 0 1 0 0 0 0 1 0 1 0 1 0
221 22 13080 0 1 0 1 0 0 0 1 1 1 0 0 1 0 1 1 0 1 1 0 0 0
222 22 12284 1 0 0 0 1 0 0 0 0 0 1 1 0 1 1 0 0 1 0 0 1 1
223 22 29706 1 1 1 1 1 1 1 0 1 1 1 1 1 0 1 1 1 0 1 1 1 1
224 22 26765 1 1 1 0 1 1 1 1 1 1 1 1 1 1 0 1 1 0 1 1 1 1
225 22 21288 1 0 0 1 1 0 0 0 0 1 1 0 0 1 0 1 1 0 1 1 1 1
226 22 27662 1 1 1 1 1 1 1 1 0 1 1 1 1 1 1 1 1 1 1 1 1 1
227 22 25543 1 1 1 1 1 1 1 1 1 0 1 1 0 0 1 1 1 1 0 1 1 0
228 22 17059 1 0 1 0 1 1 1 1 0 1 1 0 1 0 0 0 0 1 0 0 0 0
229 22 24942 0 1 1 0 1 0 1 0 1 1 0 1 0 0 1 1 0 1 1 1 1 1
230 22 4909 0 0 0 1 0 1 0 0 0 0 0 1 0 0 0 0 0 0 0 0 0 0
231 22 29715 1 1 1 1 1 1 1 1 1 1 1 1 1 1 1 1 0 1 0 1 1 1
232 22 24804 1 0 1 0 1 1 1 0 1 1 0 0 1 0 1 0 1 0 1 1 1 1
233 22 16243 1 0 0 0 0 1 1 1 0 0 0 0 1 1 0 1 1 0 1 0 1 0
234 22 27215 1 1 1 1 1 1 1 1 1 1 1 1 1 1 1 1 1 1 1 1 0 1
235 22 15049 1 0 1 0 0 1 1 0 1 1 1 0 1 1 1 0 0 1 0 0 0 1
236 22 21785 1 1 1 1 1 1 1 0 0 1 1 1 1 1 1 1 1 1 1 1 1 1
237 22 21183 1 0 0 1 0 1 0 1 1 1 1 0 1 1 0 0 0 1 1 0 1 0
238 22 15599 0 0 1 0 1 1 0 0 1 0 1 1 1 0 0 0 1 0 0 0 1 1
239 22 25940 1 1 0 1 1 1 1 1 1 1 0 1 1 1 1 0 1 0 1 1 1 1
240 22 22776 1 0 1 1 1 1 0 1 1 1 1 1 0 0 1 1 0 1 1 1 1 1
241 22 26937 1 1 1 0 0 0 1 1 1 1 1 1 1 1 1 0 1 0 1 1 0 1
242 22 8663 0 0 0 0 1 0 0 0 0 0 1 1 0 1 0 0 0 0 0 0 1 0
243 22 29699 1 1 1 1 0 1 1 0 1 1 1 1 1 1 1 1 1 1 1 1 1 1
244 22 22383 0 1 0 1 0 1 1 1 1 1 1 1 1 0 0 1 1 1 0 1 1 0
245 22 11912 1 0 0 0 1 0 1 1 0 0 0 1 0 1 0 1 0 0 0 0 1 0
246 22 24687 1 1 0 1 1 0 1 1 1 0 1 1 1 1 1 0 0 0 1 1 0 1
247 22 10436 1 0 0 1 0 0 0 0 1 0 0 0 0 0 1 1 0 0 0 0 1 0
248 22 32540 1 1 1 1 1 1 1 1 1 1 1 1 1 0 1 1 1 1 1 1 1 1
249 22 26492 1 1 0 0 1 1 0 1 1 0 1 0 1 0 1 1 1 1 1 1 1 1
250 22 26806 1 1 1 1 1 1 1 1 1 1 1 1 1 0 1 1 1 1 1 1 1 1
251 22 19453 1 0 1 0 0 1 1 0 1 0 1 1 0 0 0 1 0 1 1 1 0 1
252 22 31599 1 1 1 1 1 1 1 1 1 1 1 1 0 1 1 1 1 0 1 1 1 0
253 22 7911 1 1 0 0 0 0 0 1 0 1 0 0 0 0 1 0 0 0 0 0 0 1
254 22 23870 1 1 1 1 1 1 0 1 1 1 1 1 0 1 1 1 1 0 1 1 1 1
255 22 11447 0 0 1 1 0 0 0 1 1 0 0 0 0 0 1 0 1 0 0 0 0 1
256 22 23258 1 1 0 1 1 1 1 1 1 1 1 0 0 1 1 1 0 1 1 0 1 1
257 22 9885 0 0 1 0 0 0 0 0 0 0 0 1 1 1 0 0 1 1 0 0 0 1
258 22 29300 1 1 0 1 1 1 1 1 0 1 1 0 0 1 1 1 1 0 1 0 1 1
259 22 18336 1 0 1 0 1 1 0 0 0 0 0 0 1 0 1 1 0 0 1 1 0 1
260 22 9944 0 1 0 0 0 0 0 0 0 1 0 1 1 0 0 0 1 0 1 1 0 0
261 22 12844 1 0 0 0 0 0 1 0 0 1 0 0 0 1 1 0 0 0 0 1 1 1
262 22 3943 0 1 0 0 0 0 0 0 0 0 0 1 0 1 0 0 0 0 0 0 0 0
263 22 20983 1 1 1 1 1 1 1 1 1 1 1 1 1 1 0 1 1 1 1 1 1 1
264 22 25565 1 1 1 0 1 0 1 1 0 1 0 1 1 1 1 1 1 1 1 0 1 0
265 22 20074 1 0 1 1 0 0 1 0 1 0 1 1 0 1 0 1 0 0 0 1 1 1
266 22 24015 1 1 1 0 0 1 1 1 1 1 1 0 1 1 1 1 1 0 0 1 1 1
267 22 11591 0 0 1 0 1 0 1 0 0 0 0 1 0 0 1 0 0 0 0 0 1 0
268 22 26742 1 1 0 1 0 1 1 1 1 0 1 1 1 1 1 1 1 1 0 1 1 1
269 22 27666 1 1 0 1 1 1 1 1 1 1 1 1 1 1 1 0 1 1 0 1 1 1
270 22 20882 0 1 0 1 0 1 1 0 0 0 1 1 0 1 1 1 0 1 0 1 1 1
271 22 26904 1 1 1 1 1 1 1 0 1 1 1 1 1 1 0 1 1 1 1 1 1 1
272 22 23705 1 1 1 1 1 0 0 1 0 1 1 1 1 1 0 1 0 0 1 1 1 1
273 22 22029 0 1 0 1 0 1 1 1 0 1 1 1 1 1 1 1 1 1 1 0 1 1
274 22 11158 0 1 1 0 0 0 0 1 1 1 0 0 1 0 0 1 0 0 0 0 0 1
275 22 21325 1 1 1 1 1 0 0 0 0 1 1 1 1 0 1 1 1 0 0 1 0 1
276 22 17358 0 0 1 0 0 1 1 1 0 1 0 1 1 0 0 1 1 1 1 0 0 0
277 22 23055 1 0 0 0 0 1 1 1 0 0 1 1 1 1 1 1 1 0 1 1 1 0
278 22 12591 0 0 1 0 1 1 0 0 0 0 1 1 1 0 0 0 0 0 1 0 1 0
279 22 25192 1 1 1 1 1 1 1 1 1 0 1 0 1 0 1 0 1 1 0 0 1 0
280 22 19464 0 1 1 1 1 0 0 0 1 1 1 0 1 0 0 1 0 0 1 1 0 1
281 22 15624 1 0 0 1 0 0 1 1 0 1 1 1 1 0 0 0 0 0 0 0 1 1
282 22 18482 1 1 1 1 1 0 1 1 0 0 0 0 0 1 0 1 1 1 1 1 1 0
283 22 22032 0 1 1 1 1 1 1 1 1 1 1 1 1 1 1 1 1 1 1 1 1 1
284 22 25336 0 1 1 1 1 1 1 1 1 1 1 0 0 1 1 1 1 1 0 0 1 0
285 22 16290 0 1 0 1 1 0 1 0 1 1 1 0 0 1 1 0 1 1 0 0 0 0
286 22 1263 0 0 0 1 0 0 0 0 0 0 0 0 0 0 0 0 0 0 0 0 0 0
287 22 25843 0 1 1 1 1 1 1 1 1 1 1 1 1 1 1 0 1 1 1 1 1 1
288 22 5441 0 0 0 0 0 0 1 0 0 0 0 1 1 0 0 0 0 0 0 0 1 0
289 22 20545 0 0 1 1 1 0 0 0 0 1 1 0 0 1 0 1 1 0 1 1 1 1
290 22 21234 1 1 0 0 1 1 0 1 1 0 0 0 1 0 1 1 0 1 1 1 1 1
291 22 17903 0 0 1 0 1 1 1 0 0 0 0 1 1 1 0 0 1 1 1 1 1 1
292 22 22842 0 1 1 1 0 1 1 1 0 1 1 1 1 1 0 1 0 1 1 1 1 0
293 22 9937 0 1 0 1 1 0 0 0 0 0 0 0 0 1 1 0 0 1 0 0 0 0
294 22 22761 1 0 0 1 1 1 1 1 1 1 1 0 1 1 0 1 1 1 0 1 1 1
295 22 2217 0 0 0 0 0 0 0 0 0 1 0 0 0 0 0 0 0 0 0 0 0 0
296 22 32135 0 1 1 1 1 1 1 1 1 1 1 0 1 1 1 1 1 1 1 1 1 1
297 22 23300 0 1 0 1 0 0 1 1 1 1 1 1 1 1 1 1 1 1 0 1 0 1
298 22 13075 0 1 0 0 1 0 0 0 0 1 0 0 1 1 1 0 1 1 0 0 1 0
299 22 29100 1 1 1 1 1 1 1 1 1 1 1 1 0 1 0 1 1 1 1 1 1 1
300 22 25547 1 1 1 1 1 1 1 1 1 0 1 1 1 1 1 1 1 1 1 1 1 1
301 22 16641 1 0 1 0 1 0 1 1 1 1 1 0 0 0 0 0 0 0 0 1 0 1
302 22 20520 1 1 1 1 0 0 1 0 0 1 1 1 1 1 0 0 1 1 1 1 0 1
303 22 19776 0 0 1 1 1 1 0 0 1 0 1 0 0 0 0 0 1 1 1 1 0 1
304 22 27922 0 1 1 1 1 0 1 0 0 1 1 0 0 1 1 1 1 1 1 1 1 0
305 22 18080 1 0 1 1 1 0 1 1 0 1 1 0 1 1 0 0 1 0 0 0 0 0
306 22 29272 1 1 0 1 1 0 1 1 1 1 1 1 1 1 1 1 1 1 1 0 1 1
307 22 27098 1 1 1 0 0 1 1 0 1 0 1 1 1 1 1 1 1 1 1 1 1 1
308 22 10062 1 0 0 0 0 1 0 0 0 0 0 1 1 0 0 0 0 1 0 0 0 1
309 22 28750 1 1 0 1 0 1 1 0 1 1 1 1 0 1 1 0 1 1 0 1 1 1
310 22 29608 1 1 0 1 1 1 1 1 1 1 1 1 1 1 1 1 1 1 1 1 1 1
311 22 15584 1 1 0 0 0 1 0 0 0 1 1 1 0 0 1 1 0 0 0 0 1 1
312 22 24508 1 1 1 1 1 1 1 0 1 1 1 1 1 1 1 1 1 1 1 1 1 1
313 22 24601 1 0 1 1 1 0 1 1 1 1 0 1 1 1 1 1 0 1 1 0 1 1
314 22 18880 0 0 0 1 0 1 0 0 0 1 1 0 1 1 0 1 1 1 1 1 1 1
315 22 12930 1 0 0 1 0 0 0 0 0 1 0 1 1 0 0 0 1 0 0 0 1 0
316 22 21484 0 0 1 1 0 1 0 1 1 1 1 0 0 1 0 1 0 1 1 1 1 1
317 22 27722 0 0 1 1 1 1 1 1 1 1 1 1 1 1 0 1 1 1 0 1 1 1
318 22 24254 0 1 1 1 1 1 1 1 1 0 1 1 1 1 1 1 1 1 1 1 1 1
319 22 9664 0 0 0 0 0 1 0 0 0 0 0 0 1 0 0 0 0 1 1 0 0 1
320 22 25895 0 1 1 1 1 1 1 1 1 0 1 1 1 1 0 1 1 0 1 1 1 1
321 22 13954 0 0 1 1 0 0 1 0 0 1 1 0 1 0 1 1 0 0 0 0 1 0
322 22 12722 0 0 0 0 1 0 1 0 0 1 1 1 1 0 0 0 0 1 1 0 0 0
323 22 14591 1 0 0 1 0 1 1 1 0 0 0 1 1 0 0 0 0 0 0 1 0 0
324 22 21781 0 1 1 1 0 1 1 0 1 1 0 1 0 1 1 1 1 1 1 1 0 1
325 22 18974 1 1 1 0 0 1 1 1 1 1 0 1 1 0 0 0 1 1 0 1 0 1
326 22 26104 0 1 0 1 1 1 1 0 1 1 1 1 1 1 1 0 1 1 0 1 0 0
327 22 7921 0 0 0 0 0 0 0 0 1 0 0 0 1 0 1 0 0 0 1 0 0 0
328 22 24851 1 1 1 0 1 1 0 1 1 0 1 1 1 1 1 1 1 1 0 1 1 1
329 22 16324 0 0 0 1 1 0 0 0 0 1 1 1 1 1 1 0 1 1 0 1 0 0
330 22 21970 1 1 1 0 1 1 1 0 0 1 1 1 0 1 0 1 0 0 0 1 1 0
331 22 29975 0 0 1 0 1 0 1 1 1 1 1 1 1 1 1 1 1 1 1 1 0 1
332 22 20679 1 0 1 0 1 1 1 0 1 1 1 1 0 0 1 1 1 1 1 1 1 1
333 22 25183 1 1 0 0 1 1 1 1 0 1 1 1 1 1 1 0 1 1 0 1 0 1
334 22 24372 0 1 1 0 1 1 1 1 1 1 1 1 1 0 1 1 1 0 1 1 1 1
335 22 8656 1 1 0 0 1 0 0 0 0 1 0 0 0 0 0 0 0 0 0 1 0 0
336 22 2452 0 0 0 0 0 0 0 0 0 0 0 0 0 0 1 0 0 0 1 0 0 0
337 22 4476 0 0 0 0 0 0 0 0 0 0 1 1 1 0 0 0 0 0 0 1 0 0
338 22 20988 0 1 1 1 1 1 1 1 0 0 1 1 1 0 1 1 1 1 1 1 1 1
339 22 18813 1 1 1 1 1 0 0 1 0 1 1 1 1 0 0 1 1 0 0 1 0 1
340 22 22005 1 1 0 1 0 1 1 1 1 1 1 1 0 1 1 0 1 0 1 1 1 1
341 22 25213 1 1 0 1 1 1 1 1 1 1 1 1 1 1 1 1 1 1 1 1 1 1
342 22 25677 1 1 1 1 1 1 1 0 1 0 0 1 1 1 1 1 1 1 1 1 1 1
343 22 25920 1 1 1 1 1 0 0 1 1 1 1 0 1 1 0 0 1 1 1 0 1 1
344 22 15378 0 1 1 0 0 0 1 0 1 0 1 1 0 0 1 0 0 1 0 1 0 0
345 22 13878 0 0 0 1 1 0 0 0 0 1 1 0 1 1 0 0 0 1 0 1 1 0
346 22 28182 1 1 1 1 1 1 1 1 1 0 1 1 1 0 1 0 0 1 1 0 1 1
347 22 2398 1 0 0 0 0 0 0 0 0 0 1 0 0 0 0 0 0 0 0 0 0 0
348 22 4086 1 0 0 0 0 1 0 1 0 0 0 0 0 0 0 0 0 0 0 0 0 0
349 22 17788 1 1 1 0 1 1 1 1 0 0 1 1 1 0 0 1 1 1 0 0 1 0
350 22 14508 0 1 0 0 1 1 1 0 0 0 1 1 1 1 0 0 0 1 0 0 0 1
351 22 4702 0 0 0 0 0 0 0 0 0 1 0 1 0 0 1 0 0 0 0 0 0 0
352 22 18233 1 0 1 1 0 0 0 0 1 0 1 1 1 1 0 1 1 1 1 0 0 0
353 22 13031 0 0 0 0 0 1 0 1 0 1 1 0 1 0 0 1 0 1 0 0 1 0
354 22 24456 1 0 1 1 1 1 1 1 1 1 1 0 0 1 1 1 1 1 1 0 0 0
355 22 11192 0 0 0 0 0 1 1 0 1 1 1 0 1 0 0 0 1 0 0 0 0 0
356 22 26995 1 1 1 0 1 1 1 0 1 1 1 1 1 1 1 0 1 1 0 0 1 1
357 22 20148 1 1 0 0 1 1 0 1 1 1 1 1 0 1 1 0 0 0 1 1 1 1
358 22 30294 1 1 1 1 1 0 1 1 1 0 1 1 1 1 1 1 0 1 1 1 1 1
359 22 16998 1 1 0 0 0 1 1 0 1 1 1 0 1 0 0 1 0 0 0 0 1 0
360 22 8046 0 0 0 0 0 0 0 0 1 0 0 0 1 0 0 0 0 1 0 0 1 0
361 22 23187 1 1 1 1 1 1 1 1 1 0 1 1 1 1 1 1 1 1 1 1 1 1
362 22 9396 1 0 0 0 0 0 0 0 1 0 0 1 1 0 0 0 0 0 0 0 0 1
363 22 11283 1 1 0 0 0 0 0 0 0 0 0 0 1 1 0 0 1 0 1 1 0 0
364 22 20928 1 1 0 0 1 1 1 1 0 0 0 1 1 1 1 0 0 0 1 0 1 1
365 22 31448 1 1 1 1 0 1 1 1 1 1 1 1 1 1 1 1 1 1 1 1 1 1
366 22 21993 1 1 1 0 1 0 1 1 0 1 0 1 0 1 0 1 1 1 1 1 0 0
367 22 18627 0 0 1 0 0 1 1 0 1 1 0 0 1 1 1 1 0 0 1 1 0 0
368 22 9152 0 0 0 0 0 0 0 0 0 1 0 0 0 0 0 1 0 0 1 1 0 0
369 22 24897 0 1 0 1 0 1 1 1 0 1 1 0 1 1 1 1 0 0 1 1 1 0
370 22 16778 0 1 0 1 0 1 0 0 1 0 0 0 1 0 1 1 1 1 0 0 1 1
371 22 19810 1 0 1 1 1 0 1 1 1 0 1 0 0 0 0 1 0 1 0 0 0 1
372 22 5958 0 0 1 0 0 0 0 0 0 0 0 1 0 0 0 0 0 0 0 1 1 0
373 22 23341 1 1 0 1 1 1 1 0 0 0 1 1 0 0 1 1 1 0 0 1 1 0
374 22 17794 1 0 1 0 0 1 0 1 1 1 1 0 1 1 1 0 1 1 1 0 0 0
375 22 14656 0 0 0 0 1 0 0 1 1 0 0 0 1 1 0 0 1 1 0 0 0 0
376 22 24173 1 1 1 1 1 0 0 0 0 1 0 1 1 1 1 1 0 0 0 1 1 0
377 22 16108 1 0 0 0 0 1 1 1 1 0 0 1 0 1 0 1 0 0 0 1 0 1
378 22 6895 0 0 0 0 0 0 0 1 0 1 1 1 0 0 0 0 0 0 0 0 0 0
379 22 27805 1 1 0 1 1 0 1 1 1 1 1 1 1 1 1 1 1 1 0 1 1 1
380 22 10722 0 0 0 1 0 1 1 1 1 0 0 1 0 1 0 1 0 1 0 0 0 0
381 22 19694 0 0 0 0 1 0 0 1 1 1 1 1 0 1 1 0 1 0 1 0 0 0
382 22 19711 1 0 0 1 1 0 0 1 1 1 1 0 1 1 0 1 1 0 1 1 0 0
383 22 26492 1 0 1 0 0 0 1 1 1 1 0 0 1 1 1 1 1 0 1 1 1 1
384 22 7489 1 0 1 0 0 0 0 0 0 1 0 1 0 0 0 0 0 0 0 0 1 0
385 22 15297 0 0 1 0 0 0 0 0 1 0 0 1 1 0 0 0 1 1 1 1 0 1
386 22 17025 0 1 1 0 0 1 1 1 0 0 1 1 1 0 1 0 0 0 0 0 0 0
387 22 28232 1 1 1 1 1 1 1 1 1 1 1 1 1 1 1 1 1 1 1 0 1 1
388 22 11808 1 0 0 1 1 0 1 0 0 1 0 0 0 0 1 0 0 0 1 0 0 1
389 22 18532 1 1 0 1 0 0 1 1 0 1 0 0 1 0 1 1 0 1 0 0 0 1
390 22 12681 0 1 1 0 1 0 1 0 1 0 0 1 0 0 0 0 1 0 0 0 0 0
391 22 19659 1 0 0 0 0 0 1 1 0 0 0 1 1 1 1 1 0 1 1 0 1 1
392 22 28904 1 1 1 0 1 1 0 1 1 1 1 1 0 1 1 0 1 0 1 1 0 1
393 22 21554 1 1 1 1 1 0 1 0 1 1 1 0 0 1 1 1 1 0 0 1 0 1
394 22 19997 0 1 1 1 1 0 1 1 1 0 0 1 0 0 0 0 1 1 0 1 1 0
395 22 29054 1 1 1 1 1 0 1 1 1 1 1 1 1 0 0 1 1 0 1 1 1 1
396 22 17605 1 1 1 1 0 0 0 1 1 1 0 0 1 0 0 0 0 0 1 0 0 1
397 22 26624 0 1 1 1 1 1 1 1 1 1 1 1 1 1 1 1 1 0 1 0 1 0
398 22 3460 0 1 0 0 0 0 0 0 0 0 0 0 1 0 0 0 0 0 0 0 0 0
399 22 23096 1 1 1 1 1 1 1 1 0 1 1 1 0 1 1 1 0 1 0 1 1 0
400 22 11010 1 0 1 0 1 0 0 0 0 1 1 0 0 0 0 0 1 0 0 1 0 0
401 22 24256 1 0 1 1 1 1 1 1 1 1 1 1 1 1 1 1 0 1 1 1 1 1
402 22 25571 0 1 1 1 1 1 1 1 1 0 1 0 1 1 0 1 1 1 1 1 1 1
403 22 27406 1 0 1 0 0 1 1 1 1 1 1 0 1 1 1 1 1 0 0 1 1 1
404 22 26123 0 1 1 1 1 1 1 1 1 1 1 1 1 1 0 1 1 0 1 1 1 1
405 22 5365 0 0 0 0 0 0 0 0 0 1 0 1 1 0 0 0 0 0 0 0 0 0
406 22 27618 1 0 1 1 1 1 1 1 1 0 1 1 1 1 1 0 1 1 1 1 1 1
407 22 29658 1 0 1 1 1 1 0 1 0 0 1 1 1 1 0 1 0 1 1 1 1 1
408 22 25056 1 1 1 0 1 1 1 0 1 1 1 1 1 0 0 0 1 1 1 1 1 0
409 22 23109 0 0 1 1 1 1 1 1 1 1 1 1 1 1 1 0 0 1 0 1 1 0
410 22 22160 1 1 0 0 1 0 1 0 1 0 0 1 1 1 1 0 0 1 1 1 1 1
411 22 21982 0 0 0 1 1 1 1 0 1 1 1 0 0 1 0 1 0 1 0 1 1 1
412 22 30419 1 0 1 1 1 1 1 0 1 1 1 1 1 1 1 1 1 1 1 1 1 1
413 22 16836 0 0 1 0 0 1 0 0 0 1 1 0 1 0 1 1 0 0 0 0 0 1
414 22 25877 1 1 1 1 1 0 1 1 1 0 0 1 1 1 1 1 1 1 0 1 1 1
415 22 20317 1 0 1 1 0 1 1 1 0 1 0 1 0 1 1 1 0 0 0 1 0 0
416 22 15471 0 0 1 1 1 1 0 1 0 1 1 0 1 0 0 0 0 0 1 1 0 0
417 22 26338 1 1 1 1 1 1 1 1 1 1 1 1 1 1 1 0 1 1 1 0 1 1
418 22 21096 0 1 0 1 1 0 1 1 1 1 1 0 1 1 1 1 0 0 1 0 0 1
419 22 22612 1 1 0 1 1 1 1 1 1 1 1 1 1 1 1 1 1 1 1 1 1 1
420 22 11199 0 0 0 1 0 0 1 0 1 1 0 0 0 0 1 0 1 0 1 0 0 0
421 22 16054 0 0 1 1 0 1 1 0 0 1 1 1 1 0 1 0 0 0 1 0 0 1
422 22 20565 1 0 1 1 1 0 1 0 0 1 0 1 0 0 0 1 1 0 1 1 1 1
423 22 24729 0 0 1 1 1 1 1 1 0 0 1 0 1 1 0 1 0 0 1 1 0 1
424 22 2717 0 1 0 0 0 0 0 0 0 0 0 0 0 0 0 0 0 1 0 0 1 0
425 22 21219 1 1 1 1 1 1 0 0 0 1 1 1 1 1 0 1 0 0 0 0 1 1
426 22 10174 0 0 0 1 0 1 0 0 1 0 0 0 1 1 0 0 0 1 0 0 0 0
427 22 15805 1 1 0 0 1 1 0 0 1 0 0 1 0 0 0 1 1 0 1 1 0 0
428 22 23719 1 0 1 1 1 1 1 1 1 1 1 1 1 1 1 1 1 1 1 1 1 1
429 22 23701 1 1 1 0 0 1 1 1 1 1 1 0 1 1 1 1 1 0 1 1 0 1
430 22 24420 1 1 1 1 0 1 0 0 0 1 1 1 1 1 1 0 1 1 1 1 1 0
431 22 20487 1 0 0 0 1 0 0 1 1 0 1 0 0 1 1 1 1 1 0 0 1 1
432 22 12701 1 0 1 0 0 1 1 0 0 0 0 0 1 0 1 0 1 0 0 1 0 0
433 22 29747 1 1 1 1 1 1 1 0 1 1 1 1 0 1 1 1 0 1 1 1 1 1
434 22 11251 1 0 1 0 0 1 0 0 0 1 0 0 0 0 0 0 0 1 1 0 0 1
435 22 13651 0 0 0 0 0 0 1 0 1 1 1 0 0 1 0 1 0 0 1 0 0 0
436 22 19971 1 1 0 0 0 1 1 1 1 1 0 1 1 1 0 1 1 0 1 1 0 1
437 22 19317 1 0 1 1 1 0 0 1 0 0 1 1 0 1 1 1 1 0 0 1 0 1
438 22 20588 0 0 1 0 0 1 0 0 1 0 1 0 1 0 1 0 1 0 1 0 1 1
439 22 12894 0 1 0 1 1 0 0 0 0 0 1 1 0 0 1 0 0 0 0 0 1 0
440 22 26563 0 1 1 1 1 1 0 1 0 1 1 1 1 0 0 1 0 1 1 1 1 0
441 22 16094 0 1 0 1 1 1 0 1 0 0 1 0 0 1 0 1 0 1 0 0 0 1
442 22 23392 1 1 1 1 1 1 1 1 1 1 1 0 0 1 1 1 1 1 1 1 1 1
443 22 28313 1 1 1 1 1 1 1 1 0 0 1 1 0 1 0 1 1 1 0 0 0 1
444 22 7942 1 0 0 0 0 0 1 0 1 0 0 0 1 0 0 0 0 0 0 0 1 0
445 22 19068 1 0 1 1 1 1 1 1 1 0 0 0 1 0 1 0 0 0 0 1 1 0
446 22 26604 1 1 1 1 0 1 1 0 1 1 1 1 1 1 1 1 1 1 1 0 1 1
447 22 16216 0 0 0 0 1 1 1 0 0 0 1 0 1 1 1 1 0 0 1 0 1 0
448 22 26619 1 1 1 1 0 1 1 1 1 1 1 1 1 1 1 1 1 1 1 1 1 0
449 22 30510 0 1 1 1 1 1 1 0 0 1 1 1 1 1 1 1 1 1 1 1 1 1
450 22 33601 1 1 1 1 1 1 1 1 1 1 1 1 1 1 1 1 1 0 1 1 1 1
451 22 11738 0 0 0 0 0 1 1 0 0 1 0 0 0 1 0 1 1 0 0 1 1 0
452 22 26759 0 1 1 1 1 1 1 1 1 0 1 1 1 1 1 1 0 1 0 1 1 1
453 22 22941 1 0 0 0 0 1 0 1 1 1 0 1 0 1 1 1 1 0 1 0 1 1
454 22 1395 0 0 0 0 0 1 0 0 0 0 0 0 0 0 0 0 0 0 0 0 0 0
455 22 12443 1 1 1 0 0 0 0 1 0 0 0 1 1 0 0 0 0 0 0 1 0 0
456 22 1171 0 0 0 0 1 0 0 0 0 0 0 0 0 0 0 0 0 0 0 0 0 0
457 22 14738 0 1 0 0 1 0 1 0 0 1 1 0 0 0 0 1 0 1 1 0 1 0
458 22 17804 0 1 0 1 0 1 1 1 0 1 1 1 0 0 1 1 0 1 0 0 1 1
459 22 27196 1 1 1 1 0 1 0 1 1 1 1 1 1 0 1 1 1 0 1 1 1 1
460 22 27224 0 1 1 1 1 1 1 1 1 0 1 1 1 1 0 1 1 1 1 1 1 1
461 22 16617 1 0 1 1 1 0 0 0 0 0 1 1 0 1 1 1 0 0 0 0 0 0
462 22 27728 1 1 0 1 0 1 1 0 1 0 1 0 1 1 1 1 0 1 1 0 1 1
463 22 24728 1 1 1 1 1 1 1 1 1 1 0 1 1 1 1 1 1 1 1 1 1 1
464 22 21525 0 1 1 1 1 1 1 1 0 1 0 0 0 0 1 0 1 1 1 0 1 1
465 22 14211 1 1 0 0 1 0 1 0 0 0 1 1 0 0 1 0 0 1 0 1 0 0
466 22 9200 0 0 0 1 1 0 1 1 0 0 0 0 0 1 0 0 1 0 0 0 0 0
467 22 24433 1 1 0 1 1 1 1 1 1 1 1 1 1 0 1 1 1 1 1 1 1 1
468 22 30442 0 1 1 1 1 1 1 1 1 0 1 1 1 1 1 1 1 1 1 1 1 1
469 22 6639 0 0 0 1 0 0 0 1 0 0 0 0 0 1 0 0 0 0 0 0 0 0
470 22 27979 0 1 1 0 1 0 1 1 1 0 1 0 1 1 1 0 1 1 1 1 1 1
471 22 9577 0 0 0 0 1 0 1 1 0 0 0 1 1 0 0 0 0 0 0 0 0 0
472 22 12755 1 0 1 1 0 1 1 0 0 0 1 0 0 0 1 1 0 1 0 0 1 0
473 22 21472 0 0 1 1 0 0 0 1 1 0 0 0 1 1 1 1 1 1 1 1 1 1
474 22 15155 0 1 1 1 0 0 0 1 0 1 1 0 0 1 0 1 0 1 0 0 1 0
475 22 32670 1 1 1 1 1 1 0 1 1 1 1 1 1 1 1 1 1 1 1 1 1 1
476 22 17135 1 0 1 0 1 0 1 0 0 1 1 1 0 0 1 1 0 1 0 0 0 1
477 22 28538 1 0 0 1 1 1 1 1 1 1 1 1 0 1 1 0 1 1 1 1 0 1
478 22 21613 1 0 1 1 0 0 1 1 0 1 0 0 0 1 0 1 0 0 1 1 0 1
479 22 8472 0 1 0 0 0 0 1 1 0 0 0 0 0 0 1 0 1 0 0 1 0 0
480 22 22333 1 0 1 0 1 0 1 0 0 1 1 1 0 1 0 1 1 0 1 1 1 1
481 22 5071 0 0 0 0 0 0 0 0 0 0 0 0 0 1 0 0 1 1 0 0 0 0
482 22 24935 1 0 1 0 1 0 1 1 1 1 1 1 1 0 1 1 0 1 1 0 0 1
483 22 16654 1 1 1 1 1 0 0 1 0 0 1 0 1 1 0 1 0 0 1 1 1 1
484 22 24052 1 1 1 1 1 1 1 0 1 1 0 0 1 1 1 1 0 1 0 1 0 0
485 22 25852 1 1 1 0 1 0 0 0 0 0 1 1 1 1 1 1 1 1 1 1 0 1
486 22 27664 1 1 1 1 1 1 0 1 1 1 1 1 1 1 1 1 1 0 0 0 1 1
487 22 23881 1 1 0 1 1 0 1 0 1 1 1 1 1 1 1 1 1 0 0 0 1 0
488 22 23898 1 1 1 0 1 0 0 1 1 1 0 1 1 1 1 1 1 1 0 1 1 1
489 22 19853 1 0 0 0 1 1 0 1 1 1 1 0 1 1 0 1 0 1 1 1 0 1
490 22 29717 1 1 1 1 1 1 1 0 1 1 0 1 1 1 1 1 1 1 0 1 1 0
491 22 9718 0 1 0 0 0 1 0 0 0 1 0 1 0 0 0 0 0 1 0 0 0 1
492 22 12223 0 0 1 0 1 0 1 1 1 0 0 0 0 0 0 1 0 0 0 1 0 0
493 22 19545 1 0 1 1 0 0 0 1 0 0 0 1 0 0 1 0 1 1 1 0 1 1
494 22 9677 0 0 0 0 0 0 0 0 1 0 1 1 0 0 0 1 0 1 0 1 0 0
495 22 15453 0 0 1 0 1 1 1 0 0 0 0 1 0 1 1 0 0 0 1 0 0 1
496 22 26108 1 1 1 1 0 1 0 1 1 1 1 1 1 1 1 0 1 0 1 1 1 1
497 22 18596 1 1 1 0 0 0 1 1 0 0 1 0 0 1 0 1 1 1 1 0 0 1
498 22 10261 0 0 1 0 0 1 1 0 0 0 0 1 0 1 0 0 0 0 1 1 0 0
499 22 11631 0 0 1 1 0 0 0 1 0 0 0 0 1 1 0 0 0 0 0 0 1 0
500 22 15517 0 1 0 1 0 1 0 1 1 1 0 0 1 0 1 1 0 1 0 1 0 0
