1 15 4185 144 230 2 102 172 255 452 507 808 828 38 134 595 635 834 851 109 198 259 333 216 295 295 366 586 627 120 208 602 642
2 15 6153 61 155 568 612 856 871 457 511 269 342 901 911 951 956 617 655 977 980 566 609 29 127 89 180 28 126 776 799 547 592
3 15 5819 660 694 470 523 731 758 200 280 486 537 610 649 89 181 401 461 543 589 89 180 800 820 702 732 506 556 297 367 690 721
4 15 6031 657 691 936 942 520 568 334 400 130 217 30 127 852 867 671 704 170 253 572 614 548 593 350 415 189 270 602 641 978 980
5 15 6024 790 811 166 250 937 943 59 153 833 849 829 846 70 163 354 418 294 364 654 689 741 767 162 246 877 890 530 577 235 311
6 15 7544 675 707 342 408 298 368 854 869 549 594 943 949 629 666 954 959 956 960 213 292 588 629 862 876 535 582 833 849 199 279
7 15 5752 951 956 427 485 592 633 67 161 345 411 72 165 270 343 650 685 634 671 708 737 701 731 248 324 86 178 962 966 477 530
8 15 6410 743 769 454 509 782 804 751 776 691 722 307 376 708 737 813 831 46 142 448 503 744 769 152 237 138 224 543 588 693 723
9 15 5466 466 519 867 881 722 750 539 585 332 399 198 278 620 658 350 415 905 914 316 384 175 258 768 792 108 197 330 397 137 224
10 15 6143 571 614 305 374 682 714 818 837 740 766 102 192 950 955 666 700 48 143 322 390 982 984 379 442 795 816 219 297 100 190
11 15 7072 392 453 261 335 933 940 503 553 313 382 928 935 927 934 516 565 437 494 672 705 638 674 944 949 966 969 208 287 202 282
12 15 7008 801 821 770 793 774 797 731 758 68 162 839 855 228 305 617 656 484 536 102 192 776 799 773 795 138 224 886 898 773 796
13 15 5328 96 187 866 880 639 675 409 468 553 598 184 266 260 334 412 471 161 245 628 665 162 246 754 779 268 341 382 444 887 898
14 15 6652 796 817 605 645 65 158 99 189 476 529 188 269 904 914 558 602 784 805 634 671 692 723 475 528 872 884 399 459 769 792
15 15 5935 733 760 770 793 586 628 63 157 383 445 948 954 266 339 125 212 637 674 454 509 264 338 796 817 283 355 435 491 676 708
16 15 6835 890 901 645 681 528 575 919 927 232 309 635 671 646 682 877 890 324 392 56 151 660 694 171 254 575 618 577 619 809 828
17 15 7023 242 318 343 409 114 203 599 639 502 552 863 877 980 982 751 776 642 678 853 868 586 628 309 378 698 728 826 843 471 524
18 15 6498 430 487 341 407 281 353 849 865 167 251 579 621 933 940 194 275 990 991 705 734 265 339 518 566 398 458 503 553 970 973
19 15 5922 457 512 992 993 185 267 911 920 875 888 553 598 423 481 185 266 232 309 226 304 300 370 463 517 223 301 434 491 944 950
20 15 6200 777 799 408 467 245 320 943 948 75 167 909 918 319 387 663 697 917 925 859 873 166 249 80 172 301 371 387 448 701 731
21 15 6017 183 265 710 739 511 560 281 353 825 843 379 441 631 668 539 585 841 857 459 514 925 933 354 419 10 109 67 161 807 826
22 15 5424 559 603 332 399 361 425 534 580 223 301 448 504 631 668 157 242 295 365 529 576 203 283 981 983 288 359 450 505 789 810
23 15 6084 124 211 785 806 167 250 490 541 801 821 823 841 71 164 480 532 52 147 810 829 822 839 402 462 468 521 454 508 857 872
24 15 6172 118 207 990 991 711 740 403 462 813 832 615 653 444 500 256 331 237 313 366 429 297 367 406 465 243 319 927 935 890 901
25 15 4820 670 703 498 548 312 381 173 256 62 156 225 303 384 446 150 235 119 207 509 558 806 826 870 883 326 393 498 548 423 481
26 15 5448 440 496 701 731 801 821 385 446 719 747 88 179 274 347 119 207 443 499 990 991 300 370 573 615 110 199 263 337 604 644
27 15 6009 234 311 879 891 378 440 940 946 386 448 962 966 622 660 462 516 500 550 42 138 659 693 8 107 928 936 243 318 269 342
28 15 6120 348 413 677 709 910 919 296 366 258 332 994 994 340 406 317 385 98 188 4 104 945 951 568 611 642 678 320 388 933 939
29 15 4843 142 228 283 355 580 622 918 927 852 867 54 149 289 360 817 835 93 183 58 153 34 131 253 328 976 978 313 382 392 453
30 15 5774 15 114 276 349 192 272 746 772 801 821 895 906 1000 1000 324 392 6 105 788 809 429 487 898 908 379 441 260 334 209 288
31 15 5785 98 188 963 967 356 421 660 694 7 106 332 399 429 486 774 797 316 384 324 391 982 983 855 870 1 101 207 286 928 935
32 15 6044 489 540 71 164 150 235 533 580 706 735 781 803 839 855 557 601 348 413 67 160 963 967 602 642 120 208 773 796 557 602
33 15 6176 632 669 896 906 875 888 472 525 386 447 278 350 836 853 472 525 501 551 221 299 321 389 765 789 730 757 194 274 141 227
34 15 7380 867 880 973 975 592 633 882 894 175 257 591 632 448 503 151 236 884 896 653 688 904 914 473 526 302 372 955 960 376 439
35 15 5571 595 636 635 671 481 533 658 693 83 174 673 706 767 790 590 631 164 248 957 961 188 269 228 305 249 324 524 572 172 255
36 15 5182 961 965 473 526 153 238 420 478 165 249 440 496 119 207 505 555 594 635 291 362 210 289 385 447 912 921 429 486 421 479
37 15 7356 120 208 815 834 362 426 780 802 921 929 697 728 633 670 896 907 799 820 169 252 898 908 51 146 851 866 789 810 415 474
38 15 6390 100 190 376 438 695 725 439 495 898 908 724 751 393 454 150 235 736 763 826 844 536 583 877 890 163 247 959 963 116 204
39 15 6582 798 818 3 103 751 776 798 818 416 475 865 879 932 939 75 168 915 924 318 386 238 314 711 740 55 150 413 472 940 946
40 15 5184 840 856 595 636 39 135 200 280 334 401 820 838 316 385 688 719 867 880 11 110 860 874 4 103 376 439 233 310 297 368
41 15 5772 161 245 779 801 200 280 903 913 787 809 168 252 198 278 657 691 450 505 782 804 926 933 165 249 394 455 235 312 411 470
42 15 5648 412 471 297 368 59 153 790 811 409 468 415 474 955 960 192 273 564 608 16 115 798 818 979 981 280 352 754 779 141 227
43 15 7108 430 487 273 346 626 664 869 882 794 814 909 919 514 562 465 519 751 776 299 369 738 764 358 422 543 589 967 971 349 414
44 15 6445 33 129 460 514 863 877 316 384 861 875 576 619 37 133 133 220 566 609 933 940 401 461 857 871 871 884 688 719 462 516
45 15 5286 617 655 202 282 182 264 452 506 19 118 716 744 527 574 630 667 494 545 675 708 451 506 91 182 619 658 522 570 411 470
46 15 5672 925 932 530 577 118 206 768 792 241 317 33 130 724 752 105 194 525 572 187 269 779 801 568 611 43 138 977 979 567 610
47 15 5696 908 917 955 959 141 227 621 659 144 230 505 554 365 428 512 561 931 938 317 385 75 167 593 633 176 258 129 216 749 774
48 15 6986 284 356 216 294 526 573 134 221 39 135 869 882 470 523 849 864 661 695 925 933 820 838 457 511 737 763 833 850 913 922
49 15 6160 783 805 694 725 506 555 261 335 230 307 320 388 458 512 307 376 515 564 883 895 904 914 36 133 527 575 913 922 364 427
50 15 6129 65 158 757 781 570 613 946 952 812 831 720 748 236 312 262 336 436 493 130 217 665 699 371 434 906 915 228 306 558 602
51 15 4997 381 443 4 104 472 524 43 139 876 888 376 438 364 428 506 556 465 518 606 646 429 486 185 267 771 794 502 552 267 341
52 15 6938 159 244 659 693 879 891 849 864 67 160 248 323 117 205 838 854 973 976 261 335 419 477 868 882 816 834 948 953 572 615
53 15 4780 612 651 122 210 123 211 464 518 246 321 540 586 485 536 332 398 57 152 674 706 309 378 166 249 280 352 570 613 996 996
54 15 6588 237 313 157 242 873 886 743 768 990 991 655 690 950 955 599 640 78 170 652 687 530 577 693 724 156 241 428 485 494 545
55 15 7482 72 165 846 862 259 333 715 743 916 924 812 831 882 894 372 435 294 364 967 971 229 306 965 969 530 577 899 910 595 636
56 15 4256 81 173 344 410 652 687 687 719 80 172 676 708 56 151 637 674 3 103 323 390 431 488 551 596 24 122 256 330 519 567
57 15 6052 358 422 20 118 775 797 19 117 819 837 693 724 568 611 708 737 640 676 968 971 7 106 653 687 970 973 249 324 118 207
58 15 6034 607 647 94 184 754 778 991 992 82 174 368 431 573 616 991 992 375 438 939 945 648 683 496 547 9 108 516 564 100 190
59 15 6729 288 359 735 762 457 511 925 933 75 167 32 129 620 658 484 536 944 949 281 353 735 762 869 883 714 743 489 540 764 788
60 15 6592 409 468 722 750 587 629 300 370 408 467 577 619 892 903 768 791 134 221 530 577 315 383 713 742 979 981 131 218 776 799
61 15 6777 630 667 623 661 386 448 632 669 931 938 676 708 741 767 134 221 469 522 875 887 907 917 525 572 122 210 495 546 326 393
62 15 5641 130 217 815 833 976 979 537 583 494 544 135 222 406 465 595 635 37 133 99 189 747 773 311 380 793 813 119 207 858 873
63 15 6829 391 452 531 578 320 388 924 932 828 845 753 778 682 714 552 597 426 483 933 940 297 367 167 251 966 969 398 458 369 432
64 15 5681 997 997 14 113 381 443 839 855 450 505 329 396 480 532 561 605 542 588 969 972 540 586 552 596 288 359 140 226 20 118
65 15 6473 867 881 792 813 241 317 992 993 134 221 304 374 448 503 866 879 972 975 115 204 837 853 81 173 465 519 642 677 336 403
66 15 8132 820 838 512 561 909 918 389 450 934 940 155 239 999 999 828 845 784 805 789 811 884 895 978 980 451 506 364 428 370 433
67 15 5449 864 878 762 786 123 211 447 502 390 451 15 114 798 818 218 296 37 133 942 948 766 790 871 884 165 249 256 330 158 243
68 15 5273 457 511 24 121 535 581 500 550 673 706 756 780 18 116 393 454 289 360 635 672 387 448 720 748 459 514 348 413 398 458
69 15 7340 857 871 13 112 766 789 983 985 411 470 457 511 900 910 991 992 580 622 474 526 179 261 784 806 716 745 924 932 141 227
70 15 5400 164 248 657 691 834 851 63 157 848 863 338 404 889 900 674 707 217 296 420 478 293 363 156 241 496 546 197 278 504 554
71 15 5172 720 748 325 392 299 369 658 692 638 674 90 181 900 910 84 176 349 414 341 407 406 466 439 495 430 487 81 173 705 735
72 15 6434 130 217 678 711 951 956 56 151 53 147 914 923 467 520 738 764 199 279 909 918 484 535 117 206 946 951 530 577 871 884
73 15 7108 928 935 654 689 301 371 916 925 895 905 111 200 840 856 384 445 402 462 839 855 850 865 665 699 454 509 140 226 507 557
74 15 5300 920 928 965 969 125 212 355 419 174 256 520 568 7 106 673 706 578 620 101 191 222 299 736 763 302 372 864 877 84 175
75 15 5116 533 580 138 225 913 922 703 733 452 507 345 410 157 241 222 300 481 533 425 483 75 168 149 234 428 485 453 507 921 929
76 15 6672 503 552 334 401 771 794 548 593 357 422 522 570 604 644 574 617 298 369 539 586 695 726 316 384 706 735 625 663 948 954
77 15 6338 390 451 931 938 108 197 856 870 458 512 728 755 271 344 502 552 487 538 482 534 508 558 365 429 787 809 74 167 976 979
78 15 6617 677 710 643 679 181 263 736 762 803 822 500 550 556 601 584 626 381 443 359 423 469 522 639 675 476 529 968 971 300 370
79 15 6207 597 637 751 776 188 269 21 119 700 730 334 401 946 952 615 653 114 203 992 993 389 450 840 856 142 228 274 346 856 870
80 15 6606 113 201 116 204 724 752 110 199 806 825 646 681 825 842 371 434 994 994 439 495 676 708 516 564 562 605 754 779 606 645
81 15 6338 1 101 157 241 593 633 36 133 555 599 790 811 826 844 658 692 695 725 346 411 322 390 580 622 597 637 1000 1000 767 790
82 15 6049 382 444 927 934 752 776 583 625 780 802 224 302 52 147 401 461 11 110 636 672 155 239 705 735 919 928 252 327 783 805
83 15 5793 895 906 538 585 217 295 244 320 633 670 919 928 586 627 490 541 25 122 645 680 648 683 187 268 912 921 123 211 180 262
84 15 5142 432 489 46 142 303 372 548 593 976 979 670 703 96 186 513 561 100 190 979 981 397 457 168 251 90 181 838 854 272 345
85 15 6016 248 323 263 336 199 279 759 784 730 757 705 735 808 827 749 774 623 661 181 263 179 261 254 329 371 434 483 535 968 971
86 15 6080 993 994 998 998 465 518 315 383 879 891 591 632 558 602 221 299 110 199 153 237 188 269 38 134 681 713 895 905 516 565
87 15 6485 352 417 727 754 906 916 346 411 543 588 686 717 472 525 720 748 850 865 480 532 474 527 515 564 82 174 196 277 758 782
88 15 5733 949 954 730 757 315 384 53 148 772 794 880 892 315 384 395 455 80 172 510 559 538 584 794 815 8 108 459 513 369 432
89 15 6026 366 430 667 700 346 411 834 850 426 484 125 213 257 331 989 990 567 610 724 752 463 516 180 262 796 816 709 739 84 176
90 15 5112 246 321 978 980 675 708 54 148 187 268 532 579 244 320 638 674 125 213 393 454 517 565 824 841 364 428 574 616 40 136
91 15 5741 4 103 448 503 643 679 260 334 585 626 306 375 247 322 800 820 65 159 756 781 713 742 555 600 326 393 677 709 792 813
92 15 5931 969 972 164 248 918 926 916 924 146 231 360 424 467 520 209 288 208 287 278 351 737 763 974 977 22 119 376 438 670 703
93 15 5715 947 953 378 440 369 432 455 510 187 268 447 502 79 171 197 278 461 515 636 672 943 949 823 841 219 297 704 734 299 369
94 15 5292 526 573 628 665 645 680 741 767 369 432 240 316 107 196 256 330 548 593 737 764 16 115 604 644 654 689 55 149 490 541
95 15 7286 384 446 230 307 874 887 658 693 703 732 494 544 170 253 749 774 187 268 906 915 468 522 945 951 931 938 842 858 567 610
96 15 5492 879 891 606 645 18 117 303 373 170 253 901 911 996 996 799 820 163 247 416 475 103 192 9 109 355 420 973 975 175 257
97 15 6600 958 963 614 653 155 240 964 967 703 732 490 541 812 831 372 435 69 162 938 944 16 114 630 667 749 774 549 594 232 309
98 15 6073 813 832 422 480 54 148 846 861 642 678 877 889 411 470 801 821 326 394 625 662 961 965 350 415 41 137 147 233 276 348
99 15 6143 721 749 632 668 269 342 643 679 913 921 427 484 545 591 952 957 366 429 38 134 59 153 411 470 780 802 523 571 400 460
100 15 4322 292 363 256 331 118 206 706 736 180 262 368 431 868 882 33 130 41 137 493 544 205 284 157 241 594 635 849 864 243 319
