1 30 23028 1 1 1 1 1 1 0 0 1 1 0 0 1 0 1 1 1 0 1 1 1 0 1 0 1 0 1 1 1 1
2 30 24519 1 1 1 1 1 1 0 1 0 0 1 1 1 0 0 1 1 0 1 1 0 1 1 0 1 1 1 0 0 1
3 30 29742 1 1 0 1 1 1 0 0 1 1 1 1 1 1 1 1 1 1 1 1 1 1 1 0 0 0 1 1 0 0
4 30 26432 0 1 1 0 1 0 1 1 1 1 1 1 1 0 1 1 1 0 0 1 1 1 1 0 1 1 0 1 0 1
5 30 27139 1 1 0 1 0 0 1 1 1 1 1 1 1 1 1 0 1 1 1 1 1 1 1 1 0 1 0 0 1 1
6 30 28167 1 1 1 1 0 1 1 1 1 1 0 0 1 1 1 0 1 1 1 1 0 0 0 0 1 1 1 1 0 1
7 30 27375 1 0 1 0 1 1 0 1 1 0 0 1 1 1 1 1 1 1 1 1 0 0 1 0 1 1 1 1 1 0
8 30 28555 0 0 1 0 0 1 1 0 1 1 1 1 1 1 1 1 1 1 0 1 1 1 1 1 1 1 0 1 0 1
9 30 27986 1 1 1 1 1 0 0 0 0 1 1 1 1 1 1 0 1 0 1 1 1 0 1 0 0 1 1 1 1 1
10 30 27849 1 1 1 1 1 1 0 1 1 1 0 1 0 0 0 1 1 1 0 1 0 1 1 1 1 1 1 1 0 0
1 30 23523 1 1 1 0 1 1 1 0 1 1 1 1 1 1 1 1 1 0 1 1 1 0 1 0 1 0 1 1 1 0
2 30 24995 1 1 1 1 1 1 1 1 0 1 0 0 0 1 1 1 1 0 0 1 1 1 1 0 0 1 1 1 1 1
3 30 29499 1 1 0 1 1 1 1 0 1 1 0 1 0 1 0 1 1 1 1 1 1 0 0 1 0 1 1 1 1 0
4 30 26467 0 0 1 0 1 1 1 1 1 1 1 0 1 0 1 1 1 0 1 1 1 0 1 1 1 0 0 1 1 1
5 30 26887 1 1 1 0 1 0 1 1 1 1 0 1 0 0 1 1 1 1 1 1 1 1 1 1 1 1 0 0 0 1
6 30 27932 1 1 1 1 1 1 1 1 1 0 0 0 0 1 0 0 1 1 1 1 1 0 0 1 1 1 1 1 0 0
7 30 27870 1 0 1 0 1 0 1 1 1 1 1 1 1 1 1 1 1 0 1 1 0 1 0 1 1 1 1 1 1 0
8 30 28541 0 1 1 0 0 0 1 1 1 1 1 1 1 1 1 1 1 1 1 1 1 0 1 0 1 0 0 1 1 1
9 30 27973 1 1 1 1 0 0 1 1 1 1 1 1 1 1 0 1 0 0 1 1 0 1 1 1 1 0 0 1 1 0
10 30 27866 1 1 1 1 0 1 1 0 1 1 1 1 0 0 0 1 1 1 0 1 0 1 1 1 1 1 1 1 0 0
1 30 23283 1 1 1 1 0 0 1 0 1 1 1 1 1 1 0 1 1 1 1 1 0 1 1 0 0 0 1 1 1 1
2 30 24959 1 1 1 1 1 1 1 1 1 1 0 0 1 1 1 1 1 0 0 1 1 1 1 0 0 1 0 0 1 1
3 30 29468 1 0 0 1 0 1 1 1 1 1 1 1 1 1 1 0 1 1 0 0 1 1 1 0 0 0 1 1 1 1
4 30 26454 1 1 1 1 0 0 1 1 1 1 0 1 1 1 1 1 0 0 1 1 1 0 1 0 1 0 0 1 1 1
5 30 26847 1 1 1 1 0 0 0 1 1 1 0 1 1 1 1 1 1 1 0 1 1 1 1 1 0 1 0 0 1 1
6 30 28166 1 1 1 1 1 1 1 1 0 1 0 0 1 1 0 1 0 1 1 1 0 0 1 1 1 1 0 1 1 0
7 30 27368 1 0 1 0 0 1 1 0 1 0 0 1 0 0 1 0 1 1 1 1 1 1 1 1 1 1 1 1 1 1
8 30 28067 0 0 1 0 1 0 1 1 1 1 1 0 1 1 0 0 1 1 1 0 1 1 1 1 0 1 1 1 0 1
9 30 27966 1 1 0 1 0 1 1 0 0 1 1 1 1 1 1 1 1 0 1 1 0 0 1 1 1 1 1 0 0 1
10 30 28112 1 0 1 1 0 1 0 0 1 1 1 1 1 1 1 0 1 1 1 1 1 1 1 0 1 1 1 0 0 1
1 30 23272 1 1 0 1 1 1 1 0 1 1 0 1 0 1 1 1 1 1 0 0 1 1 1 0 0 1 1 1 1 1
2 30 24986 1 0 1 1 1 1 0 1 0 1 1 1 1 1 1 0 1 0 1 1 1 1 1 0 0 1 0 1 1 1
3 30 29479 0 1 1 1 0 1 1 0 1 1 1 1 0 0 1 1 1 1 1 0 1 1 0 0 1 0 1 1 1 1
4 30 26174 0 1 0 0 0 1 1 1 1 1 1 0 0 1 1 0 0 1 0 1 1 1 1 0 1 1 1 1 1 1
5 30 26819 1 0 1 0 1 1 1 1 1 0 1 1 0 1 1 1 1 1 1 1 1 1 1 0 1 1 0 0 1 0
6 30 28197 0 0 1 1 0 1 1 0 1 1 1 0 1 1 1 0 1 1 1 1 1 0 0 0 1 1 1 1 1 1
7 30 27322 1 0 1 0 0 1 0 0 1 1 1 1 0 1 1 1 1 0 0 1 1 1 1 1 1 1 1 1 0 1
8 30 28062 0 1 1 0 1 1 1 1 1 1 1 0 1 0 1 1 0 1 0 1 1 0 0 1 1 1 0 1 0 1
9 30 27970 0 1 1 1 0 0 1 1 0 1 1 1 1 1 0 0 0 1 0 1 1 1 1 1 1 1 1 0 1 1
10 30 28352 1 1 1 1 1 1 0 0 0 1 1 1 1 1 1 0 1 1 1 1 1 1 1 0 1 0 1 1 0 1
1 30 23515 1 1 1 1 0 1 1 0 1 1 1 0 1 1 1 1 1 1 0 0 1 0 1 1 1 0 1 1 1 1
2 30 25003 0 1 0 1 1 0 1 1 1 1 1 0 1 1 1 1 1 0 0 1 1 1 1 1 0 1 0 1 1 1
3 30 29750 0 1 1 1 0 1 1 0 1 1 1 0 1 1 0 1 1 1 1 0 1 0 1 1 1 0 1 1 1 1
4 30 26206 1 1 1 0 1 1 1 1 1 0 0 0 1 0 1 1 1 1 1 0 1 1 1 0 0 0 1 1 0 1
5 30 26652 1 1 1 1 1 1 0 0 1 1 1 1 1 1 1 1 1 0 1 1 0 0 1 1 0 1 0 0 1 0
6 30 28175 1 0 1 1 1 1 1 1 1 1 0 0 1 0 0 0 1 0 1 1 0 1 1 1 0 1 1 1 1 1
7 30 27372 1 1 1 1 0 1 1 0 1 0 0 1 1 0 1 0 1 0 1 1 1 1 1 0 1 1 1 1 1 0
8 30 28304 0 0 1 1 1 0 1 1 1 1 1 1 0 1 0 1 1 1 1 0 1 0 1 1 1 1 0 1 0 1
9 30 28200 1 1 1 1 0 1 1 0 1 1 1 1 0 1 0 0 0 1 1 1 1 1 1 1 1 1 1 0 1 0
10 30 28333 1 0 1 0 1 1 1 0 0 1 0 1 1 1 1 1 1 1 1 1 1 1 1 1 1 1 0 1 0 1
