1 15 5022 0 1 1 1 0 1 0 0 1 1 1 1 1 1 1
2 15 4707 1 1 0 1 1 1 1 1 1 0 1 1 1 0 1
3 15 6632 0 1 1 0 1 0 1 0 1 1 1 1 1 1 1
4 15 5057 1 1 1 0 1 1 0 0 1 1 1 1 1 1 0
5 15 5874 1 1 1 0 1 1 1 1 1 0 1 0 1 1 1
6 15 6179 0 0 1 1 1 1 1 1 0 1 1 0 1 1 1
7 15 4699 1 1 1 0 0 1 1 1 1 1 1 0 1 1 1
8 15 5770 1 1 1 0 1 0 1 1 1 0 1 1 1 1 0
9 15 6086 1 1 0 0 1 1 1 1 1 1 0 0 1 1 1
10 15 4977 1 1 1 1 1 1 0 0 1 1 1 0 1 1 1
11 15 4100 1 1 1 1 1 1 1 1 1 0 1 1 0 0 1
12 15 4983 1 1 1 0 1 1 1 0 1 1 0 1 1 1 1
13 15 5554 0 0 0 1 1 1 0 0 0 1 1 1 1 1 1
14 15 5134 0 1 1 1 1 1 1 1 1 0 0 1 1 1 1
15 15 4983 1 0 1 1 1 0 1 1 1 0 0 1 1 1 1
16 15 5886 0 1 1 1 0 1 0 1 1 1 1 1 1 0 1
17 15 6374 1 0 1 1 0 1 1 0 1 0 1 1 1 1 1
18 15 6603 1 1 1 1 1 1 1 1 1 0 1 0 0 1 0
19 15 5425 1 1 0 0 1 1 1 1 1 1 0 1 1 1 1
20 15 6629 1 1 1 1 0 1 1 1 1 1 1 0 0 1 1
21 15 4363 1 1 1 1 1 1 1 1 1 1 0 0 0 1 1
22 15 5610 1 1 0 1 1 1 1 1 1 1 1 1 0 1 1
23 15 5988 1 1 1 1 1 0 0 1 1 1 1 0 1 0 1
24 15 4986 1 0 1 1 1 1 1 1 1 1 1 0 1 0 0
25 15 6182 1 1 1 1 1 1 1 0 0 1 1 1 0 0 1
26 15 5363 1 0 0 1 1 1 0 0 1 1 1 1 1 0 1
27 15 5995 1 0 1 1 1 1 1 1 0 1 0 1 1 1 0
28 15 5912 1 1 1 1 1 0 1 1 1 1 0 1 1 1 0
29 15 5467 1 1 0 0 1 1 1 1 1 1 1 1 1 1 0
30 15 4702 0 1 1 1 1 0 1 1 1 1 1 1 1 1 1
31 15 6050 1 0 1 1 1 1 1 0 1 1 1 0 1 1 1
32 15 5592 1 1 1 0 0 1 1 1 0 0 1 1 1 1 1
33 15 5530 0 1 1 1 1 1 1 0 1 1 1 0 1 1 0
34 15 5353 1 1 1 1 1 1 1 1 0 1 0 0 1 1 1
35 15 5097 0 1 0 1 1 1 1 0 0 1 1 1 1 1 1
36 15 4850 1 1 1 1 1 0 0 1 1 1 0 1 1 1 1
37 15 6409 0 1 1 1 1 1 1 0 1 0 1 1 1 1 1
38 15 5891 1 1 1 1 1 0 1 0 0 1 1 1 1 0 1
39 15 5406 1 0 1 0 1 1 1 1 0 1 1 1 1 1 1
40 15 4770 1 1 1 1 0 1 1 0 1 1 1 1 0 1 1
41 15 5611 1 1 0 1 0 0 1 1 1 1 1 0 1 1 1
42 15 5863 1 1 1 0 1 1 0 0 1 1 1 1 1 1 1
43 15 5632 0 1 1 0 1 1 1 1 0 1 0 1 1 0 1
44 15 6125 1 1 1 1 1 1 0 1 0 1 0 1 0 1 1
45 15 6014 1 1 1 0 1 1 1 1 1 0 1 0 1 1 1
46 15 3760 0 1 1 0 1 1 1 1 1 1 0 1 1 1 1
47 15 5155 0 1 1 1 1 1 1 1 1 0 0 1 1 1 0
48 15 4270 1 0 1 1 1 0 1 1 0 0 1 1 1 1 0
49 15 6769 1 0 0 1 1 1 1 1 0 1 1 0 1 1 1
50 15 6854 1 1 0 1 1 1 1 0 1 1 0 1 0 1 1
51 15 4319 1 1 1 0 0 1 0 1 1 0 1 1 0 1 1
52 15 5295 1 0 1 1 1 1 1 1 1 0 1 1 0 1 1
53 15 4692 1 1 1 1 1 0 0 0 1 1 1 1 1 1 0
54 15 5877 1 1 1 0 1 1 1 0 1 1 1 1 1 0 0
55 15 5447 1 0 1 1 1 1 0 1 0 1 0 1 1 1 0
56 15 5441 1 1 0 1 1 1 1 0 1 1 1 1 1 1 1
57 15 6770 1 1 0 1 1 1 1 1 0 1 1 0 1 1 0
58 15 5198 1 0 1 1 0 1 1 1 1 1 1 1 1 1 0
59 15 5476 0 1 1 1 0 1 1 0 1 1 1 1 1 0 1
60 15 4813 1 1 1 0 0 1 1 1 1 1 0 0 1 1 1
61 15 6497 1 1 0 1 1 1 0 0 0 1 1 0 1 1 1
62 15 5849 1 1 0 1 1 1 0 1 1 1 0 1 1 0 1
63 15 6227 1 1 0 1 0 1 1 1 1 0 1 1 0 1 1
64 15 4792 1 1 1 1 0 1 1 1 0 0 1 1 1 1 1
65 15 5059 1 0 1 1 1 0 1 1 1 1 1 1 0 1 1
66 15 5264 1 1 1 1 1 1 1 1 0 1 0 1 1 1 1
67 15 5447 1 1 1 1 1 1 1 1 1 1 0 0 0 1 1
68 15 5315 1 0 1 0 1 1 1 1 1 0 1 1 0 0 1
69 15 5432 1 1 1 1 0 1 1 1 1 0 1 0 1 1 1
70 15 5412 1 0 1 1 1 1 1 1 1 0 1 1 1 0 0
71 15 5801 1 1 1 1 1 0 1 1 1 0 1 1 1 1 0
72 15 5206 1 1 1 1 1 1 1 0 1 1 1 1 1 0 0
73 15 4574 0 1 1 1 1 1 1 1 1 1 0 0 0 1 1
74 15 4354 0 1 0 0 1 1 1 1 0 1 1 1 1 1 0
75 15 5682 0 0 1 0 0 1 0 1 1 1 1 1 1 1 1
76 15 6226 1 1 1 0 1 1 1 1 1 1 1 0 0 1 1
77 15 5053 0 1 0 0 1 1 0 1 1 1 1 0 1 1 0
78 15 6095 1 1 1 1 1 1 1 1 1 0 1 0 0 1 1
79 15 4973 1 0 1 1 0 0 1 1 1 1 1 0 1 1 1
80 15 5415 1 1 1 1 1 1 1 1 1 1 1 0 1 1 0
81 15 4916 1 0 1 1 1 1 1 1 1 1 1 1 0 1 1
82 15 5280 1 1 1 1 1 1 1 1 0 1 1 1 1 0 0
83 15 4868 0 0 1 0 1 1 1 1 0 1 1 1 1 1 1
84 15 5274 1 1 1 0 0 1 1 1 1 1 1 0 1 1 1
85 15 5034 1 1 1 0 1 1 0 0 0 1 0 1 1 1 0
86 15 4843 0 1 1 1 1 1 0 1 1 1 0 0 1 1 0
87 15 5715 1 1 1 1 1 1 0 0 0 0 1 1 1 0 1
88 15 6276 1 0 1 1 1 1 1 0 1 1 1 1 0 1 0
89 15 5276 0 1 1 1 0 1 1 1 1 1 0 1 1 0 1
90 15 4737 1 1 0 0 1 0 1 1 0 1 1 1 1 1 1
91 15 5471 0 1 1 1 1 1 1 0 1 1 1 1 1 1 1
92 15 4271 1 1 0 1 1 1 1 1 1 0 1 1 0 0 1
93 15 5207 1 1 0 1 1 1 1 1 1 1 0 1 1 1 1
94 15 5665 0 0 1 1 1 1 1 0 1 1 1 1 1 1 0
95 15 5677 1 1 0 1 1 1 1 1 0 1 0 1 1 1 1
96 15 5173 1 0 1 1 0 0 1 1 1 1 0 1 1 1 1
97 15 7328 1 1 0 0 0 1 1 1 1 1 1 1 1 0 1
98 15 4650 1 0 1 1 1 1 1 0 1 1 1 0 0 1 1
99 15 6370 1 0 1 1 1 1 1 1 1 1 0 1 1 1 0
100 15 4658 1 1 1 1 1 1 1 0 1 1 1 1 0 1 1
