1 15 1120 0 1 1 1 0 1 0 0 1 1 1 1 1 1 1
2 15 1051 1 1 0 1 1 1 1 1 1 0 1 1 1 0 1
3 15 1478 0 1 1 0 1 0 1 0 1 1 1 1 1 1 1
4 15 1127 1 1 1 0 1 1 0 0 1 1 1 1 1 1 0
5 15 1310 1 1 1 0 1 1 1 1 1 0 1 0 1 1 1
6 15 1378 0 0 1 1 1 1 1 1 0 1 1 0 1 1 1
7 15 1050 1 1 1 0 0 1 1 1 1 1 1 0 1 1 1
8 15 1286 1 1 1 0 1 0 1 1 1 0 1 1 1 1 0
9 15 1357 1 1 0 0 1 1 1 1 1 1 0 0 1 1 1
10 15 1112 1 1 1 1 1 1 0 0 1 1 1 0 1 1 1
11 15 914 1 1 1 1 1 1 1 1 1 0 1 1 0 0 1
12 15 1077 1 1 1 0 1 1 1 1 1 1 1 1 1 0 1
13 15 1237 0 0 0 1 1 1 0 0 0 1 1 1 1 1 1
14 15 1146 0 1 1 1 1 1 1 1 1 0 0 1 1 1 1
15 15 1110 1 0 1 1 1 0 1 1 1 0 0 1 1 1 1
16 15 1310 0 1 1 1 0 1 0 1 1 1 1 1 1 0 1
17 15 1422 1 0 1 1 0 1 1 0 1 0 1 1 1 1 1
18 15 1459 1 1 1 1 1 1 1 0 1 1 1 0 0 1 0
19 15 1228 1 1 1 0 1 1 1 1 1 1 0 1 1 0 0
20 15 1477 1 1 1 1 0 1 1 1 1 1 1 0 0 1 1
21 15 975 1 1 1 1 1 1 1 1 1 1 0 0 0 1 1
22 15 1252 1 1 0 1 1 1 1 1 1 1 1 1 0 1 1
23 15 1336 1 1 1 1 1 0 0 1 1 1 1 0 1 0 1
24 15 1113 1 0 1 1 1 1 1 1 1 1 1 0 1 0 0
25 15 1355 0 1 1 1 1 1 0 1 1 1 1 1 1 0 1
26 15 1197 1 0 0 1 1 1 0 0 1 1 1 1 1 0 1
27 15 1337 1 0 1 1 1 1 1 1 0 1 0 1 1 1 0
28 15 1319 1 1 1 1 1 0 1 1 1 1 0 1 1 1 0
29 15 1219 1 1 0 0 1 1 1 1 1 1 1 1 1 1 0
30 15 1049 0 1 1 1 1 0 1 1 1 1 1 1 1 1 1
31 15 1349 1 0 1 1 1 1 1 0 1 1 1 0 1 1 1
32 15 1246 1 1 1 0 0 1 1 1 0 0 1 1 1 1 1
33 15 1233 0 1 1 1 1 1 1 0 1 1 1 0 1 1 0
34 15 1194 1 1 1 1 1 1 1 1 0 1 0 0 1 1 1
35 15 1137 0 1 0 1 1 1 1 0 0 1 1 1 1 1 1
36 15 1082 1 1 1 1 1 0 0 1 1 1 0 1 1 1 1
37 15 1431 0 1 1 1 1 1 1 0 1 0 1 1 1 1 1
38 15 1321 1 1 1 1 0 1 1 0 1 0 1 1 1 0 1
39 15 1205 1 0 1 0 1 1 1 1 0 1 1 1 1 1 1
40 15 1064 1 1 1 1 0 1 1 0 1 1 1 1 0 1 1
41 15 1252 1 1 0 1 0 0 1 1 1 1 1 0 1 1 1
42 15 1295 0 1 1 0 1 1 1 1 1 1 1 1 1 0 1
43 15 1255 0 1 1 0 1 1 1 1 0 1 0 1 1 0 1
44 15 1366 1 1 1 1 1 1 0 1 0 1 0 1 0 1 1
45 15 1340 1 1 1 0 1 1 1 1 1 0 1 0 1 1 1
46 15 840 0 1 1 0 1 1 1 1 1 1 0 1 1 1 1
47 15 1151 0 1 1 1 1 1 1 1 1 0 0 1 1 1 0
48 15 954 1 0 1 1 1 0 1 1 0 0 1 1 1 1 0
49 15 1508 1 0 0 1 1 1 1 1 0 1 1 0 1 1 1
50 15 1526 1 1 0 1 1 1 1 0 1 1 0 1 0 1 1
51 15 964 1 1 1 0 0 1 0 1 1 0 1 1 0 1 1
52 15 1182 1 0 1 1 1 1 1 1 1 0 1 1 0 1 1
53 15 1047 1 1 1 1 1 0 0 0 1 1 1 1 1 1 0
54 15 1308 1 1 1 0 1 1 1 0 1 1 1 1 0 1 0
55 15 1215 1 0 1 1 1 1 0 1 0 1 0 1 1 1 0
56 15 1214 1 1 0 1 1 1 1 0 1 1 1 1 1 1 1
57 15 1509 1 1 0 1 1 1 1 1 0 1 1 0 1 1 0
58 15 1160 1 0 1 1 0 1 1 1 1 1 1 1 1 1 0
59 15 1222 0 1 1 1 0 1 1 0 1 1 1 1 1 0 1
60 15 1073 1 1 1 0 0 1 1 1 1 1 0 0 1 1 1
61 15 1471 1 1 0 1 1 0 1 1 0 1 1 0 1 1 1
62 15 1305 1 1 0 1 1 1 0 1 1 1 0 1 1 0 1
63 15 1388 1 1 0 1 0 1 1 1 1 0 1 1 0 1 1
64 15 1069 1 1 1 1 0 1 1 1 0 0 1 1 1 1 1
65 15 1127 1 0 0 1 1 1 1 1 1 1 1 1 1 1 1
66 15 1175 1 1 1 0 1 1 1 1 0 1 1 1 1 1 1
67 15 1310 0 1 1 1 0 1 1 1 1 1 0 1 1 1 1
68 15 1185 1 0 1 0 1 1 1 1 1 0 1 1 0 0 1
69 15 1212 1 1 1 1 0 1 1 1 1 0 1 0 1 1 1
70 15 1206 1 0 1 1 1 1 1 1 1 0 1 1 1 0 0
71 15 1294 1 1 1 1 1 0 1 1 1 0 1 1 1 1 0
72 15 1162 1 1 1 1 1 1 1 0 1 1 1 1 1 0 0
73 15 1021 0 1 1 1 1 1 1 1 1 1 0 0 0 1 1
74 15 972 0 1 0 0 1 1 1 1 0 1 1 1 1 1 0
75 15 1267 0 0 1 0 0 1 0 1 1 1 1 1 1 1 1
76 15 1389 1 1 1 0 1 1 1 1 1 1 1 0 0 1 1
77 15 1126 0 1 0 0 1 1 0 1 1 1 1 0 1 1 0
78 15 1360 1 1 1 1 1 1 1 1 1 0 1 0 0 1 1
79 15 1109 1 0 1 1 0 0 1 1 1 1 1 0 1 1 1
80 15 1207 1 1 1 1 1 1 1 1 1 1 1 0 1 1 0
81 15 1086 1 0 1 0 1 1 1 1 1 1 1 1 1 1 1
82 15 1177 1 1 1 1 1 1 1 1 0 1 1 1 1 0 0
83 15 1086 0 0 1 0 1 1 1 1 0 1 1 1 1 1 1
84 15 1176 1 1 1 0 0 1 1 1 1 1 1 0 1 1 1
85 15 1110 1 1 0 1 1 1 0 0 0 1 1 1 1 1 0
86 15 1079 0 1 1 1 1 1 0 1 1 1 0 0 1 1 0
87 15 1274 1 1 1 1 1 1 0 0 0 0 1 1 1 0 1
88 15 1399 1 0 1 1 1 1 1 0 1 1 1 1 0 1 0
89 15 1182 0 1 1 0 1 1 1 1 1 1 1 1 1 0 1
90 15 1078 1 1 1 1 1 0 0 1 0 1 1 1 1 1 1
91 15 1220 0 1 1 1 1 1 1 0 1 1 1 1 1 1 1
92 15 952 1 1 0 1 1 1 1 1 1 0 1 1 0 0 1
93 15 1162 1 1 0 1 1 1 1 1 1 1 0 1 1 1 1
94 15 1264 0 0 1 1 1 1 1 0 1 1 1 1 1 1 0
95 15 1266 1 1 0 1 1 1 1 1 0 1 0 1 1 1 1
96 15 1153 1 0 1 1 0 0 1 1 1 1 0 1 1 1 1
97 15 1633 1 1 0 0 0 1 1 1 1 1 1 1 1 0 1
98 15 1038 1 0 1 1 1 1 1 0 1 1 1 0 0 1 1
99 15 1420 1 0 1 1 1 1 1 1 1 1 0 1 1 1 0
100 15 1040 1 1 1 1 1 1 1 0 1 1 1 1 0 1 1
