1 20 14216 1 1 1 1 1 1 0 0 1 1 1 1 0 1 1 1 1 1 0 1
2 20 17577 0 0 1 0 1 1 1 1 1 0 1 0 1 1 1 1 1 1 1 1
3 20 17731 0 0 0 1 0 1 1 1 1 1 1 1 1 0 1 1 1 1 1 1
4 20 17955 1 1 1 0 1 0 0 1 1 1 1 1 1 0 1 1 1 1 1 1
5 20 19153 0 1 1 0 0 1 1 1 1 1 1 1 0 1 0 1 1 1 1 1
6 20 18624 1 1 1 1 0 1 1 0 1 1 1 0 1 1 0 1 1 0 1 1
7 20 17500 1 0 0 1 1 1 1 1 0 1 0 1 1 0 1 1 1 1 1 1
8 20 19222 1 1 1 1 1 1 1 0 1 0 1 1 1 1 1 0 0 1 1 0
9 20 19337 0 1 1 0 1 1 1 1 0 0 1 1 1 0 1 1 1 1 1 0
10 20 19071 1 0 1 1 1 1 1 1 1 1 1 1 1 1 0 1 1 0 0 0
11 20 18258 1 1 1 1 0 1 1 1 1 1 0 1 1 1 1 0 0 1 1 0
12 20 17596 1 0 1 1 1 1 1 1 1 0 1 1 0 1 1 0 0 1 1 1
13 20 19930 1 1 0 1 1 1 1 1 1 1 1 0 0 0 0 1 1 0 1 1
14 20 20787 1 1 1 1 1 0 1 0 0 1 1 1 1 1 0 1 1 1 0 1
15 20 17069 1 1 1 1 1 0 1 1 1 1 1 1 1 0 1 0 1 0 1 0
16 20 16109 1 0 1 0 1 1 1 1 1 0 1 1 1 0 1 0 1 1 1 1
17 20 16105 1 1 1 1 1 1 1 1 1 1 1 0 1 1 0 1 1 0 1 0
18 20 18558 1 1 1 1 1 0 1 1 1 1 0 1 0 1 1 0 0 1 1 1
19 20 16955 1 1 1 0 1 0 1 1 1 1 1 1 1 1 1 1 0 0 1 1
20 20 17788 0 1 0 1 1 1 1 1 1 1 0 1 1 1 1 1 1 1 0 1
21 20 16942 1 0 1 1 1 1 1 1 0 1 1 1 1 1 0 1 1 0 1 1
22 20 16351 1 0 1 0 1 0 1 1 1 1 0 1 1 1 1 1 1 1 1 1
23 20 17494 1 1 1 1 1 1 1 0 0 1 1 0 1 0 1 1 0 1 1 1
24 20 17742 1 1 1 1 1 1 1 0 0 1 1 1 1 0 1 1 0 1 1 0
25 20 18388 1 1 0 0 1 1 1 1 1 0 1 1 1 1 1 1 0 1 1 0
26 20 20511 1 1 1 1 0 1 0 1 1 1 1 0 0 1 1 1 0 1 1 1
27 20 15770 1 0 1 1 0 1 1 0 1 1 1 1 1 1 0 1 0 1 1 1
28 20 19207 1 1 0 1 1 1 1 1 1 1 0 1 1 0 1 1 0 0 1 0
29 20 20056 1 1 1 1 1 1 1 1 1 1 1 1 1 0 0 0 1 0 1 0
30 20 18705 1 1 1 1 0 1 1 0 1 1 1 1 0 1 0 1 0 1 1 1
31 20 17120 1 1 1 1 0 1 1 1 1 1 1 0 1 0 1 1 1 0 1 1
32 20 15384 1 1 1 1 1 1 1 1 1 1 1 0 1 0 1 0 0 1 1 1
33 20 19877 1 1 1 0 0 0 1 1 1 1 1 1 1 0 1 1 1 0 1 1
34 20 18331 1 1 1 1 0 1 0 0 1 1 1 0 1 1 1 1 1 1 1 0
35 20 16359 1 1 1 1 1 1 0 1 1 0 1 1 0 1 1 1 1 1 1 0
36 20 16011 1 0 0 1 0 0 1 1 1 0 1 1 1 1 1 1 1 1 1 1
37 20 19582 1 0 1 0 1 1 0 1 1 1 0 1 0 1 1 1 1 1 1 1
38 20 18491 0 1 1 1 0 1 1 1 1 1 1 0 1 1 1 1 1 0 1 0
39 20 15104 1 1 1 1 1 1 0 1 1 0 1 0 1 1 0 1 1 1 1 1
40 20 18247 0 1 1 1 0 1 1 1 1 1 0 1 0 1 1 1 1 1 1 0
41 20 18615 1 1 1 1 1 1 0 1 1 1 1 1 0 0 0 1 1 1 1 0
42 20 19744 1 1 1 1 0 1 1 0 0 1 1 1 1 1 0 1 0 1 1 1
43 20 15510 1 0 1 1 1 1 1 0 1 1 1 1 0 0 1 1 1 1 0 1
44 20 19189 1 1 0 1 1 1 0 1 1 1 1 1 0 1 1 1 0 1 0 1
45 20 17642 1 1 1 1 1 1 1 0 1 1 1 1 1 1 0 0 1 0 0 1
46 20 19598 1 1 1 1 1 0 0 1 0 1 1 0 1 1 1 1 1 1 1 0
47 20 17692 0 1 1 0 0 1 1 1 1 1 1 1 0 1 1 1 1 1 1 1
48 20 18581 1 1 1 1 1 1 1 1 0 1 0 0 1 1 0 1 1 0 1 1
49 20 18099 1 1 1 0 1 1 1 0 1 0 1 1 1 1 1 1 1 0 1 0
50 20 20225 1 1 1 1 1 1 1 1 0 1 1 0 1 0 1 1 1 0 1 0
51 20 17110 1 0 1 0 1 1 1 1 1 1 1 1 0 1 1 0 0 1 1 1
52 20 17627 0 1 1 1 1 1 0 1 1 1 1 1 1 1 1 1 1 0 1 0
53 20 19888 1 0 0 1 1 1 1 1 1 1 1 0 1 0 0 1 1 1 0 1
54 20 15322 1 1 1 1 1 1 0 0 1 1 1 0 1 0 1 1 0 1 1 1
55 20 19299 0 0 1 1 1 1 1 0 1 1 1 1 1 1 0 1 1 1 0 1
56 20 19275 1 0 1 1 0 1 1 1 1 1 1 1 0 0 0 1 1 1 1 1
57 20 15743 1 1 1 1 1 0 1 0 1 1 0 1 1 1 1 1 0 1 1 1
58 20 20023 1 0 1 0 1 1 1 1 1 1 1 1 1 1 1 1 0 0 0 1
59 20 18219 1 0 1 1 1 1 1 1 1 1 0 1 1 1 1 0 1 0 0 1
60 20 18509 1 1 1 0 0 1 0 1 1 1 1 1 1 1 1 1 0 1 0 1
61 20 16941 1 1 0 1 1 1 1 1 0 1 0 1 0 0 1 1 1 1 1 1
62 20 19062 1 1 1 0 1 1 1 1 1 1 1 0 0 0 1 1 0 1 0 1
63 20 17566 1 0 1 1 1 1 1 1 0 1 0 1 1 1 1 0 0 1 1 1
64 20 16314 1 1 1 1 0 1 1 1 1 0 1 1 1 1 0 0 1 1 1 1
65 20 19198 1 1 1 1 0 1 0 1 1 1 1 1 1 1 0 1 0 1 1 0
66 20 17199 0 0 1 1 1 1 1 1 0 1 1 1 0 1 1 1 1 1 1 0
67 20 16847 1 1 1 1 0 1 0 0 1 1 0 1 1 0 1 1 1 1 1 1
68 20 17607 1 1 1 1 0 1 1 1 0 0 1 1 1 1 0 1 1 1 0 1
69 20 14939 1 1 1 1 1 1 1 0 1 1 1 1 1 0 0 1 0 1 1 0
70 20 19274 1 0 1 1 0 1 0 1 1 0 1 1 1 1 1 1 1 1 0 1
71 20 17496 0 1 0 0 1 1 1 1 1 1 1 1 0 1 1 1 1 1 1 0
72 20 16033 0 1 1 1 1 0 1 1 1 1 1 1 0 1 1 0 1 0 1 1
73 20 18649 1 0 1 0 1 1 0 1 1 1 1 1 1 0 1 0 1 1 1 1
74 20 20118 0 1 1 0 0 1 0 1 1 1 1 1 0 1 1 1 1 1 1 1
75 20 19124 1 0 1 1 1 1 1 1 1 1 1 1 1 0 0 1 1 0 0 1
76 20 14020 0 1 1 1 1 0 1 1 1 1 1 1 0 1 1 1 1 1 0 1
77 20 19759 1 0 1 0 1 1 0 1 1 0 1 1 1 1 1 1 0 1 1 1
78 20 16363 1 1 0 1 1 1 1 1 1 1 0 0 1 1 1 1 1 1 0 1
79 20 16371 1 1 1 0 1 1 1 1 1 1 1 0 1 1 1 0 0 1 0 1
80 20 18259 1 1 1 0 1 0 1 0 1 1 1 1 0 1 1 1 0 1 1 1
81 20 17292 1 0 1 0 1 0 0 1 1 1 1 1 1 1 1 1 1 1 1 1
82 20 18709 0 0 1 1 1 1 1 0 0 1 1 1 1 1 1 1 0 1 1 1
83 20 18910 0 1 0 1 1 1 0 0 1 1 1 1 1 1 0 1 1 1 1 1
84 20 16333 1 0 1 1 1 1 0 1 0 1 1 0 1 1 1 0 1 1 1 1
85 20 20814 1 0 1 0 1 0 1 1 1 1 1 0 1 1 1 0 1 1 1 1
86 20 17076 1 1 1 1 1 1 1 1 0 1 1 1 1 1 0 1 0 1 0 1
87 20 17501 1 1 1 1 1 1 0 1 1 0 0 1 1 1 1 0 1 1 1 1
88 20 17373 1 1 0 1 0 1 1 1 1 1 0 1 1 0 1 1 1 1 1 1
89 20 16130 1 1 1 1 0 0 0 1 1 1 1 1 0 1 1 1 1 1 0 1
90 20 16108 1 1 1 1 1 1 1 0 1 1 0 0 1 1 0 1 1 0 1 1
91 20 18065 0 1 1 0 0 1 1 1 0 1 1 1 1 1 1 0 1 1 1 1
92 20 19455 1 1 1 0 1 1 1 1 1 1 0 0 1 1 1 1 0 1 1 0
93 20 16488 1 1 1 0 1 1 1 1 0 1 1 1 1 1 1 1 0 1 0 1
94 20 17098 0 1 0 1 1 1 1 1 1 0 1 1 1 1 1 1 0 1 1 1
95 20 17220 1 0 1 0 1 1 1 0 0 1 1 1 1 1 1 1 1 1 0 1
96 20 16174 1 0 1 1 1 1 1 0 1 1 0 0 1 1 1 1 1 1 0 1
97 20 15199 0 1 1 0 1 0 0 1 1 1 1 1 1 1 0 1 1 1 1 1
98 20 19276 1 1 0 0 1 1 1 1 1 1 1 0 1 1 0 0 1 1 1 1
99 20 18110 1 1 1 1 0 0 0 1 1 1 1 1 1 1 0 1 1 1 1 0
100 20 18622 1 0 1 0 1 1 1 1 0 1 0 1 1 1 1 1 1 0 1 1
101 20 18938 1 1 1 1 1 0 0 1 1 1 0 1 1 1 1 1 0 1 0 0
102 20 17619 0 1 1 1 1 1 1 0 1 1 1 1 1 1 1 0 1 1 0 0
103 20 18753 1 1 0 1 1 1 1 0 1 0 0 0 1 1 1 1 1 1 1 0
104 20 18749 1 1 1 1 1 1 1 1 1 1 0 1 0 0 0 0 1 1 1 1
105 20 18291 1 1 1 1 1 1 0 1 0 1 0 1 1 1 1 0 1 1 0 1
106 20 18363 1 1 1 1 1 1 1 0 1 1 0 1 0 0 1 1 0 1 1 1
107 20 16513 0 0 1 1 1 1 0 1 1 1 0 1 1 0 1 1 1 1 1 1
108 20 18051 1 1 1 1 1 1 0 1 0 1 1 1 1 1 0 1 1 0 0 1
109 20 14741 1 1 1 1 0 1 1 1 1 0 1 0 1 0 1 1 1 1 1 1
110 20 16221 1 0 0 1 1 1 0 1 1 1 1 1 1 1 1 1 1 1 1 0
111 20 15832 1 0 0 1 1 1 1 1 1 1 1 0 1 0 1 1 1 1 0 1
112 20 18419 1 1 0 1 0 1 1 1 1 0 1 0 1 1 0 1 1 1 1 1
113 20 18323 0 1 0 1 1 1 1 1 1 1 1 1 0 1 0 1 1 0 1 1
114 20 16663 1 1 1 0 1 1 1 1 0 1 0 1 1 1 1 1 0 0 1 1
115 20 19527 0 1 1 1 1 1 1 1 0 1 1 0 1 0 1 1 1 0 0 1
116 20 17766 1 1 1 1 0 0 1 1 1 1 1 1 1 1 1 1 1 0 0 1
117 20 17900 1 1 0 0 1 1 1 1 1 1 0 1 1 1 1 0 1 1 0 1
118 20 17511 1 1 0 1 1 1 1 1 0 0 1 1 1 1 1 1 0 1 0 1
119 20 17629 1 1 0 0 1 1 1 0 1 1 1 1 1 1 1 1 1 1 1 0
120 20 19730 1 0 1 1 1 1 0 0 1 0 1 1 1 1 1 0 1 1 1 1
121 20 15031 1 1 1 0 1 1 1 0 1 1 1 1 0 1 0 1 1 1 1 1
122 20 18092 0 1 1 1 1 1 1 0 1 1 1 1 0 1 1 0 1 1 0 1
123 20 19038 1 1 1 1 1 1 1 0 0 1 1 0 0 1 0 1 1 1 1 1
124 20 16867 1 1 1 1 1 1 1 1 1 1 1 1 1 1 0 0 1 0 0 0
125 20 17393 1 1 1 0 1 1 1 1 0 1 0 0 1 1 1 1 1 1 1 0
126 20 19067 1 1 1 1 0 1 0 1 0 1 1 1 1 1 1 0 0 1 1 1
127 20 14100 1 0 1 0 1 1 1 1 1 0 1 1 1 1 1 0 1 0 1 1
128 20 17431 1 1 1 1 0 1 1 1 1 1 1 1 1 0 0 0 0 1 1 1
129 20 16212 1 1 1 1 1 0 1 0 1 1 1 1 1 1 0 1 1 1 0 1
130 20 17601 1 1 1 0 0 1 1 1 1 1 1 1 1 1 0 1 0 1 1 0
131 20 21580 0 0 1 1 1 1 1 0 1 0 1 1 1 1 1 1 0 1 1 1
132 20 17126 1 1 1 1 0 1 1 0 1 0 0 1 1 1 1 1 1 1 1 1
133 20 19190 1 0 1 1 1 1 1 1 1 1 1 1 0 0 1 0 0 1 1 0
134 20 16731 1 0 1 1 1 1 1 0 0 1 0 1 1 1 1 1 1 0 1 1
135 20 17896 0 1 1 1 1 1 1 1 1 0 1 0 1 1 1 1 1 0 1 1
136 20 18397 1 1 1 1 0 1 0 0 1 1 1 1 1 1 0 1 0 1 1 1
137 20 17428 1 1 0 1 1 1 1 1 1 0 1 1 1 1 1 0 1 0 1 0
138 20 16080 1 1 1 1 0 1 1 1 1 1 0 1 1 1 1 0 1 0 1 0
139 20 18568 0 0 1 1 1 1 1 1 1 1 1 1 0 1 1 1 0 0 1 1
140 20 18917 0 0 1 1 1 1 1 1 1 1 1 1 1 1 1 1 0 1 1 0
141 20 18796 1 1 1 1 1 1 0 0 0 1 1 1 0 1 1 1 1 1 1 0
142 20 19062 1 1 1 1 1 0 0 0 1 0 1 1 0 1 1 1 1 1 1 1
143 20 17327 0 1 0 1 1 1 1 1 1 1 1 0 0 0 1 1 1 1 1 1
144 20 16422 1 1 1 1 1 1 1 1 1 0 1 1 1 1 1 1 0 1 0 0
145 20 17792 0 1 1 0 1 1 1 1 1 0 1 1 1 1 1 1 0 1 1 0
146 20 18111 1 1 1 1 0 0 0 1 1 1 0 1 0 1 1 1 1 1 1 1
147 20 16843 0 1 1 0 1 1 1 1 1 1 1 1 0 1 0 1 1 1 1 1
148 20 19708 1 1 1 1 1 1 1 0 1 1 0 1 1 0 1 1 0 1 0 1
149 20 21085 1 1 0 1 0 1 1 0 1 1 1 1 1 1 1 0 0 0 1 1
150 20 18316 1 0 1 0 1 1 0 0 1 1 1 1 1 0 1 1 1 1 1 1
151 20 18466 0 0 1 1 1 0 1 1 1 1 1 0 1 1 1 1 0 1 1 1
152 20 17267 1 0 1 1 1 1 1 0 1 0 1 1 1 0 1 0 1 1 1 1
153 20 16173 1 1 1 1 0 1 0 1 1 1 1 0 1 1 1 0 1 1 1 1
154 20 15593 1 0 1 1 0 1 1 1 0 0 0 1 1 1 1 1 1 0 1 1
155 20 18007 1 1 1 1 1 1 0 1 1 1 0 1 1 0 1 0 1 0 1 1
156 20 17275 0 0 1 1 1 1 1 1 1 1 1 1 1 1 1 1 0 0 1 0
157 20 17084 1 1 1 0 1 1 0 1 1 1 1 0 1 0 1 1 1 0 1 1
158 20 16988 0 1 1 1 1 0 1 1 1 0 0 1 1 0 1 1 1 1 1 1
159 20 18261 0 1 1 1 1 1 0 1 1 0 1 1 1 1 0 1 1 1 1 0
160 20 21400 1 0 1 1 1 1 1 0 0 0 1 1 1 1 0 1 1 1 1 1
161 20 14823 1 1 1 0 1 1 1 0 1 1 0 1 1 1 1 1 1 0 1 1
162 20 15507 1 1 1 0 1 1 1 1 0 0 1 1 1 0 1 1 1 1 1 1
163 20 16637 1 1 1 1 1 1 0 0 1 1 1 1 0 1 1 1 0 1 1 0
164 20 19417 1 1 1 1 1 1 1 0 1 1 1 0 0 0 1 1 0 0 1 1
165 20 15437 1 1 1 1 1 1 1 0 1 0 1 1 1 1 1 1 0 1 0 1
166 20 20252 0 1 1 1 1 1 1 1 1 0 0 0 1 1 1 1 1 1 0 0
167 20 16529 1 0 1 1 1 1 1 0 1 0 1 1 1 0 0 1 1 1 1 1
168 20 22195 1 1 0 0 1 0 1 0 1 1 1 1 0 1 1 1 1 1 1 1
169 20 20135 1 1 0 1 1 0 1 1 1 1 1 1 1 0 0 1 0 1 1 1
170 20 19906 1 1 1 0 1 1 1 1 1 1 1 1 0 1 1 1 0 1 0 0
171 20 19805 1 1 0 1 1 1 1 1 0 1 1 0 0 1 1 1 0 1 0 1
172 20 17839 1 1 1 0 1 1 1 1 1 0 1 1 1 1 1 0 0 1 0 1
173 20 15899 1 1 1 1 1 0 1 0 1 1 1 1 1 1 0 1 0 0 1 1
174 20 15785 0 0 1 1 1 1 1 1 0 1 0 1 1 1 0 1 1 1 1 1
175 20 16344 0 1 0 1 0 1 1 1 1 0 1 1 1 1 1 1 1 1 0 1
176 20 15532 1 1 0 1 1 1 0 1 0 1 1 1 1 1 1 1 1 0 1 1
177 20 20867 1 1 1 1 1 1 0 1 0 1 1 1 1 1 1 1 0 0 0 0
178 20 19667 1 1 1 1 1 1 0 1 0 0 0 1 1 1 1 0 1 1 1 1
179 20 19591 1 1 0 1 0 1 1 1 1 0 1 0 1 1 1 1 0 1 1 1
180 20 20065 1 1 1 1 1 1 1 1 1 0 1 1 1 1 1 0 1 0 0 0
181 20 19365 1 1 0 1 1 0 0 1 1 1 1 1 1 1 1 0 1 0 1 1
182 20 18840 1 1 1 1 1 0 1 1 1 1 1 1 1 0 1 1 0 0 1 1
183 20 18232 0 1 0 0 1 1 1 1 1 1 0 1 0 1 1 1 1 1 1 1
184 20 18511 0 1 1 1 0 1 0 1 1 0 1 1 1 1 1 0 1 1 1 1
185 20 16423 1 1 1 1 1 0 1 1 0 1 1 1 0 1 0 1 1 1 1 1
186 20 18278 0 0 1 1 1 1 1 0 1 0 1 1 1 1 0 1 1 1 1 1
187 20 18468 1 0 1 1 1 1 1 1 1 0 1 1 1 1 0 1 1 1 0 0
188 20 20104 1 1 1 0 1 1 0 0 1 0 1 1 1 1 1 1 0 1 1 1
189 20 18328 1 0 1 1 1 0 1 0 1 1 1 0 1 1 0 1 1 1 1 1
190 20 16969 1 0 1 1 1 1 1 1 1 1 1 1 1 1 0 1 0 0 1 0
191 20 17198 0 1 1 1 1 0 1 1 1 1 0 1 1 1 1 1 0 0 1 1
192 20 21359 1 1 1 0 1 1 1 1 1 0 0 1 0 1 0 1 1 1 1 1
193 20 18004 0 1 1 1 1 1 1 0 0 0 1 1 1 1 1 1 1 1 1 0
194 20 17086 1 1 0 1 1 0 0 1 1 0 1 1 1 1 1 1 1 0 1 1
195 20 17583 1 1 1 0 0 1 0 1 1 1 1 1 1 1 1 1 1 1 1 0
196 20 19010 0 1 0 1 1 1 1 1 0 1 1 1 1 1 1 0 1 0 1 1
197 20 16311 1 1 1 1 1 0 1 1 1 0 1 1 1 1 1 0 1 0 1 1
198 20 18679 1 0 1 1 1 1 1 0 1 1 1 1 1 1 0 0 1 1 1 1
199 20 16124 0 1 1 1 1 1 1 1 1 1 0 1 1 1 0 1 1 0 1 1
200 20 16004 0 1 1 1 1 1 1 0 1 1 0 1 1 1 1 1 0 1 1 0
201 20 16996 0 1 1 1 1 1 1 1 1 1 0 0 1 1 1 0 1 1 1 1
202 20 15623 1 1 0 1 0 1 1 1 1 1 1 1 1 0 1 1 1 1 0 0
203 20 17201 1 0 1 1 1 1 0 0 0 1 1 1 1 1 1 1 1 1 1 1
204 20 18579 1 1 1 1 1 1 1 1 0 1 0 0 1 1 1 1 1 1 0 0
205 20 18329 1 1 1 0 1 1 1 1 1 0 0 1 1 1 1 1 1 0 0 1
206 20 17992 0 1 1 1 0 1 0 1 1 1 1 1 1 1 1 1 0 0 1 1
207 20 16914 1 0 1 0 0 1 1 1 1 1 1 1 1 1 1 1 1 1 0 1
208 20 15791 1 1 1 1 0 1 1 1 1 1 1 1 0 1 0 1 1 1 1 0
209 20 14603 1 1 1 1 0 1 0 1 1 1 0 1 1 1 1 1 1 0 1 1
210 20 18680 0 1 1 1 1 0 1 1 1 0 1 1 1 0 1 0 1 1 1 1
211 20 17414 1 1 1 1 1 0 0 1 1 1 0 1 0 0 1 1 1 1 1 1
212 20 15864 1 1 1 1 1 0 1 1 1 1 0 1 1 1 0 0 1 1 0 1
213 20 16841 1 0 1 1 1 1 1 1 1 1 0 1 1 1 1 0 1 0 1 0
214 20 19255 1 1 0 1 1 0 1 1 1 1 1 1 1 0 1 0 0 1 1 1
215 20 19204 1 1 0 1 1 1 1 1 0 1 1 1 1 1 1 0 0 1 0 1
216 20 19535 1 0 1 1 0 1 1 1 1 0 1 1 1 1 0 0 1 1 1 1
217 20 15748 1 1 1 0 1 1 0 1 1 1 1 1 1 1 1 1 0 1 1 0
218 20 17848 1 1 0 1 1 1 0 0 1 1 1 1 1 0 1 1 1 1 0 1
219 20 17742 0 1 1 0 1 1 1 1 1 0 0 1 0 1 1 1 1 1 1 1
220 20 15444 1 1 1 1 1 1 0 0 1 0 1 1 1 1 1 1 0 1 1 1
221 20 15484 1 1 1 1 1 1 1 1 0 0 1 1 0 0 0 1 1 1 1 1
222 20 19792 1 1 1 1 1 0 0 1 0 0 1 1 1 1 1 1 1 1 0 1
223 20 16778 0 1 1 1 1 1 1 1 0 1 0 1 1 1 1 1 0 1 1 0
224 20 18390 1 0 0 1 1 1 1 1 0 1 1 1 1 1 1 0 1 1 1 1
225 20 19173 1 1 0 1 1 1 1 1 1 0 1 1 1 0 1 0 1 1 1 0
226 20 21458 1 1 1 0 0 0 1 1 1 1 1 1 1 1 1 0 1 1 0 1
227 20 16295 1 1 1 1 1 1 0 1 1 0 1 1 1 1 1 0 1 1 0 0
228 20 14038 1 0 1 1 1 1 1 1 0 0 1 1 0 1 0 1 1 1 1 1
229 20 20083 1 1 0 0 1 1 0 1 1 1 1 1 0 1 1 0 1 1 1 1
230 20 17129 1 1 1 1 0 1 1 0 1 1 1 1 0 1 1 1 0 1 1 0
231 20 16791 1 0 1 1 1 1 0 1 0 1 1 1 1 1 1 1 1 0 1 1
232 20 18305 1 1 1 1 0 1 0 0 0 1 1 0 1 1 1 1 1 1 1 1
233 20 16398 1 1 1 1 1 0 1 1 1 1 0 1 1 1 1 0 1 1 1 0
234 20 18938 1 0 1 1 1 0 1 1 1 0 1 1 0 1 1 1 1 1 0 1
235 20 17848 1 1 1 1 1 0 1 1 1 0 1 0 0 1 1 1 1 1 1 0
236 20 17581 1 1 1 1 1 0 0 1 1 1 0 0 1 1 1 1 1 1 1 1
237 20 17997 1 0 1 0 1 1 1 1 1 1 1 0 1 1 0 1 1 1 0 1
238 20 19256 1 1 0 1 0 1 1 1 1 1 1 1 0 1 1 0 1 1 0 1
239 20 20047 0 1 1 0 1 1 1 1 0 1 1 1 1 1 0 0 1 1 0 1
240 20 19436 1 1 1 1 1 0 1 1 1 1 1 0 1 1 0 0 0 1 1 1
241 20 16109 1 0 1 1 0 1 1 0 1 1 1 1 1 1 1 1 0 1 1 0
242 20 21998 1 1 1 0 1 1 1 1 1 1 1 1 1 1 1 1 0 0 0 0
243 20 18517 0 1 0 0 1 1 1 1 1 1 1 1 1 1 1 1 1 0 1 1
244 20 13595 1 1 1 1 1 0 1 1 1 1 0 1 1 0 1 1 1 1 1 1
245 20 16436 1 1 0 1 1 1 1 1 1 1 0 0 1 1 1 1 1 1 0 1
246 20 19777 1 1 1 1 1 1 1 1 1 0 1 1 0 1 0 1 0 0 1 1
247 20 19654 1 1 1 0 1 1 1 1 0 1 0 0 1 1 1 0 1 1 1 1
248 20 15263 1 1 0 1 1 0 0 1 1 0 1 1 1 1 1 1 1 1 1 0
249 20 19620 1 1 1 1 1 0 0 1 0 1 1 1 1 1 1 1 1 1 0 0
250 20 19256 0 1 0 1 0 1 1 1 1 1 0 1 0 1 1 1 1 1 1 0
251 20 15297 0 1 1 1 1 1 1 1 0 1 1 1 0 0 0 1 1 1 1 1
252 20 17895 1 0 1 1 0 1 1 1 1 1 0 1 1 0 1 1 1 0 1 1
253 20 16109 0 1 1 0 0 1 0 1 1 1 1 1 1 1 1 1 1 1 1 1
254 20 16287 1 1 0 1 1 1 1 0 1 1 1 0 1 1 1 1 1 1 0 1
255 20 20382 1 1 1 1 1 1 1 0 1 0 0 1 1 1 1 0 1 1 1 0
256 20 16875 1 1 1 1 1 1 1 0 1 1 1 1 0 1 0 1 1 0 1 1
257 20 17528 1 1 1 1 0 1 1 0 1 0 1 1 1 1 1 0 1 1 0 1
258 20 17691 0 1 0 1 1 1 0 1 1 1 0 1 1 0 1 1 1 1 1 1
259 20 18590 1 1 1 1 1 1 1 1 0 1 1 1 0 1 0 0 0 1 1 1
260 20 16964 1 0 1 1 1 1 1 1 1 1 0 1 0 1 1 1 0 0 1 1
261 20 18861 0 1 1 1 1 1 1 1 0 1 0 1 1 0 1 0 1 1 1 0
262 20 14062 1 1 1 0 1 1 0 1 0 1 1 1 1 0 1 1 1 1 1 1
263 20 16993 1 0 1 1 1 1 0 1 1 1 1 1 1 1 1 0 1 1 0 1
264 20 18645 1 1 0 1 1 0 1 1 1 1 1 1 0 0 1 1 1 1 1 0
265 20 18681 1 0 0 1 1 1 1 1 0 1 1 0 1 1 1 1 1 0 1 1
266 20 17911 1 1 1 1 1 1 1 1 1 1 1 1 0 0 1 0 1 0 1 1
267 20 20259 1 0 1 0 1 1 1 1 1 0 1 1 1 1 0 1 1 0 1 0
268 20 16692 1 1 1 1 1 0 0 1 1 0 0 1 0 1 1 1 1 1 1 1
269 20 15864 1 1 0 1 1 1 1 0 1 1 1 1 1 1 0 1 1 1 0 0
270 20 18501 1 1 0 1 1 1 0 1 1 1 1 0 1 1 1 1 0 1 0 1
271 20 15521 1 1 1 1 1 1 0 1 1 1 1 0 1 0 1 1 1 0 0 1
272 20 19437 0 1 1 1 0 1 1 0 1 1 1 0 1 1 1 1 1 1 1 0
273 20 14621 0 1 1 0 1 1 1 0 1 1 1 1 1 1 1 1 1 1 0 1
274 20 15094 1 1 1 1 0 1 1 0 1 1 0 1 1 0 1 1 1 1 1 1
275 20 18896 1 1 1 0 0 1 1 1 1 1 1 1 1 0 1 1 0 1 1 0
276 20 16606 1 1 1 1 1 1 1 1 0 1 1 1 0 1 0 1 1 1 1 0
277 20 20491 1 1 0 1 1 1 1 1 1 0 1 0 0 1 1 1 0 1 1 1
278 20 19051 1 1 1 1 1 1 1 1 1 0 0 0 1 1 1 0 1 1 0 0
279 20 18064 1 0 1 1 1 1 0 0 1 1 0 1 1 1 1 1 1 1 1 0
280 20 16451 1 1 1 0 1 1 0 1 0 1 1 1 1 1 1 1 0 1 0 1
281 20 17889 1 0 1 1 1 0 1 1 0 1 1 1 1 1 1 0 1 1 1 1
282 20 18715 1 1 1 1 1 0 1 1 1 1 1 1 1 0 1 0 1 1 0 1
283 20 18131 1 1 1 0 1 1 1 1 1 1 1 1 0 0 0 1 0 1 1 1
284 20 15433 1 1 1 1 1 1 1 1 1 1 0 1 0 0 1 1 1 0 1 1
285 20 18624 1 1 1 0 1 0 1 1 1 1 0 0 1 1 1 1 1 1 1 0
286 20 15970 1 1 1 1 1 1 1 1 1 1 1 1 0 0 1 0 1 0 1 0
287 20 15728 1 0 1 1 0 1 1 0 1 1 1 1 1 1 1 0 1 1 1 1
288 20 15486 0 0 0 1 1 1 1 1 1 1 1 1 0 1 1 1 1 1 1 1
289 20 15808 1 1 1 1 1 1 1 1 1 1 1 1 1 1 0 1 0 0 1 0
290 20 18258 1 0 0 1 1 1 1 1 0 1 1 1 1 1 1 0 0 1 1 1
291 20 17677 0 1 1 1 1 0 1 1 1 1 1 1 1 0 1 1 1 0 0 1
292 20 15845 1 0 1 0 1 1 1 1 1 1 1 1 0 1 1 1 1 0 1 1
293 20 19064 1 0 1 1 1 1 1 0 0 1 1 1 0 1 1 1 1 1 0 1
294 20 17122 1 0 1 1 0 1 1 1 1 1 1 1 1 1 0 1 1 0 1 1
295 20 19036 1 0 0 1 1 1 1 1 1 1 0 1 1 1 1 1 0 0 1 1
296 20 20075 1 1 0 1 0 1 1 1 1 0 1 1 1 1 0 1 1 1 1 0
297 20 15926 1 0 1 1 1 1 0 1 1 1 0 1 1 0 1 1 1 1 1 0
298 20 15653 0 1 0 1 1 1 1 1 0 1 1 0 1 1 1 0 1 1 1 1
299 20 15274 1 0 1 1 1 1 1 0 1 1 1 1 1 0 1 1 1 1 0 1
300 20 20368 0 1 1 1 1 0 1 1 0 0 1 1 1 0 1 1 1 1 1 1
301 20 16744 0 1 1 1 1 0 1 1 1 0 1 1 1 1 1 1 1 0 1 0
302 20 15852 1 1 0 1 0 1 1 1 0 1 1 1 1 1 1 0 1 1 1 0
303 20 16162 1 1 1 1 1 1 0 1 0 1 1 0 1 1 1 1 1 1 0 1
304 20 18583 1 1 0 1 1 1 1 1 1 1 1 1 0 0 1 1 1 0 0 0
305 20 15318 1 1 1 0 1 1 1 1 1 1 1 1 1 0 0 1 1 1 0 1
306 20 18514 1 1 1 1 1 1 1 1 1 1 1 1 0 0 1 0 1 0 1 1
307 20 16553 1 1 1 1 1 1 1 1 1 1 1 0 1 0 1 1 0 1 1 0
308 20 13552 1 1 1 1 0 0 1 1 1 1 1 1 1 1 1 0 1 1 1 0
309 20 17345 0 1 1 0 0 1 1 0 1 1 1 1 1 1 1 1 1 1 1 0
310 20 18258 1 0 1 1 1 1 1 0 1 1 1 1 0 1 0 1 0 1 1 1
311 20 20607 0 1 0 0 1 1 1 1 1 1 0 1 1 1 1 1 1 1 1 0
312 20 18392 0 1 1 1 1 1 1 0 1 1 1 0 1 0 1 1 1 1 0 1
313 20 17159 1 1 1 1 1 0 1 1 1 0 1 1 1 1 0 1 1 1 0 0
314 20 18705 1 0 0 1 1 1 1 1 1 1 1 0 1 0 0 1 1 1 1 1
315 20 19293 0 1 0 1 1 1 1 1 1 1 0 0 1 1 1 1 0 1 1 1
316 20 20898 1 1 1 1 1 0 1 1 0 1 1 1 0 1 1 1 0 1 0 1
317 20 18990 1 1 1 0 0 0 1 1 1 1 1 1 1 0 1 0 1 1 1 1
318 20 17631 0 1 1 0 1 1 1 1 1 1 0 1 1 0 1 0 1 1 1 1
319 20 16936 0 0 1 1 1 1 0 1 1 1 1 1 0 1 1 1 1 0 1 1
320 20 17237 1 1 1 1 0 0 1 0 1 1 1 1 0 1 1 1 1 0 1 1
321 20 15839 1 1 1 1 1 0 1 1 1 1 0 0 1 1 0 1 1 1 1 1
322 20 14958 0 1 1 1 1 1 1 1 0 1 0 1 1 0 1 1 1 1 1 1
323 20 18110 1 0 1 1 1 1 1 1 0 1 1 1 1 1 0 1 1 0 1 0
324 20 19360 1 1 1 1 0 0 1 0 1 0 1 1 1 1 1 1 1 1 1 0
325 20 15065 0 1 1 1 1 1 1 1 0 0 1 1 1 1 0 1 1 1 0 1
326 20 20631 0 1 1 1 1 1 0 0 1 0 1 1 1 1 1 1 1 1 1 0
327 20 19271 1 1 1 1 0 1 1 0 0 1 1 1 1 1 0 1 1 0 1 1
328 20 18587 1 1 0 0 1 1 1 1 1 1 1 1 1 1 1 1 0 0 1 1
329 20 16063 1 1 0 0 1 0 1 1 1 1 1 1 1 0 0 1 1 1 1 1
330 20 18685 0 1 1 1 1 1 0 1 1 0 1 1 1 1 1 1 1 1 0 1
331 20 20369 1 1 0 1 0 1 1 0 1 1 1 1 1 1 0 0 1 1 1 1
332 20 17603 1 0 1 1 1 1 1 1 1 1 0 1 0 1 1 1 0 1 1 0
333 20 19179 1 0 1 1 1 1 1 1 1 0 0 1 1 0 1 1 1 0 1 0
334 20 16415 1 1 1 1 1 1 0 1 1 1 0 1 0 1 1 0 1 1 1 0
335 20 16196 1 1 0 1 0 1 1 0 1 1 1 0 1 1 1 1 1 1 1 1
336 20 16811 0 0 1 1 1 1 0 1 1 1 1 1 1 1 1 1 0 1 1 1
337 20 17791 1 1 0 0 1 1 1 1 1 1 0 1 1 0 1 1 1 1 1 0
338 20 19145 1 1 1 1 1 1 1 1 1 1 1 0 1 1 1 0 0 0 1 1
339 20 19213 0 1 1 1 1 1 1 0 1 0 1 1 1 0 1 1 1 0 1 1
340 20 16073 0 1 0 1 1 1 1 1 0 1 1 1 1 1 1 1 1 1 1 0
341 20 14460 1 1 1 1 1 1 0 1 1 1 1 1 1 1 0 1 1 0 1 0
342 20 16571 1 1 0 1 1 1 1 1 1 1 1 1 1 0 1 0 0 1 1 0
343 20 19898 1 0 1 0 1 1 0 1 1 0 1 1 1 1 1 1 1 1 1 0
344 20 17000 0 1 1 1 1 1 1 1 1 1 1 0 1 0 1 1 1 0 1 0
345 20 19078 1 1 1 1 0 0 1 0 1 1 1 1 1 1 0 0 1 1 1 1
346 20 17704 1 1 0 1 1 1 0 0 1 1 1 1 1 1 1 1 0 1 1 0
347 20 17189 1 1 0 1 1 1 1 1 0 1 0 0 1 1 1 0 1 1 1 1
348 20 15501 1 1 0 0 1 1 1 1 1 1 1 1 1 1 1 1 0 1 0 1
349 20 16407 0 1 0 1 0 1 1 1 1 1 1 1 1 1 1 1 1 1 1 0
350 20 16280 1 1 1 1 1 1 1 0 0 1 1 1 0 1 1 1 1 1 1 0
351 20 15403 1 1 0 1 1 1 1 1 1 1 1 0 1 0 1 0 1 1 1 1
352 20 17178 1 1 1 1 0 0 1 1 1 1 1 0 1 1 1 1 1 0 1 1
353 20 19833 1 0 1 0 1 1 1 1 1 1 1 0 1 1 0 1 1 1 0 1
354 20 16588 1 1 1 0 1 1 1 1 1 1 1 1 1 1 1 0 0 1 1 0
355 20 16858 0 1 1 0 1 1 1 0 1 1 0 1 1 1 1 1 1 1 0 1
356 20 16316 0 1 1 1 0 1 0 1 0 1 1 1 1 1 0 1 1 1 1 1
357 20 16453 1 1 1 1 0 1 1 0 0 1 1 0 1 1 1 0 1 1 1 1
358 20 16085 1 1 1 1 1 1 1 1 1 1 1 0 0 1 1 0 1 1 0 1
359 20 18508 0 1 0 1 1 1 1 1 0 0 1 1 1 1 1 0 1 1 1 1
360 20 15455 1 1 1 1 0 1 1 0 1 1 0 1 1 1 1 1 1 1 1 0
361 20 18742 0 1 1 1 1 1 1 0 1 0 0 1 1 1 1 1 1 0 1 1
362 20 15328 1 1 1 1 1 1 1 0 1 1 1 1 1 0 1 1 1 0 1 0
363 20 19579 1 1 1 0 0 1 1 1 1 1 0 1 1 1 0 1 1 1 1 0
364 20 17980 1 1 1 1 0 1 1 1 1 1 0 1 0 0 1 1 1 1 1 1
365 20 16566 1 1 1 1 0 1 1 0 1 0 0 1 1 1 1 1 1 0 1 1
366 20 18389 0 1 1 1 0 1 0 0 1 1 1 1 1 1 1 1 1 0 1 1
367 20 17825 1 0 1 1 1 1 1 1 1 1 1 0 0 1 1 0 1 1 0 1
368 20 17257 1 1 1 0 1 1 1 1 1 1 1 0 1 0 1 1 0 1 0 1
369 20 16518 1 1 0 1 1 1 1 1 1 1 0 1 1 1 1 0 0 1 1 1
370 20 15806 0 1 0 0 1 1 1 1 1 1 1 1 1 0 1 1 1 1 1 1
371 20 18791 1 1 0 0 1 1 1 1 0 0 0 1 1 1 1 1 1 1 1 1
372 20 18058 0 1 1 1 1 1 0 1 1 0 1 1 0 1 0 1 1 1 1 1
373 20 15574 1 0 1 1 0 0 1 1 1 1 1 1 1 1 0 1 1 1 1 1
374 20 16215 1 0 1 1 1 1 1 1 1 0 1 1 1 0 1 1 1 0 1 1
375 20 18820 1 1 1 0 1 1 1 1 1 1 0 1 1 0 0 1 1 1 0 1
376 20 19761 1 1 1 1 1 1 1 1 0 0 1 1 1 1 0 0 1 1 1 0
377 20 19060 1 1 1 0 0 1 1 0 1 1 1 1 0 0 1 1 1 1 1 0
378 20 17222 0 1 1 0 1 0 1 1 1 1 1 0 1 1 1 1 1 1 1 0
379 20 14353 1 0 1 0 1 1 1 0 1 1 1 0 1 1 1 1 1 1 1 1
380 20 15495 1 1 0 1 1 0 1 1 0 1 1 1 1 1 1 1 0 1 1 1
381 20 19988 1 1 0 1 1 1 1 1 0 1 1 1 1 0 1 1 0 0 1 1
382 20 16611 0 1 1 0 1 0 1 1 0 1 1 1 1 1 0 1 1 1 1 1
383 20 16279 1 0 1 1 1 1 1 1 1 1 0 1 1 1 0 1 0 1 1 1
384 20 19007 1 1 1 1 1 1 1 1 1 1 1 1 0 1 1 0 1 0 0 1
385 20 18848 1 0 1 0 1 1 0 1 1 1 1 1 1 1 1 1 0 0 1 1
386 20 17309 1 1 1 1 1 0 1 1 0 1 1 0 1 1 0 1 1 1 1 1
387 20 18775 0 1 0 1 1 0 1 1 1 1 1 1 1 1 1 1 0 1 1 0
388 20 18579 1 1 1 0 1 0 1 1 1 1 1 0 1 1 1 1 1 1 0 0
389 20 18387 1 1 1 0 1 1 0 1 1 0 1 1 1 1 1 1 1 0 1 0
390 20 16607 1 1 1 1 1 1 1 1 1 1 0 0 1 0 0 1 1 1 1 0
391 20 17096 0 1 1 1 0 0 0 1 1 1 1 1 1 1 0 1 1 1 1 1
392 20 17957 1 0 1 1 0 1 1 1 1 1 1 0 1 0 1 1 1 1 0 1
393 20 16996 1 1 1 1 1 1 1 1 1 1 1 0 0 0 1 0 1 1 1 1
394 20 22866 0 1 1 1 1 1 1 0 1 1 1 0 1 1 0 0 1 0 1 1
395 20 17898 1 1 1 1 0 1 0 1 1 0 1 1 1 1 1 1 0 1 1 0
396 20 17376 1 1 1 0 1 1 1 1 0 1 1 1 1 1 0 0 1 0 1 1
397 20 17467 1 1 1 1 1 0 1 1 1 1 0 1 1 1 0 1 1 0 0 1
398 20 18104 1 1 1 1 1 0 0 1 1 1 1 0 1 1 1 0 1 1 1 0
399 20 18625 1 1 1 1 1 1 0 0 1 0 1 1 1 1 1 1 1 0 1 1
400 20 18006 1 1 1 1 1 1 1 0 1 0 1 1 1 1 1 0 0 0 1 1
401 20 18265 1 1 1 0 1 1 0 1 1 1 0 1 1 1 1 1 0 0 1 1
402 20 19037 1 1 1 1 1 0 1 1 1 1 0 1 1 0 1 1 0 0 1 1
403 20 19790 1 1 1 1 0 1 1 1 0 1 0 0 1 1 1 1 1 1 0 1
404 20 18249 1 0 1 1 1 1 0 1 1 1 1 1 1 0 1 1 1 0 1 1
405 20 17036 1 1 0 1 0 1 1 1 0 1 1 0 1 1 1 1 1 1 1 1
406 20 15847 0 1 0 0 1 1 1 1 1 1 1 1 1 1 1 1 1 0 1 1
407 20 18655 1 1 1 1 1 1 0 0 1 1 1 0 1 0 0 1 1 1 1 1
408 20 17384 1 1 1 1 1 0 1 1 0 0 1 1 0 1 1 1 0 1 1 1
409 20 16289 1 1 1 1 0 0 1 1 1 0 1 1 1 1 1 1 0 1 1 0
410 20 17267 0 0 0 1 1 0 1 1 1 0 1 1 1 1 1 1 1 1 1 1
411 20 18770 0 1 0 0 1 1 1 1 1 0 1 1 1 1 1 1 1 0 1 1
412 20 17748 0 0 1 1 1 0 0 1 1 1 1 1 0 1 1 1 1 1 1 1
413 20 20230 1 1 0 1 1 1 0 1 1 1 1 1 1 1 1 0 0 1 1 0
414 20 15471 1 1 0 1 0 0 1 1 1 1 1 1 1 1 1 1 1 1 1 0
415 20 16946 1 1 1 1 1 1 1 1 1 1 1 1 0 1 0 0 0 1 0 1
416 20 20278 1 1 1 1 0 1 1 1 1 1 1 1 0 1 0 1 1 0 1 0
417 20 17893 1 0 1 1 1 1 1 0 0 1 1 1 1 0 0 1 1 0 1 1
418 20 17070 0 1 0 1 1 1 1 1 1 1 1 0 1 1 0 1 1 1 0 1
419 20 12828 1 1 1 1 0 1 1 0 1 1 1 1 1 1 0 1 1 0 1 1
420 20 18829 0 1 0 1 1 1 1 0 0 1 0 1 1 1 1 1 1 1 1 1
421 20 14799 1 1 0 1 1 1 1 1 1 0 0 1 0 1 1 1 1 1 1 1
422 20 18376 0 1 1 1 1 1 1 1 0 1 1 1 1 0 1 0 1 1 1 0
423 20 17972 0 1 1 0 1 1 1 1 0 1 1 0 1 1 1 1 1 1 1 0
424 20 15423 1 1 1 1 1 1 0 1 1 0 1 1 0 1 1 1 1 0 1 0
425 20 19704 1 1 1 1 0 1 0 1 1 0 1 0 1 1 1 1 1 0 1 0
426 20 16518 0 1 1 1 1 0 1 1 0 1 1 0 1 1 0 1 1 1 1 1
427 20 16196 0 1 0 0 1 1 1 1 1 1 1 1 0 1 1 1 0 1 1 1
428 20 16802 1 1 1 0 1 1 1 1 0 1 1 1 1 0 1 1 1 0 1 1
429 20 20380 1 0 1 1 0 1 0 1 1 1 0 1 1 1 0 0 1 1 1 1
430 20 18471 1 0 1 1 1 0 1 1 1 1 0 1 1 1 0 1 1 0 1 1
431 20 15819 1 1 1 1 1 1 1 1 1 0 1 0 0 1 0 1 1 1 1 1
432 20 20180 1 0 0 1 1 1 1 1 1 1 1 1 1 0 0 1 1 1 0 1
433 20 16023 1 1 0 0 1 1 1 1 1 1 1 1 0 0 1 1 1 1 0 1
434 20 20845 1 1 1 1 1 1 0 0 1 1 1 1 0 1 1 1 0 1 0 1
435 20 20111 1 0 1 1 1 0 1 1 1 1 1 1 1 0 1 0 1 0 1 1
436 20 20847 1 1 0 1 1 1 1 1 0 1 0 1 0 1 1 1 1 1 0 1
437 20 18067 0 1 1 0 1 1 1 1 0 0 1 1 1 1 0 1 1 0 1 1
438 20 17446 1 1 0 1 1 1 1 1 0 1 1 1 0 0 0 1 1 1 1 1
439 20 16053 1 0 1 1 1 1 1 0 1 1 1 1 1 1 0 1 1 0 1 0
440 20 17636 1 1 0 1 1 0 1 1 1 1 1 1 1 0 1 1 1 1 0 0
441 20 16225 1 1 1 1 1 1 1 1 1 0 1 1 0 0 1 1 1 1 1 0
442 20 17792 1 1 0 1 1 1 0 1 1 1 0 1 1 1 0 0 1 1 1 1
443 20 16694 0 1 0 0 1 1 1 1 1 0 1 1 1 1 1 0 1 1 1 1
444 20 15016 1 1 1 1 1 1 1 1 1 1 1 0 1 1 1 0 0 1 1 0
445 20 16361 0 1 1 1 1 1 1 0 1 1 0 1 1 1 1 1 1 1 0 1
446 20 17922 1 0 1 1 1 1 1 1 1 1 0 0 0 1 1 0 1 1 1 1
447 20 19178 1 1 0 1 1 0 1 1 1 1 0 1 1 1 0 1 1 1 1 0
448 20 17759 1 1 1 1 0 1 0 0 1 1 1 0 1 1 1 1 1 1 0 1
449 20 19256 1 1 1 0 0 0 1 1 0 1 1 1 1 1 0 1 1 1 1 1
450 20 17634 1 1 1 1 1 1 1 0 1 0 1 0 1 1 1 0 1 1 0 1
451 20 18030 1 1 1 1 0 1 1 1 0 1 1 1 1 1 1 0 1 0 0 1
452 20 18962 1 1 1 1 1 0 1 1 1 1 1 0 1 0 0 1 0 1 1 1
453 20 17871 1 1 1 1 0 0 1 1 1 1 1 1 1 1 1 1 0 1 0 0
454 20 15156 0 1 1 1 1 1 1 1 1 0 1 1 1 1 0 1 1 0 1 1
455 20 19362 1 1 1 1 1 0 1 1 0 1 1 1 1 0 1 0 0 1 1 1
456 20 18495 0 0 0 1 1 1 1 1 1 1 1 0 1 1 1 1 0 1 1 1
457 20 17381 1 1 0 0 1 0 1 0 1 1 1 1 1 0 1 1 1 0 1 1
458 20 17204 1 1 1 1 0 1 1 1 0 0 1 1 1 1 0 1 0 1 1 1
459 20 19340 0 0 1 0 1 1 1 1 1 1 1 1 1 1 0 1 1 1 0 1
460 20 18103 1 0 1 1 1 1 1 1 0 1 1 1 1 1 0 1 0 1 1 0
461 20 18329 1 0 1 1 0 1 1 1 1 1 1 1 1 0 1 0 1 1 0 1
462 20 15474 1 1 1 1 1 0 1 1 0 0 1 1 1 1 1 0 1 1 1 1
463 20 19056 1 0 1 1 1 1 0 1 1 1 1 0 1 1 0 1 1 1 0 1
464 20 17620 1 0 1 1 0 1 1 1 0 1 1 0 0 1 1 1 1 1 1 1
465 20 18091 1 1 1 1 1 1 0 0 1 1 0 1 1 0 1 1 1 1 1 0
466 20 16775 1 1 1 0 1 1 1 1 1 1 1 1 1 1 1 0 1 1 0 0
467 20 18765 1 0 0 1 1 1 1 0 1 1 1 1 1 1 1 1 1 1 0 0
468 20 16493 0 1 1 1 1 0 0 1 0 1 1 1 1 1 1 1 0 1 1 1
469 20 18717 1 1 1 1 0 1 0 1 0 1 1 0 1 1 1 1 1 0 1 1
470 20 18031 1 1 1 0 1 1 1 0 1 1 1 0 1 1 1 1 1 0 1 0
471 20 17053 0 1 0 1 1 0 1 1 1 1 1 0 1 1 1 1 1 1 1 1
472 20 16645 1 1 0 1 1 1 0 1 1 1 1 1 1 1 0 1 1 0 0 1
473 20 16678 1 1 1 1 1 1 1 1 0 1 0 1 1 1 0 1 0 1 1 0
474 20 15729 1 1 1 1 1 1 1 0 1 0 1 1 1 1 0 1 0 1 1 1
475 20 17349 1 1 1 1 0 1 1 0 1 1 0 1 0 1 1 1 1 1 1 1
476 20 15527 1 1 1 0 1 1 0 1 1 0 1 1 1 1 1 1 1 1 0 1
477 20 18646 1 1 1 0 1 1 1 1 1 1 1 0 1 0 1 1 1 1 0 0
478 20 17708 1 1 1 0 1 1 1 0 1 1 1 1 0 1 0 1 1 0 1 1
479 20 19411 1 1 1 0 1 1 1 1 0 0 1 1 1 0 1 1 0 1 0 1
480 20 16421 0 1 1 0 1 1 0 1 1 1 1 1 0 1 1 1 1 1 1 1
481 20 19372 1 0 0 1 1 1 1 1 1 0 1 1 1 1 1 1 0 1 0 1
482 20 20017 0 1 1 0 1 0 0 1 1 1 1 1 1 1 1 0 1 1 1 1
483 20 20182 1 1 1 1 0 0 1 1 1 0 1 1 1 1 1 0 1 0 1 0
484 20 17224 1 1 1 1 1 1 1 1 1 1 0 0 1 0 1 0 1 1 0 1
485 20 19986 0 1 1 0 1 0 1 1 1 1 1 0 1 0 1 1 1 1 1 1
486 20 15070 1 1 1 0 0 1 0 1 1 1 1 1 1 1 1 1 1 1 0 1
487 20 18371 0 0 1 1 1 1 1 1 1 1 1 0 1 0 1 0 1 1 1 1
488 20 17649 1 1 1 0 1 1 1 1 1 1 1 1 1 0 0 1 0 0 1 1
489 20 17318 1 1 0 1 1 1 1 1 0 1 1 1 1 0 1 0 1 1 0 1
490 20 18034 1 1 1 1 1 0 0 1 0 1 1 1 1 1 0 0 1 1 1 1
491 20 18885 1 1 1 1 1 1 1 0 1 0 1 0 1 1 1 0 1 1 1 1
492 20 17672 1 1 1 1 1 1 1 1 1 1 0 1 0 1 1 0 1 0 1 0
493 20 17716 1 0 1 1 1 1 1 0 1 1 1 0 1 1 1 0 0 1 1 1
494 20 19306 1 1 1 1 1 1 1 0 1 1 1 1 0 1 0 1 1 1 0 0
495 20 19147 1 1 1 1 1 0 0 0 0 1 1 1 1 1 1 1 0 1 1 1
496 20 18453 1 1 0 1 1 1 1 1 1 1 1 0 1 1 0 1 1 0 1 0
497 20 17741 1 0 1 1 1 1 1 1 1 1 1 0 1 0 1 1 1 1 1 0
498 20 19442 0 1 1 1 1 0 1 1 1 1 0 1 0 1 1 1 1 1 1 0
499 20 18090 1 0 1 1 0 0 1 1 1 1 1 1 1 0 1 1 0 1 1 0
500 20 18059 1 0 0 1 1 1 0 1 1 1 1 0 0 1 1 1 1 1 1 1
