1 25 20708 1 1 1 1 1 1 1 0 1 1 1 1 1 1 0 1 1 1 0 1 1 0 0 1 1
2 25 20527 1 1 1 0 1 0 1 1 1 1 1 1 1 1 1 1 0 0 1 1 1 1 0 0 1
3 25 22347 1 1 1 1 1 1 1 1 1 0 1 1 0 1 1 1 0 0 1 1 1 1 0 1 0
4 25 22933 1 1 1 1 1 0 1 1 1 0 1 1 0 1 0 0 1 1 0 1 1 1 1 1 1
5 25 24296 0 1 0 1 1 1 0 1 1 1 0 1 1 1 1 0 1 1 1 1 1 1 0 0 1
6 25 21653 1 1 1 1 0 1 1 1 1 1 1 1 1 1 1 1 0 1 0 1 0 0 1 1 0
7 25 25403 1 1 1 1 1 1 0 1 1 1 0 1 1 1 1 1 0 1 1 1 0 1 0 0 1
8 25 22503 1 0 1 1 1 1 1 0 0 0 1 1 1 1 1 1 1 1 1 1 1 1 1 0 0
9 25 22883 1 1 1 1 1 1 0 1 1 0 1 1 0 1 0 1 1 0 1 1 1 0 1 1 1
10 25 22318 1 1 1 0 1 1 0 1 1 0 1 1 1 0 1 1 1 1 1 1 0 0 1 1 1
11 25 25125 1 0 0 1 1 0 1 1 1 0 1 1 1 1 1 1 1 1 0 1 0 1 1 1 1
12 25 23579 1 1 1 0 1 0 0 1 1 1 1 1 1 1 1 1 1 1 0 0 1 1 1 0 1
13 25 20952 1 1 1 1 1 1 1 1 1 1 1 1 0 1 0 1 0 0 0 1 1 1 0 1 1
14 25 20625 1 1 1 1 1 1 1 1 1 0 1 1 1 1 0 0 1 1 0 0 1 1 1 1 0
15 25 22598 1 1 0 0 1 0 1 1 0 1 1 1 1 1 1 1 1 1 0 1 0 1 1 1 1
16 25 21028 1 1 1 0 1 0 1 1 1 1 1 0 0 1 1 1 1 1 1 0 1 0 1 1 1
17 25 20991 1 1 1 0 1 1 0 0 1 1 1 1 0 1 1 1 1 1 0 1 1 0 1 1 1
18 25 20345 0 1 1 1 0 1 1 1 1 0 1 1 1 0 1 1 1 1 1 1 1 1 1 0 1
19 25 22175 0 1 1 1 1 1 1 0 1 1 1 1 1 1 1 0 1 1 1 0 1 1 0 0 1
20 25 23699 0 1 1 1 1 1 1 0 0 1 1 1 0 1 1 0 1 1 1 1 1 1 1 1 0
21 25 25103 1 1 1 1 1 1 1 1 1 0 1 0 1 1 1 1 0 1 1 1 1 0 1 0 0
22 25 19439 1 1 1 1 0 0 1 0 1 1 0 1 1 1 0 1 1 1 1 1 1 0 1 1 1
23 25 25661 0 1 1 1 1 0 1 1 0 1 1 0 1 1 0 1 1 1 1 1 1 1 1 1 0
24 25 24940 0 1 1 0 1 0 1 0 1 1 1 1 1 1 1 1 1 1 0 1 1 1 1 1 0
25 25 20901 0 1 1 1 1 0 1 1 1 1 1 1 1 1 1 1 1 1 1 0 0 1 1 0 1
26 25 20552 0 1 1 1 1 1 1 1 1 0 0 1 0 1 1 1 1 1 1 0 1 1 1 1 1
27 25 24975 0 1 1 1 1 1 1 1 1 0 1 1 1 1 0 1 0 1 1 1 1 1 1 0 0
28 25 20451 1 0 0 1 1 1 1 0 1 1 1 0 1 1 1 1 1 1 0 1 1 0 1 1 1
29 25 21094 1 1 1 1 1 1 1 1 0 0 1 1 1 1 1 0 0 1 1 0 1 1 0 1 1
30 25 23732 1 1 1 1 1 0 1 0 1 1 1 0 1 1 0 1 0 1 1 1 1 1 1 0 0
31 25 20908 1 0 1 1 1 1 1 0 0 1 1 1 1 1 1 1 0 1 1 1 1 1 1 1 0
32 25 23273 1 1 1 0 1 1 1 1 1 1 1 1 1 0 1 1 1 0 1 1 1 0 0 1 0
33 25 21941 1 1 1 1 1 1 1 1 1 1 1 1 1 1 0 1 1 1 0 1 0 1 0 0 1
34 25 24595 1 1 1 1 1 1 1 0 1 1 0 0 1 1 1 0 1 0 1 1 0 1 1 1 1
35 25 20567 1 1 1 0 1 1 1 1 1 1 1 0 1 1 1 1 0 1 1 1 0 0 1 0 1
36 25 21761 1 1 1 1 0 1 1 1 1 0 1 0 1 1 1 1 1 0 1 1 1 0 1 1 1
37 25 24325 0 1 1 0 1 1 0 1 1 1 1 1 1 1 1 0 1 1 1 1 0 1 0 1 1
38 25 22647 1 0 0 1 0 1 1 1 0 1 1 1 1 1 1 0 0 1 1 1 1 1 1 1 1
39 25 23322 0 1 1 1 1 1 1 0 1 1 1 0 1 0 1 1 0 1 1 1 0 1 1 1 1
40 25 22007 1 1 1 0 1 1 1 1 1 0 0 1 1 1 1 1 1 0 0 1 0 1 1 1 1
41 25 24959 0 1 0 1 1 1 0 1 1 1 0 1 1 1 1 1 0 1 1 0 1 1 1 1 1
42 25 21863 1 0 1 1 1 0 1 1 1 1 0 0 1 1 1 1 1 1 1 1 1 1 0 1 1
43 25 23247 1 1 0 0 1 1 1 1 0 0 1 0 1 1 1 1 0 1 1 1 1 1 1 1 1
44 25 21953 1 1 1 1 1 1 1 1 0 1 1 1 1 1 1 1 0 0 1 1 0 1 1 0 1
45 25 26274 1 0 1 1 0 1 1 1 0 1 1 1 1 1 1 1 1 1 1 0 1 1 1 0 0
46 25 18800 1 1 1 1 1 1 1 1 1 0 1 0 1 0 0 1 0 1 1 1 1 1 1 1 1
47 25 24776 1 1 0 1 1 1 1 1 1 1 1 1 1 1 0 1 0 1 1 0 1 0 1 0 1
48 25 22582 1 1 1 1 1 1 0 1 0 1 1 0 1 0 0 1 1 1 1 1 1 1 1 0 1
49 25 22470 1 1 1 1 0 1 1 1 1 0 1 0 1 1 1 1 1 1 1 1 0 0 0 1 1
50 25 23301 1 1 1 0 0 1 1 1 1 1 1 1 0 1 1 1 1 1 1 0 0 1 1 0 1
51 25 21741 1 1 1 1 1 1 1 1 0 1 1 1 0 1 1 1 0 0 1 1 1 0 1 1 0
52 25 21978 1 1 1 1 1 1 0 1 1 1 1 0 1 1 1 0 1 1 1 1 1 1 1 0 0
53 25 21367 0 1 1 1 1 1 1 1 0 0 1 1 0 1 1 1 1 1 1 1 0 1 1 1 1
54 25 23676 0 1 1 0 1 1 0 0 1 1 1 1 1 1 0 1 1 1 1 0 1 1 1 1 1
55 25 20923 1 1 1 1 1 1 1 0 1 1 1 0 1 0 1 1 1 0 1 1 1 0 1 1 1
56 25 21423 1 1 1 1 0 0 1 0 1 1 1 1 0 1 1 1 1 1 1 1 1 1 1 0 0
57 25 21334 1 1 0 1 1 1 1 1 1 1 0 0 1 1 0 1 0 1 1 1 1 1 1 1 1
58 25 21061 0 0 1 0 1 0 1 1 1 1 1 1 1 1 1 0 1 1 1 1 1 1 1 1 0
59 25 24240 1 1 1 1 1 0 1 0 0 1 1 1 0 1 1 1 1 1 0 1 1 1 1 1 1
60 25 24901 1 1 1 1 1 0 0 1 1 1 1 0 1 1 0 1 1 1 0 1 1 1 1 0 1
61 25 21195 1 0 0 1 1 1 1 1 1 1 1 1 0 1 1 0 1 1 1 0 0 1 1 1 1
62 25 21698 1 1 1 1 0 1 1 0 1 1 1 1 1 0 0 1 1 1 1 1 1 1 0 0 1
63 25 20938 1 0 1 1 0 1 1 1 1 1 1 1 0 1 1 0 0 1 1 1 1 1 1 1 1
64 25 21155 1 1 1 0 1 1 1 1 1 1 1 1 1 0 1 1 0 0 1 1 1 0 1 1 0
65 25 24092 0 1 1 1 1 1 1 1 1 1 1 1 1 1 1 0 1 0 1 0 1 0 0 1 1
66 25 20802 1 1 1 1 1 1 1 1 1 0 0 0 0 1 0 0 1 1 1 1 1 1 1 1 1
67 25 23355 1 1 1 0 1 1 1 1 0 0 1 1 0 0 1 1 1 1 1 1 0 1 1 1 1
68 25 22839 1 1 1 1 1 1 1 1 1 1 1 0 0 1 1 1 0 1 1 1 1 1 0 0 0
69 25 22949 1 0 1 1 1 0 1 1 1 1 1 0 1 1 0 1 0 1 1 1 1 0 1 1 1
70 25 22596 1 0 1 1 1 1 1 1 1 1 1 0 1 1 1 1 1 1 0 0 1 0 0 1 1
71 25 21376 1 1 1 1 1 1 1 1 1 0 0 0 1 1 1 1 1 0 1 1 0 1 1 0 1
72 25 20191 1 1 1 1 1 0 0 1 1 1 1 1 1 1 0 0 1 1 1 1 0 1 1 0 1
73 25 20637 1 1 1 1 1 1 1 1 0 1 0 1 0 1 0 1 1 1 0 1 1 0 1 1 1
74 25 23029 1 1 1 1 1 1 1 1 1 1 0 1 0 1 1 1 0 0 1 1 0 1 1 0 0
75 25 21428 1 1 1 0 1 1 0 0 1 1 1 0 1 1 0 1 1 1 1 1 1 1 1 1 0
76 25 22376 0 1 1 0 1 1 1 1 1 1 1 1 0 1 1 1 1 0 1 1 1 1 1 0 1
77 25 19526 1 0 1 1 1 1 0 1 0 1 1 1 0 1 1 1 1 1 0 1 1 1 1 1 1
78 25 21367 0 1 1 1 0 0 1 1 1 1 1 0 1 1 1 1 1 0 0 1 1 0 1 1 1
79 25 21855 1 1 0 1 1 1 1 1 1 0 1 1 1 1 1 1 0 1 1 1 1 0 1 0 1
80 25 23431 1 1 1 1 1 0 1 1 1 1 1 1 0 1 0 1 1 0 1 1 1 1 1 0 0
81 25 24116 0 0 1 1 1 1 1 0 1 1 1 1 1 1 0 1 1 1 1 1 1 0 0 1 1
82 25 21313 0 1 1 1 1 1 1 1 0 0 1 1 0 0 1 1 1 1 1 1 1 1 0 1 1
83 25 25354 1 1 0 1 0 1 1 1 1 1 1 1 1 1 1 0 0 0 1 1 0 1 1 1 1
84 25 22346 1 1 1 0 1 1 1 1 1 0 1 1 1 1 0 0 1 0 1 1 0 1 1 1 1
85 25 22773 0 1 1 1 1 1 0 1 1 0 0 1 1 1 1 0 1 1 0 0 1 1 1 1 1
86 25 21488 1 1 0 0 1 1 1 0 1 1 1 0 1 1 1 1 0 1 1 1 1 0 1 0 1
87 25 21348 0 1 1 1 1 1 0 1 0 1 1 1 0 1 1 1 1 1 1 0 1 0 1 1 1
88 25 20218 1 1 1 0 1 0 1 1 1 1 1 1 1 1 1 0 1 0 1 0 1 1 1 1 1
89 25 19866 1 1 0 0 1 1 1 0 1 1 1 1 1 1 1 0 1 1 0 1 1 1 1 1 1
90 25 20460 1 1 1 1 0 1 1 1 1 0 1 0 1 1 1 1 0 1 1 1 1 0 1 1 0
91 25 22688 0 1 1 1 1 0 1 1 0 1 0 0 1 1 1 1 1 1 1 1 1 1 1 1 0
92 25 23116 1 1 1 1 1 1 0 1 1 1 0 0 1 1 1 0 0 0 1 1 1 1 1 1 1
93 25 23405 1 1 0 0 1 1 1 1 1 1 0 0 1 1 1 1 1 1 1 0 0 1 1 1 1
94 25 23608 1 0 0 1 1 1 1 0 1 1 1 1 1 1 0 1 1 1 1 1 1 0 1 1 0
95 25 20428 1 1 1 1 0 1 1 1 1 1 0 1 1 0 1 1 1 1 1 1 1 0 0 1 0
96 25 21625 1 1 1 0 1 1 1 1 0 1 0 1 1 1 0 0 1 1 1 1 1 1 0 1 1
97 25 24245 1 1 0 1 1 1 1 1 1 1 0 1 0 1 0 1 1 0 0 1 1 1 1 0 1
98 25 21620 1 1 1 1 0 1 0 1 1 1 1 1 0 1 1 1 1 1 1 0 1 0 1 1 1
99 25 23476 1 1 1 1 1 1 1 1 0 1 1 0 1 1 1 1 1 0 0 1 1 0 1 1 0
100 25 18982 0 1 0 1 1 1 1 1 1 1 1 1 1 1 1 1 1 1 0 0 1 0 1 0 1
101 25 22956 1 1 1 1 1 1 1 0 1 1 1 1 0 0 0 1 1 0 1 0 1 1 1 1 0
102 25 24084 0 0 1 1 1 1 1 1 1 1 1 1 1 1 0 1 1 1 1 0 1 0 0 1 1
103 25 16372 1 1 1 0 0 1 1 1 1 1 1 0 1 1 1 0 1 0 1 1 1 1 1 1 1
104 25 22988 1 1 1 1 0 1 1 0 1 0 1 1 1 1 1 0 0 1 1 1 1 1 0 1 1
105 25 21577 1 1 1 1 1 0 0 1 1 1 1 1 1 0 0 1 1 1 1 1 1 1 1 0 0
106 25 26246 0 0 1 1 1 1 1 1 1 0 1 1 1 0 1 1 0 1 0 1 1 1 1 1 1
107 25 22477 1 1 1 1 0 0 1 1 1 1 1 1 1 1 1 0 0 0 0 1 1 1 1 1 1
108 25 21840 0 1 0 1 0 1 1 1 1 1 1 1 1 1 0 1 1 1 0 1 1 0 1 1 1
109 25 21530 1 1 1 1 1 0 1 1 1 1 1 0 1 1 1 0 1 0 1 1 1 0 1 0 1
110 25 23839 1 1 1 1 1 1 0 0 1 1 1 1 0 1 1 0 1 1 1 1 1 1 0 1 0
111 25 21287 1 1 1 1 1 0 0 1 1 1 1 0 0 1 1 1 1 1 1 1 1 0 1 1 1
112 25 20735 1 0 1 1 1 1 1 1 1 1 0 1 1 0 1 1 1 1 1 1 0 0 1 1 0
113 25 23426 1 1 0 1 1 1 1 0 0 1 1 1 1 1 1 1 1 1 1 1 1 0 1 0 1
114 25 23314 0 1 1 1 1 1 1 0 0 1 0 1 1 1 0 1 1 1 1 1 1 0 1 1 1
115 25 25995 1 1 1 0 0 1 0 1 1 1 1 1 1 1 1 1 1 1 0 1 0 0 1 1 1
116 25 19494 1 1 0 1 0 0 1 1 1 1 1 1 1 1 1 1 1 1 1 0 1 1 1 1 0
117 25 22258 1 1 1 1 1 0 1 0 0 1 1 1 0 1 1 1 1 1 1 1 1 1 1 0 1
118 25 22516 1 0 1 0 0 1 1 1 1 1 1 1 1 1 1 0 1 1 1 1 1 0 1 1 0
119 25 20094 1 0 1 1 1 1 1 1 0 1 0 1 1 1 1 1 1 0 0 1 1 0 1 1 1
120 25 26756 0 1 1 0 1 1 1 0 1 1 1 0 1 1 1 1 0 1 0 1 1 0 1 1 1
121 25 25436 1 1 1 1 1 1 0 0 0 1 1 1 0 1 1 1 1 1 0 1 0 1 0 1 1
122 25 21320 1 1 1 1 0 1 1 1 1 0 0 1 0 1 0 0 1 1 1 1 1 1 1 1 1
123 25 20809 0 0 1 1 0 0 0 1 1 1 1 1 1 1 1 1 0 1 1 1 1 1 1 1 1
124 25 21481 0 0 1 1 1 1 1 1 1 0 1 1 1 0 1 1 1 0 1 1 1 1 1 1 0
125 25 21118 1 1 1 1 1 1 0 1 1 1 1 1 1 1 0 1 0 1 1 0 1 1 1 0 1
126 25 21891 1 0 1 1 1 0 1 1 1 1 1 1 1 1 0 1 1 0 1 1 0 1 1 0 1
127 25 21482 1 1 1 0 1 1 0 0 0 1 1 1 1 1 1 1 0 1 1 1 0 1 1 1 1
128 25 21960 1 1 0 0 1 0 1 1 0 1 1 1 1 1 1 1 0 1 0 1 1 1 1 1 1
129 25 27005 1 1 1 1 1 1 1 1 1 1 1 1 0 0 0 1 0 1 1 0 1 1 1 0 1
130 25 18539 1 1 1 1 1 1 0 1 1 1 1 0 1 1 0 1 0 1 1 1 1 1 1 0 1
131 25 18201 1 0 1 0 1 1 0 1 1 0 0 1 1 1 1 1 1 1 1 1 1 1 1 1 1
132 25 23773 1 1 1 1 1 1 1 1 0 1 1 1 0 1 1 1 1 0 0 0 1 1 1 1 0
133 25 21225 1 0 1 0 0 1 1 0 1 1 1 1 1 1 1 1 1 1 0 0 1 1 1 1 1
134 25 24975 1 1 1 1 1 1 0 0 1 0 1 1 1 1 1 1 1 0 0 1 1 1 1 0 1
135 25 21786 1 1 1 0 1 1 1 1 1 0 0 1 1 1 1 0 0 1 0 1 1 1 1 1 1
136 25 26176 0 1 0 1 1 1 1 1 1 1 1 0 1 1 1 1 1 0 1 1 0 0 1 0 1
137 25 25529 1 1 0 1 1 0 1 1 1 0 1 1 1 0 0 1 0 1 1 1 1 1 1 1 1
138 25 23934 1 1 0 0 1 0 1 0 1 1 1 1 1 1 1 1 1 1 0 1 0 1 1 1 1
139 25 23282 0 0 1 1 1 0 0 1 1 1 1 1 0 1 1 0 1 1 0 1 1 1 1 1 1
140 25 20759 1 1 1 0 0 0 1 1 1 1 1 1 1 1 1 1 1 0 1 1 0 1 1 1 1
141 25 19589 1 1 1 1 1 1 1 0 1 1 1 1 1 1 1 1 0 0 0 1 1 1 1 0 0
142 25 18989 1 1 1 1 1 1 0 1 1 1 1 1 1 1 1 0 1 0 1 1 1 0 1 0 1
143 25 24807 1 0 1 1 1 0 1 1 1 1 0 1 0 1 1 0 1 1 1 1 0 1 0 1 1
144 25 25060 1 1 0 1 1 1 1 1 1 1 1 1 1 1 1 0 1 0 0 0 1 1 0 1 0
145 25 23234 1 1 0 0 1 0 1 1 1 1 0 0 1 1 1 1 1 1 1 0 1 1 1 1 1
146 25 26485 1 1 1 0 1 1 1 1 1 0 1 1 1 1 1 1 0 0 0 1 1 1 1 1 0
147 25 23576 1 0 1 1 1 1 1 1 1 1 0 1 1 1 1 1 1 1 0 1 1 0 0 1 1
148 25 23888 1 1 1 0 1 1 0 0 1 1 1 1 1 1 1 0 1 1 1 1 1 1 0 0 1
149 25 20117 0 1 1 1 0 1 1 1 1 1 1 0 0 1 1 1 1 1 1 1 1 0 1 1 1
150 25 23659 1 1 0 1 1 1 1 1 1 1 1 0 1 1 1 1 0 1 0 1 0 0 1 1 1
151 25 23000 1 1 1 1 1 1 0 1 1 1 1 1 1 1 0 1 1 1 1 1 0 1 1 0 0
152 25 24839 1 1 0 1 0 1 0 1 1 1 0 1 1 1 1 1 1 1 1 1 0 1 1 0 1
153 25 22000 1 0 1 1 1 1 1 0 1 1 1 1 1 1 1 0 0 1 1 1 0 1 1 1 0
154 25 22038 0 1 1 1 1 1 1 1 0 1 0 1 1 1 1 1 1 0 0 1 1 1 1 1 0
155 25 24256 1 1 0 0 1 1 1 1 1 1 0 1 1 1 1 1 1 0 1 1 0 1 1 0 1
156 25 23048 0 1 1 1 1 1 1 1 1 0 1 1 1 0 1 1 1 1 1 1 0 0 0 1 1
157 25 23464 1 1 1 1 1 1 1 1 1 1 1 1 1 1 0 1 1 0 0 1 1 0 0 1 0
158 25 21798 0 1 1 0 1 1 1 1 1 1 1 1 0 1 1 0 1 1 1 0 1 1 1 0 1
159 25 21091 1 1 0 1 1 1 1 1 1 1 1 1 1 0 1 0 1 1 1 0 1 1 1 0 1
160 25 23352 1 1 1 1 0 1 1 1 1 1 0 1 1 1 1 1 1 0 0 1 1 1 0 0 1
161 25 19354 1 1 0 1 1 1 1 1 0 1 0 1 1 1 1 1 1 1 0 1 1 1 1 1 0
162 25 21575 0 0 1 0 1 1 1 1 1 1 1 1 1 1 0 1 1 1 1 1 1 1 1 0 0
163 25 19520 1 1 1 0 1 1 1 1 0 1 0 0 1 1 1 1 1 1 1 1 1 1 0 1 1
164 25 21910 1 1 0 1 1 1 1 1 1 0 0 0 1 1 1 1 1 0 1 1 1 1 1 1 1
165 25 22292 0 1 1 0 1 1 1 0 1 1 1 1 1 1 1 1 1 0 0 1 1 1 1 0 1
166 25 23436 1 1 1 1 0 0 1 0 0 1 1 0 1 1 1 0 1 1 1 1 1 0 1 1 1
167 25 19502 1 1 0 1 1 0 1 1 1 1 1 0 1 0 0 1 1 0 1 1 1 1 1 1 1
168 25 21306 1 1 0 1 1 1 0 1 1 0 1 1 1 1 1 1 1 0 1 0 1 1 1 1 0
169 25 20146 1 1 1 1 0 1 1 1 1 1 0 1 1 1 1 1 1 0 1 1 0 1 1 0 1
170 25 22464 1 1 1 1 1 1 1 1 0 0 0 1 1 1 1 1 1 1 1 1 0 0 0 1 1
171 25 19621 1 1 0 0 1 1 1 1 1 1 1 1 1 1 1 1 0 0 1 1 1 0 1 1 1
172 25 21351 1 1 1 1 0 1 0 1 1 0 0 1 1 1 1 1 1 1 1 1 1 0 1 1 0
173 25 23377 1 0 1 1 1 0 0 1 0 1 1 1 1 0 0 1 1 1 1 1 1 1 1 1 1
174 25 23963 1 1 1 1 0 1 0 1 0 1 1 1 0 1 0 1 1 1 1 0 1 1 1 1 1
175 25 22104 0 1 1 1 1 0 1 1 1 1 1 0 0 1 1 0 1 1 0 1 1 1 1 1 1
176 25 23572 1 1 1 0 1 0 1 1 1 1 1 1 1 0 0 1 1 1 1 0 0 1 1 1 1
177 25 20377 1 1 1 1 1 1 1 1 1 1 1 0 0 1 0 1 1 1 1 0 1 0 1 1 1
178 25 18754 1 1 1 0 0 1 0 0 1 1 1 1 1 1 1 1 1 1 1 1 1 1 1 1 1
179 25 22755 0 0 1 1 1 0 1 1 1 1 1 1 1 0 1 1 1 1 1 1 1 0 0 1 1
180 25 23054 1 1 0 1 1 0 1 0 1 1 0 1 1 1 1 1 1 1 0 1 0 1 1 1 1
181 25 21652 1 1 1 1 0 0 1 1 1 1 1 0 0 1 1 1 1 1 0 1 1 1 1 1 1
182 25 25871 0 1 0 1 1 1 1 0 1 1 1 1 1 0 1 1 1 1 1 1 1 1 1 0 0
183 25 22696 1 1 0 1 1 1 1 1 1 1 1 0 0 0 1 1 1 1 1 1 0 1 1 1 1
184 25 21014 0 1 1 0 0 1 1 0 1 1 1 1 0 1 1 1 1 1 1 1 0 1 1 1 1
185 25 21851 1 1 1 1 1 0 0 0 1 1 0 1 1 1 1 1 1 1 1 1 1 1 1 0 0
186 25 21847 1 1 1 0 0 1 1 1 1 1 1 1 1 1 1 0 1 1 0 1 1 0 1 1 1
187 25 23358 1 1 0 1 1 1 0 1 1 0 1 1 1 1 1 1 1 1 1 0 1 1 0 0 1
188 25 19888 0 1 1 1 1 0 1 1 1 1 1 1 1 1 1 0 1 1 1 1 1 0 1 1 0
189 25 23061 1 1 1 0 1 1 1 1 1 1 0 1 1 1 0 1 1 0 1 1 1 1 0 0 1
190 25 21226 1 1 1 1 1 0 1 1 1 1 1 0 0 1 1 0 1 0 1 1 1 1 1 0 1
191 25 23062 0 0 1 1 1 0 0 1 1 1 1 1 1 1 1 0 1 1 1 1 1 1 1 0 1
192 25 22059 1 1 1 1 1 1 1 1 0 1 1 1 0 0 0 1 1 1 0 1 1 1 1 0 1
193 25 26880 0 1 1 1 0 1 1 0 1 0 1 1 1 1 0 0 1 1 1 1 1 0 1 1 1
194 25 23819 1 1 1 1 1 0 0 1 1 1 1 1 1 1 1 1 0 1 1 0 1 0 1 0 1
195 25 21861 1 1 0 1 1 1 1 1 1 1 1 1 0 1 1 0 1 1 1 0 0 1 1 0 1
196 25 24371 1 1 1 1 1 1 1 1 1 0 0 1 1 1 0 0 0 1 1 1 0 1 1 1 1
197 25 19587 1 0 1 1 1 1 1 1 0 1 1 1 1 1 1 1 1 0 1 1 0 1 0 1 1
198 25 18857 1 0 1 1 0 1 1 1 1 1 1 1 0 0 1 1 1 1 1 1 0 1 1 1 1
199 25 26705 1 1 0 1 1 1 1 1 1 0 1 0 1 1 1 1 0 1 1 1 0 0 1 0 1
200 25 22546 1 1 0 1 1 1 1 1 1 0 1 1 1 1 1 0 1 1 1 1 0 1 0 0 1
201 25 20493 1 1 0 1 1 1 0 1 0 1 1 1 0 1 0 1 1 1 1 1 1 0 1 1 1
202 25 24549 1 0 0 1 1 1 1 1 1 1 1 0 1 1 1 0 1 1 1 1 0 1 0 1 0
203 25 20759 1 1 1 1 1 0 1 1 0 0 1 0 1 1 1 1 1 1 1 1 1 1 1 0 0
204 25 22641 1 0 1 0 1 1 1 1 1 1 0 1 1 1 0 1 1 0 1 1 1 1 1 1 1
205 25 17988 1 1 1 1 1 0 1 1 1 1 0 0 1 1 1 1 0 1 1 1 0 1 1 1 1
206 25 24672 1 0 1 1 1 0 1 0 1 1 1 0 1 0 1 1 1 0 1 1 1 1 1 1 1
207 25 20898 1 1 1 1 1 1 1 1 1 1 1 0 1 0 0 1 0 1 0 0 1 1 1 1 1
208 25 21964 1 1 1 0 0 1 1 1 1 1 1 1 1 1 1 0 1 0 1 1 1 0 1 0 1
209 25 25071 1 1 1 1 0 1 1 1 1 1 0 1 0 0 1 1 0 1 0 1 1 1 1 1 0
210 25 20225 0 1 1 1 1 1 1 1 1 1 1 0 1 1 1 0 1 0 0 1 1 1 1 1 1
211 25 22543 1 1 1 0 1 1 1 0 0 1 0 1 1 1 0 1 0 1 1 0 1 1 1 1 1
212 25 18020 1 0 1 1 0 1 1 1 0 1 1 1 1 1 1 1 1 0 1 1 1 1 0 1 1
213 25 23939 1 1 1 1 1 1 0 1 1 1 1 1 1 0 1 1 0 1 0 1 1 1 0 0 1
214 25 22713 1 1 1 1 0 1 1 1 0 1 1 1 1 1 1 1 1 0 1 1 1 0 1 0 1
215 25 22943 1 1 0 0 1 1 1 1 1 1 1 1 1 1 0 1 1 0 1 1 0 0 1 1 1
216 25 23004 1 0 1 1 1 0 1 1 1 1 0 1 0 1 1 0 1 1 1 1 1 1 1 0 1
217 25 20903 1 0 1 0 1 0 1 1 1 1 0 1 1 1 0 1 1 1 1 1 1 1 1 1 1
218 25 23642 1 1 1 0 1 0 1 1 1 1 1 1 0 0 1 1 1 1 0 1 1 1 1 0 1
219 25 20031 0 1 0 1 1 1 1 1 1 1 1 1 1 0 1 0 1 1 1 0 1 1 1 1 0
220 25 22952 0 0 1 1 0 1 1 1 1 0 1 1 1 1 1 1 0 1 1 1 1 0 1 1 1
221 25 17652 1 1 1 1 1 0 1 1 0 1 0 1 1 1 1 1 1 0 1 1 0 1 1 1 1
222 25 21193 0 1 1 1 1 1 1 1 1 1 0 0 1 1 1 1 1 1 1 1 1 0 1 0 0
223 25 22090 1 0 0 1 1 1 0 1 1 0 1 0 1 1 1 1 1 0 1 1 1 1 1 1 1
224 25 24362 0 1 1 1 1 0 1 1 0 1 0 1 1 1 0 1 1 1 0 1 1 1 1 1 1
225 25 24781 1 1 1 1 1 1 0 0 1 1 0 0 0 1 0 1 1 1 1 1 1 1 0 1 1
226 25 22869 1 1 1 1 1 1 1 0 0 0 0 1 1 1 1 1 1 1 1 0 1 1 1 1 1
227 25 20174 1 1 1 1 1 0 1 1 1 1 1 1 0 0 1 1 1 1 1 0 1 1 1 1 0
228 25 23258 1 1 1 1 1 0 1 1 1 1 1 1 0 1 0 1 1 0 1 0 0 1 1 1 1
229 25 21010 0 1 1 1 0 1 1 1 0 1 0 1 1 1 1 1 0 1 1 1 1 1 0 1 1
230 25 22647 1 0 1 0 1 1 1 1 1 1 0 1 1 1 1 0 1 1 1 1 0 0 1 1 1
231 25 20321 1 0 1 1 0 1 1 1 1 1 0 1 1 1 1 1 1 1 0 1 0 1 0 1 1
232 25 19783 1 1 1 1 1 0 1 0 1 1 1 1 1 1 1 0 0 1 1 1 1 0 1 1 1
233 25 18714 1 0 1 1 1 1 0 0 1 1 1 1 0 1 1 1 1 1 1 1 1 1 1 0 1
234 25 22528 1 1 0 1 0 1 1 1 1 1 0 1 0 0 1 1 0 1 1 1 0 1 1 1 1
235 25 21903 1 1 1 1 1 1 1 1 1 0 0 1 1 1 1 0 1 1 1 0 1 1 1 0 0
236 25 21193 1 1 0 1 1 1 1 1 1 0 1 1 1 0 1 1 1 1 1 1 1 1 0 0 1
237 25 21621 1 1 1 0 1 1 1 1 0 1 1 1 1 1 0 1 1 1 0 1 1 0 1 0 1
238 25 22861 1 1 1 1 1 0 1 1 0 1 1 1 1 1 0 1 1 1 1 1 0 1 1 0 0
239 25 25248 1 1 1 0 1 1 1 1 1 0 1 0 1 1 1 1 1 0 1 0 1 1 1 0 1
240 25 21598 1 0 1 0 1 1 1 1 1 1 1 1 1 1 1 0 1 1 1 1 0 0 1 1 1
241 25 20205 1 1 1 1 1 0 1 1 0 1 1 1 0 1 1 0 1 1 1 0 1 1 0 1 1
242 25 20748 1 1 1 1 1 1 1 1 1 1 1 1 0 1 1 0 1 1 0 1 1 0 0 1 1
243 25 22503 1 1 1 1 0 0 1 0 1 1 1 1 1 0 1 1 1 1 1 1 1 0 1 1 1
244 25 19831 0 1 1 1 1 1 1 1 1 1 0 0 1 1 1 1 1 1 0 1 1 1 0 1 0
245 25 21785 1 1 1 1 0 1 0 1 1 0 1 1 1 1 1 1 1 1 1 1 1 0 1 0 1
246 25 21321 1 0 1 0 1 1 0 1 1 1 1 0 1 1 0 0 1 1 1 1 1 1 1 1 1
247 25 20647 1 0 1 1 0 1 0 1 1 1 1 1 1 1 1 1 1 1 1 1 1 0 0 1 1
248 25 22084 0 1 1 1 1 1 1 1 1 1 1 1 0 1 0 1 1 1 1 1 0 1 1 0 1
249 25 19455 1 1 1 1 1 1 1 1 1 1 1 1 1 1 0 1 0 1 1 1 0 0 1 1 0
250 25 21020 1 1 1 1 1 1 1 1 1 0 1 0 1 1 1 1 0 1 0 1 1 1 0 1 1
251 25 24734 0 0 1 1 1 1 1 1 1 1 1 1 1 1 0 1 1 0 0 1 1 1 0 0 1
252 25 23387 1 1 1 1 0 1 0 1 1 1 1 1 0 1 1 1 1 1 0 1 1 1 1 0 0
253 25 22652 1 1 1 1 1 0 1 1 1 1 1 1 1 0 1 1 1 1 0 1 1 0 0 0 1
254 25 22183 1 1 0 1 1 0 0 1 1 0 1 1 1 1 1 0 1 1 0 1 1 1 1 1 1
255 25 24871 1 1 1 1 1 1 0 0 1 1 1 0 1 1 0 1 0 0 1 1 1 1 0 1 1
256 25 25489 1 1 1 0 1 1 1 1 1 0 0 0 1 1 1 0 1 1 1 0 1 1 1 1 0
257 25 23144 1 0 1 0 1 1 1 1 1 1 1 1 1 1 1 1 1 1 1 0 1 0 1 0 0
258 25 19531 0 1 1 1 1 1 1 1 1 0 1 1 0 1 1 0 1 1 1 1 1 0 1 1 0
259 25 20961 0 1 1 1 0 1 1 1 1 0 1 1 1 1 1 1 1 1 1 1 1 0 0 1 0
260 25 19169 0 1 1 1 1 1 1 0 1 1 1 1 1 1 1 1 0 0 1 1 0 1 1 1 1
261 25 21540 1 1 1 0 1 1 1 0 1 0 0 1 1 1 1 1 0 1 1 1 1 1 1 1 1
262 25 23694 1 0 1 1 1 1 0 0 0 0 1 1 1 0 1 1 1 1 1 1 1 1 1 0 1
263 25 22537 1 1 1 1 1 1 0 1 1 1 1 1 1 1 1 0 1 1 0 1 0 1 0 0 1
264 25 24230 1 1 1 1 1 1 1 1 1 0 1 1 0 1 1 0 1 1 1 1 0 1 1 0 0
265 25 23746 1 0 1 1 1 0 0 1 1 1 1 1 1 1 1 1 1 1 1 0 0 1 1 1 0
266 25 20495 0 1 1 1 1 1 1 0 0 1 1 1 1 1 1 1 1 1 1 0 0 1 1 1 1
267 25 24108 1 1 0 1 1 1 1 1 1 1 0 1 1 0 1 1 1 1 0 1 1 0 0 1 1
268 25 23607 0 1 0 0 1 1 1 1 1 1 1 1 1 1 1 1 1 1 0 0 1 0 1 1 1
269 25 23566 1 1 1 1 1 1 0 1 1 1 1 0 1 0 1 1 0 1 1 0 1 0 1 1 1
270 25 20316 1 1 1 1 1 0 1 1 1 0 1 1 1 1 0 1 0 1 1 1 1 1 1 1 0
271 25 21705 1 0 1 1 1 0 0 1 1 1 1 1 0 1 1 1 1 1 1 1 1 0 1 1 1
272 25 20844 1 1 1 0 1 0 1 1 1 1 0 1 0 1 1 1 1 1 1 1 0 1 1 1 0
273 25 23942 1 1 0 1 1 1 1 1 1 1 1 1 1 1 1 1 0 1 1 1 0 0 0 1 1
274 25 23580 0 0 1 1 1 1 1 1 1 0 1 1 1 1 1 1 1 0 1 0 0 0 1 1 1
275 25 17753 1 1 0 0 1 1 1 1 0 1 1 1 1 1 0 1 1 1 1 0 1 1 1 1 1
276 25 19613 1 1 1 0 0 1 1 0 1 0 1 1 1 1 0 1 1 1 1 1 1 1 1 1 1
277 25 24876 0 0 1 1 0 1 1 0 1 1 1 1 1 1 1 0 1 1 1 1 1 1 1 1 0
278 25 22601 0 1 1 1 1 1 1 1 0 1 1 1 0 1 1 1 1 1 0 0 1 1 1 1 0
279 25 23320 1 1 1 1 1 0 1 0 1 1 0 0 1 1 1 1 1 1 1 1 1 1 1 0 0
280 25 22783 1 1 1 1 1 1 0 1 0 0 0 1 1 1 1 1 1 1 1 0 0 1 1 1 1
281 25 18903 1 0 1 1 1 1 1 1 1 1 0 1 1 1 1 1 1 1 1 1 1 0 1 0 1
282 25 20364 1 1 0 1 1 1 0 1 0 0 1 1 1 1 1 1 1 1 1 1 0 0 1 1 1
283 25 19576 1 1 1 1 1 0 1 1 1 0 0 1 1 1 1 1 1 1 1 1 0 0 1 1 1
284 25 21509 1 1 1 0 1 0 1 1 1 1 1 1 1 1 0 1 1 0 1 1 1 1 1 1 0
285 25 22220 1 1 1 1 0 1 1 1 1 1 0 0 1 1 1 1 1 1 1 0 1 0 0 1 1
286 25 21229 1 1 0 1 1 1 0 1 1 1 1 1 1 1 1 1 1 1 0 1 1 0 1 0 0
287 25 22046 1 0 1 1 1 1 0 1 0 1 1 1 1 1 1 1 0 1 1 0 1 1 0 1 1
288 25 21634 1 0 1 0 1 1 1 1 1 1 1 1 1 1 1 1 1 1 0 1 1 0 1 0 1
289 25 18436 1 1 1 1 1 1 1 1 1 1 1 1 0 1 1 1 1 1 1 0 0 0 1 1 0
290 25 22556 1 0 1 1 0 1 1 1 1 0 1 1 0 0 1 1 1 1 1 0 1 1 1 1 1
291 25 20655 1 1 1 1 1 1 0 0 1 0 1 1 1 1 1 1 1 1 0 1 1 0 1 1 1
292 25 19587 0 1 1 0 0 1 0 1 1 1 1 1 1 1 1 1 1 1 1 1 1 1 1 1 0
293 25 23863 1 1 1 1 1 1 0 1 0 0 1 1 0 1 1 1 1 1 0 0 0 1 1 1 1
294 25 23661 1 1 1 0 0 1 1 1 1 0 1 1 1 1 1 1 1 0 0 1 1 1 1 1 1
295 25 21075 1 1 0 1 0 1 1 0 1 0 1 1 1 1 1 1 1 0 1 1 1 1 1 1 1
296 25 23192 1 0 0 1 1 0 1 1 1 1 0 1 0 1 1 1 1 0 1 1 1 1 1 1 1
297 25 21486 1 0 0 1 1 1 1 1 0 1 1 1 1 1 0 1 0 1 1 1 0 1 1 1 1
298 25 20700 1 1 1 1 1 1 0 1 0 1 1 0 1 1 0 1 1 1 1 1 1 1 0 1 0
299 25 21864 0 0 1 1 0 1 1 1 1 1 1 1 1 1 0 1 1 1 1 1 1 1 1 1 0
300 25 23801 1 1 1 1 1 0 0 1 1 1 0 0 1 1 1 1 1 0 1 1 1 1 0 1 1
301 25 20356 0 1 1 0 1 1 1 1 1 1 1 1 1 0 0 1 1 0 1 1 0 1 1 1 1
302 25 18662 0 1 1 1 1 1 1 1 1 1 1 1 1 0 0 1 1 1 0 1 1 1 1 1 0
303 25 23793 1 0 1 1 1 0 1 1 1 1 1 1 1 1 1 0 1 1 0 0 1 1 0 1 0
304 25 25794 1 1 1 1 1 0 0 1 1 1 1 0 0 1 0 1 1 1 1 1 1 0 1 1 1
305 25 20957 1 1 1 1 1 1 0 1 1 1 0 0 1 0 1 1 1 1 0 1 0 1 1 1 1
306 25 19912 0 1 1 0 1 1 0 1 1 1 1 0 0 1 0 1 1 1 1 1 1 1 1 1 1
307 25 19026 1 1 1 1 1 0 1 1 0 1 1 0 1 1 1 1 1 0 1 0 1 1 1 1 1
308 25 24953 0 1 1 1 1 1 0 1 0 1 1 0 1 1 0 0 1 1 1 1 1 1 1 0 1
309 25 19341 1 0 1 1 1 1 1 0 0 1 1 0 1 1 1 1 1 1 1 1 1 1 1 1 0
310 25 21859 1 0 1 1 0 1 1 1 0 1 0 1 1 0 1 1 1 1 1 1 1 1 1 1 0
311 25 24639 0 0 1 0 1 0 1 1 1 1 0 1 1 1 1 1 1 0 1 1 1 0 1 1 1
312 25 22884 1 1 1 1 1 1 1 0 1 1 1 0 0 1 1 1 1 1 1 0 0 1 0 1 1
313 25 22519 1 1 1 1 1 1 1 1 1 1 0 0 1 0 1 1 1 0 1 1 0 1 1 0 1
314 25 22896 0 1 1 1 1 1 1 1 0 1 0 1 1 0 1 1 0 1 0 1 1 1 1 1 1
315 25 21458 1 0 1 1 0 1 1 1 1 1 1 1 1 1 1 0 0 0 0 1 1 1 1 1 1
316 25 21066 1 0 1 1 1 0 1 0 1 1 1 1 1 1 0 1 1 1 0 1 1 1 0 1 1
317 25 21640 1 0 1 1 1 1 0 1 0 0 1 1 1 1 1 0 1 1 1 1 0 1 1 1 1
318 25 26152 1 0 1 1 1 1 1 1 1 1 1 1 0 0 0 1 1 1 1 1 1 1 0 0 1
319 25 24055 0 1 0 1 1 1 1 0 1 1 1 1 0 1 1 1 1 1 1 1 1 1 0 0 1
320 25 22533 0 1 1 1 1 1 1 1 1 0 1 1 1 1 0 1 0 0 1 1 1 1 1 0 1
321 25 22900 1 1 1 1 1 1 1 1 1 1 1 1 1 0 0 1 0 0 1 1 1 0 1 0 1
322 25 21162 1 0 0 1 1 1 1 1 0 1 1 1 1 1 1 1 1 1 0 1 1 0 1 0 1
323 25 22800 0 1 1 1 1 1 0 1 1 1 1 0 1 1 1 1 0 1 1 1 1 1 0 1 0
324 25 23758 0 1 0 1 1 1 1 0 1 1 1 1 0 1 1 1 1 1 0 0 1 1 1 1 1
325 25 22764 1 1 1 1 1 1 0 0 1 0 0 1 1 1 0 1 1 1 1 1 1 0 1 1 1
326 25 23997 1 1 0 1 0 1 1 1 1 1 1 1 0 1 0 1 1 0 1 0 1 0 1 1 1
327 25 23050 0 1 1 1 0 1 1 0 1 1 1 1 0 1 1 1 1 1 1 0 1 1 1 1 0
328 25 19027 1 1 0 0 1 1 0 1 1 1 1 1 0 1 1 1 1 1 1 1 1 1 0 1 1
329 25 23204 1 1 0 1 1 0 0 1 1 1 1 0 1 1 1 1 0 1 1 1 0 1 1 1 1
330 25 21079 1 0 0 1 1 1 1 1 1 0 0 1 1 1 0 1 1 1 1 1 1 1 1 0 1
331 25 21471 1 1 1 1 1 1 0 0 1 0 1 1 1 1 1 1 0 1 0 1 1 1 1 1 0
332 25 24194 1 0 1 0 0 1 0 1 1 1 1 1 1 1 1 1 1 1 0 1 1 1 0 1 1
333 25 21569 0 1 1 1 0 1 1 0 1 0 0 1 1 1 1 1 1 1 1 1 1 1 0 1 1
334 25 24732 0 1 0 1 1 1 1 1 1 1 1 1 1 0 1 1 1 0 1 1 0 0 1 1 1
335 25 18697 1 1 1 1 1 1 1 0 1 1 1 1 1 1 1 0 0 1 1 1 1 0 0 1 1
336 25 25435 0 1 1 1 1 0 1 1 1 0 1 1 1 1 1 0 1 1 1 0 1 1 1 1 0
337 25 22116 1 1 0 1 1 1 1 0 0 1 0 1 0 1 1 0 1 1 1 1 1 1 1 1 0
338 25 19747 1 1 1 1 0 1 0 1 1 1 1 1 1 0 1 0 1 1 0 1 1 1 1 0 1
339 25 19970 1 1 1 1 1 1 1 1 1 1 1 0 1 0 1 0 1 1 1 0 1 1 1 0 1
340 25 19919 0 1 1 1 0 1 1 1 0 1 1 1 1 1 0 0 1 0 1 1 1 1 1 1 1
341 25 23599 1 0 1 1 1 1 0 0 1 1 1 1 1 1 1 1 0 1 1 1 1 1 0 0 1
342 25 19861 0 1 1 1 0 1 1 0 1 1 1 1 1 1 1 0 1 1 1 1 1 1 1 0 1
343 25 23225 0 1 1 1 1 1 1 1 0 1 1 1 1 0 1 0 1 0 1 1 1 1 1 0 1
344 25 21706 1 1 1 0 1 0 0 1 1 0 1 1 1 1 1 0 0 1 0 1 1 1 1 1 1
345 25 20070 1 1 0 1 1 0 1 1 0 1 1 1 0 1 1 1 1 1 1 1 1 1 1 0 1
346 25 22760 1 1 1 1 1 1 1 1 1 1 0 1 1 1 0 1 0 1 1 1 1 0 0 1 0
347 25 23220 1 1 0 1 0 1 0 0 1 1 1 1 1 1 1 1 0 1 1 1 1 0 0 1 1
348 25 21191 1 0 1 1 0 1 1 1 1 1 1 1 1 1 1 1 1 0 1 1 0 1 0 1 1
349 25 24679 1 0 1 0 0 0 1 1 1 0 1 1 1 1 1 1 1 1 0 1 1 1 1 1 1
350 25 21017 1 1 1 0 1 1 1 1 0 1 1 1 1 1 1 1 0 1 1 0 1 0 0 1 1
351 25 25915 0 0 1 1 1 1 1 0 1 1 1 0 1 0 1 0 1 1 1 1 1 1 1 0 1
352 25 24858 1 1 1 1 0 1 1 1 0 1 1 0 1 1 1 1 1 0 1 0 1 1 1 0 1
353 25 23974 1 1 1 0 1 1 0 1 1 1 1 0 0 0 1 1 1 1 1 0 1 1 0 1 1
354 25 22298 1 1 0 1 1 1 1 0 1 1 0 1 0 1 1 1 1 0 1 1 1 0 1 1 1
355 25 21981 1 1 1 1 1 1 1 1 1 1 1 0 1 1 1 1 1 0 1 0 0 1 0 1 1
356 25 17887 1 1 1 1 1 1 1 0 1 1 1 1 1 1 0 1 1 1 1 0 1 1 1 0 1
357 25 23521 1 0 1 0 0 1 1 0 1 1 1 1 1 1 1 0 1 1 1 1 1 1 1 0 1
358 25 19372 0 1 0 1 1 1 1 0 1 0 0 1 1 1 1 1 1 1 1 1 1 0 1 1 1
359 25 19891 1 1 1 1 1 1 0 1 1 0 0 1 0 1 1 1 0 1 0 1 1 1 1 1 1
360 25 22635 0 1 1 1 1 0 1 1 1 0 1 1 1 1 1 1 1 1 1 1 0 1 0 1 0
361 25 23104 0 1 1 1 1 1 1 1 1 1 0 1 1 1 1 0 0 1 1 1 0 1 1 1 1
362 25 23177 0 0 1 1 1 0 1 1 0 1 0 1 1 1 1 1 1 1 1 1 1 0 1 1 1
363 25 22513 0 1 1 0 1 1 0 1 1 1 0 1 1 1 0 1 1 1 1 1 1 0 1 1 0
364 25 23073 0 0 0 1 1 1 0 1 1 0 1 1 1 1 1 1 0 1 1 1 1 1 1 1 1
365 25 24169 1 1 1 1 1 1 1 1 1 1 1 1 1 1 1 1 0 0 0 0 0 1 0 0 1
366 25 20645 1 1 1 0 0 1 1 1 1 1 1 0 1 1 1 1 1 1 0 1 1 0 1 1 1
367 25 20555 1 1 1 1 1 0 1 1 1 1 1 0 1 1 0 1 1 0 1 1 1 1 1 0 1
368 25 23673 0 1 1 1 1 0 1 1 1 1 1 0 1 1 0 1 1 1 1 0 1 1 1 0 0
369 25 22719 1 1 0 0 0 1 1 1 0 1 1 1 1 1 0 1 1 1 1 1 1 0 1 1 1
370 25 22597 0 1 1 1 1 0 1 1 1 1 1 0 1 1 1 1 1 0 1 0 1 1 1 1 0
371 25 23164 1 0 1 1 1 1 1 1 1 0 1 1 1 0 1 1 1 0 0 1 0 1 1 1 0
372 25 21332 1 0 1 1 1 1 1 0 1 0 1 1 0 0 1 1 1 1 1 0 1 1 1 1 1
373 25 22130 1 0 1 1 0 1 0 1 0 1 1 1 0 1 0 1 1 1 1 1 1 1 1 1 1
374 25 23611 1 1 1 1 1 0 1 0 1 0 1 1 1 1 1 0 1 1 1 1 1 1 0 1 1
375 25 19620 1 1 1 0 1 1 1 0 1 0 1 1 1 0 1 1 1 1 0 1 1 1 0 1 1
376 25 22556 0 1 1 1 0 1 1 1 1 0 1 1 0 0 1 1 1 1 0 1 1 1 1 1 1
377 25 22855 1 1 1 1 0 1 1 0 0 1 1 1 0 1 1 1 0 0 1 1 1 1 1 1 1
378 25 21886 1 1 1 0 1 0 1 1 1 1 0 0 1 1 0 1 1 1 1 1 1 0 1 1 1
379 25 23518 1 1 1 1 1 1 1 0 0 0 1 1 1 1 1 1 1 0 1 1 1 1 1 1 0
380 25 23699 0 1 1 1 1 1 0 1 0 1 1 1 0 1 1 1 0 1 0 1 1 1 1 1 1
381 25 18197 1 0 1 1 1 1 1 1 1 0 1 1 1 0 1 1 0 0 1 1 1 1 1 1 1
382 25 22148 1 1 1 0 1 1 1 0 1 0 1 0 1 1 1 1 0 1 1 1 0 1 1 1 1
383 25 19715 1 1 1 1 1 1 1 1 1 1 0 1 1 1 1 0 0 0 0 1 1 1 1 1 1
384 25 22811 1 0 1 0 1 1 0 1 1 1 1 1 1 1 1 1 0 0 1 1 0 1 1 1 1
385 25 20452 1 1 0 1 1 1 1 1 1 0 1 1 1 1 1 1 1 0 1 1 1 1 0 0 1
386 25 22329 1 0 1 1 0 1 1 1 1 1 1 0 1 1 0 1 1 1 1 1 1 0 1 1 0
387 25 23730 1 1 1 1 0 1 1 0 1 1 1 0 1 1 1 1 1 0 0 1 0 1 1 0 1
388 25 21032 0 0 1 1 1 1 1 1 1 1 1 1 1 1 1 1 1 0 1 1 0 1 0 1 1
389 25 26055 1 0 1 1 0 1 1 1 0 1 1 1 1 1 0 1 1 1 1 0 1 1 1 1 0
390 25 25634 1 1 1 1 1 1 1 0 0 1 0 1 0 1 1 1 1 0 1 1 1 0 1 0 1
391 25 21747 1 1 1 1 1 1 1 0 1 1 1 1 1 0 1 1 1 1 0 1 0 0 1 1 0
392 25 23808 1 0 1 0 1 1 1 0 1 1 1 0 1 1 1 1 1 1 1 1 1 1 0 1 1
393 25 19404 1 1 1 1 1 1 1 1 1 1 1 1 0 0 0 1 1 1 1 1 0 1 1 1 0
394 25 23655 0 1 1 0 1 1 1 1 1 1 1 1 1 0 1 1 1 1 1 1 1 0 0 0 1
395 25 21876 1 1 1 1 1 1 0 1 1 1 1 0 0 1 1 1 0 1 1 0 1 1 1 1 1
396 25 22083 1 1 1 1 1 1 1 0 1 0 1 1 1 0 1 1 0 1 1 1 1 1 0 1 1
397 25 21970 1 0 1 1 1 1 1 1 1 0 1 1 1 1 0 1 1 0 1 1 1 0 1 1 1
398 25 23628 0 0 1 1 0 1 1 1 0 1 1 0 1 1 1 1 1 1 1 1 1 1 1 0 1
399 25 23882 0 1 1 0 1 1 0 1 1 1 1 1 1 1 1 1 1 1 1 0 1 1 0 1 0
400 25 23289 1 1 1 1 1 1 1 0 0 1 1 0 1 1 1 0 0 1 1 1 0 1 1 1 1
401 25 22480 1 1 1 1 0 1 1 0 1 0 1 1 0 1 1 1 1 0 1 1 1 1 1 1 1
402 25 25411 1 1 1 0 1 1 0 1 1 0 0 0 1 1 1 1 1 1 1 1 1 1 0 1 1
403 25 23055 1 1 1 0 0 1 0 1 1 1 1 0 1 0 1 0 1 1 1 1 1 1 1 1 1
404 25 23478 1 1 1 0 1 0 1 0 1 1 1 1 0 1 1 1 1 1 1 1 1 1 0 1 1
405 25 20496 1 1 0 1 1 1 1 0 1 0 1 1 1 1 1 1 1 1 1 0 0 1 1 1 1
406 25 19045 1 0 1 1 1 1 0 1 1 1 1 0 1 1 1 1 1 1 0 0 1 0 1 1 1
407 25 19539 0 0 1 1 1 1 1 1 1 0 0 1 1 1 1 1 1 1 1 1 1 1 0 0 1
408 25 18900 0 1 1 0 1 1 0 1 1 1 1 1 1 1 1 1 0 1 1 0 1 1 1 1 1
409 25 23870 0 0 1 1 1 1 1 1 1 1 0 0 1 1 1 1 0 1 1 1 1 1 1 1 0
410 25 24680 1 0 0 1 1 0 1 1 1 1 1 1 1 1 1 1 1 1 0 1 1 0 1 0 0
411 25 22389 1 1 0 1 1 1 1 1 1 1 1 0 1 1 1 0 0 0 1 1 1 1 1 0 1
412 25 19175 1 1 1 1 1 0 1 1 1 1 1 1 0 1 1 0 1 0 1 1 1 1 0 1 1
413 25 21566 0 1 1 1 1 1 0 1 1 1 0 1 1 0 1 1 1 1 1 1 1 0 1 0 1
414 25 24172 1 0 1 1 1 0 0 1 1 1 1 1 1 1 1 0 1 1 1 1 1 1 0 1 0
415 25 19963 1 1 1 1 1 1 0 1 0 1 1 0 0 0 1 1 1 0 1 1 1 1 1 1 1
416 25 20502 1 1 1 0 1 1 1 1 1 0 1 0 1 1 1 0 1 1 1 1 0 1 1 1 1
417 25 22543 1 1 1 0 1 1 1 0 1 1 1 1 0 1 1 1 0 0 1 1 1 1 1 0 1
418 25 23133 1 1 1 0 0 0 1 0 1 1 0 1 1 0 0 1 1 1 1 1 1 1 1 1 1
419 25 23411 1 1 1 1 1 1 0 1 1 0 1 0 0 1 1 1 1 1 0 1 1 1 1 0 1
420 25 25035 1 1 1 0 1 1 1 0 1 0 0 1 1 1 1 1 0 1 1 0 1 1 1 1 1
421 25 19783 1 0 1 1 0 1 1 1 1 1 1 0 1 1 0 1 1 1 1 0 1 1 1 1 1
422 25 26536 0 1 1 1 1 1 1 1 0 1 1 0 0 0 1 0 1 1 1 1 1 1 0 1 1
423 25 21821 1 1 1 1 0 1 1 1 1 1 0 1 0 0 1 1 1 1 0 1 1 1 1 0 1
424 25 22411 0 1 1 0 1 0 1 1 1 1 1 0 1 0 0 1 1 1 0 1 1 1 1 1 1
425 25 24214 1 1 0 1 1 1 1 1 1 1 0 0 1 1 1 0 1 1 1 0 1 1 1 0 1
426 25 24063 1 1 1 1 1 1 1 1 1 0 1 0 0 1 1 1 1 0 0 1 1 1 1 1 0
427 25 24676 1 0 0 1 0 1 1 1 1 1 1 1 1 1 1 1 0 1 1 1 0 1 1 0 1
428 25 23213 1 1 1 0 1 1 1 1 1 0 1 1 1 1 1 1 1 1 0 1 1 1 0 0 0
429 25 25047 1 0 1 1 1 1 0 1 1 1 1 0 1 0 1 1 1 1 1 0 0 1 1 0 1
430 25 22776 1 1 1 1 1 0 1 1 1 0 1 1 0 1 1 0 1 1 1 1 1 1 0 0 1
431 25 22835 1 0 0 1 1 1 0 1 1 0 1 1 1 1 1 1 1 1 1 0 0 1 1 1 0
432 25 23667 1 0 0 1 1 1 1 0 1 1 1 1 1 1 0 1 0 1 0 1 1 1 1 1 1
433 25 24324 1 0 1 1 1 1 1 1 1 1 1 1 1 0 1 1 1 0 1 1 0 0 1 1 0
434 25 20545 0 1 1 0 1 0 1 0 1 1 1 1 1 1 1 1 0 1 0 1 1 1 1 1 1
435 25 23589 1 1 1 1 1 0 1 1 0 0 1 1 0 1 1 1 1 1 0 1 1 0 1 1 1
436 25 26688 1 1 1 0 0 1 1 1 1 1 1 1 1 0 1 1 1 1 0 0 1 1 0 0 1
437 25 20882 1 0 1 0 1 0 1 1 1 1 0 1 1 1 0 1 1 1 1 1 0 1 1 1 1
438 25 21145 0 0 1 1 0 1 1 1 1 1 0 0 1 1 1 1 1 1 1 1 1 1 1 1 0
439 25 20344 1 1 1 1 0 1 0 1 1 0 1 1 1 1 1 0 1 1 1 1 1 0 1 1 1
440 25 24859 0 1 1 1 1 1 1 0 1 1 1 1 1 1 0 1 1 1 1 0 0 0 1 1 0
441 25 21194 1 1 0 1 1 1 1 1 1 1 1 1 1 1 1 0 1 0 1 1 0 1 1 1 0
442 25 22126 1 1 0 1 1 1 1 0 1 1 1 1 1 0 1 1 1 0 1 1 1 1 1 0 1
443 25 21497 0 1 1 0 0 0 1 1 1 1 1 1 1 0 0 1 1 1 1 1 1 1 1 1 1
444 25 23483 1 0 1 0 0 1 1 1 1 1 1 1 1 1 0 0 1 1 1 1 1 1 1 0 1
445 25 18897 1 0 1 1 0 0 1 1 1 1 1 1 0 1 1 1 1 1 1 1 1 1 0 1 1
446 25 24269 1 1 1 1 0 1 0 1 1 1 1 0 1 1 0 1 0 1 1 1 1 1 0 1 1
447 25 21187 1 1 0 1 1 1 1 0 1 1 1 1 1 0 1 0 1 1 1 1 1 1 1 0 1
448 25 23788 0 1 1 1 1 1 1 1 1 1 1 1 1 1 1 1 0 0 1 0 0 1 1 0 1
449 25 22154 1 0 1 1 1 1 1 1 1 1 1 1 1 1 0 0 1 1 0 0 1 0 1 0 1
450 25 17186 0 0 0 1 1 1 1 0 1 1 1 1 1 1 1 1 1 1 1 1 0 1 1 1 1
451 25 22857 1 1 0 1 1 1 1 0 1 1 0 1 1 1 1 1 1 1 1 0 0 1 0 1 1
452 25 24787 1 1 1 1 1 0 1 1 0 1 1 1 1 1 1 1 1 0 1 0 0 1 0 1 1
453 25 21210 1 1 1 0 1 1 1 1 1 0 1 0 0 0 1 1 1 1 1 1 1 0 1 1 1
454 25 23452 0 0 1 0 1 0 1 1 1 0 1 1 1 0 1 1 1 1 1 0 1 1 1 1 1
455 25 17818 1 1 1 1 1 1 0 0 0 1 1 1 1 1 1 1 1 0 0 1 1 1 0 1 1
456 25 21625 1 1 1 0 0 1 1 1 1 1 0 1 1 1 1 1 1 1 1 1 0 0 1 1 1
457 25 25381 1 1 0 1 1 0 0 1 1 1 1 1 0 1 1 1 1 0 1 1 1 0 1 1 1
458 25 22708 1 1 1 0 1 1 0 1 1 1 1 1 1 1 1 0 0 1 1 1 1 0 1 1 1
459 25 21384 1 1 1 1 1 1 1 1 1 1 1 1 0 1 1 0 1 1 1 1 0 1 0 0 1
460 25 20530 1 1 0 1 1 1 1 1 1 1 1 1 1 1 1 0 0 1 1 0 0 1 1 1 1
461 25 21347 1 1 1 1 1 1 1 1 1 1 1 1 0 1 1 0 1 0 1 0 1 1 1 1 0
462 25 23369 1 1 1 1 0 1 1 1 0 0 0 1 1 0 1 0 1 1 1 1 1 1 1 1 1
463 25 19281 1 1 1 1 1 1 1 0 1 1 0 1 1 1 0 1 0 1 1 1 1 1 1 1 1
464 25 24362 1 1 0 1 1 1 0 1 0 0 1 1 1 1 1 1 1 0 1 0 1 1 1 1 1
465 25 24104 0 1 1 0 1 1 0 0 1 1 0 1 1 1 1 1 1 0 1 1 1 1 0 1 1
466 25 24891 1 1 1 1 1 1 0 1 1 1 1 1 1 1 0 1 1 1 0 0 1 0 0 0 1
467 25 24322 1 1 1 0 1 1 1 1 1 1 1 1 1 0 1 0 1 0 0 1 0 1 1 1 1
468 25 22449 1 1 1 1 1 0 1 1 1 0 0 1 1 1 1 1 0 1 0 1 1 1 1 1 1
469 25 23408 1 1 1 1 1 0 1 0 1 1 1 1 0 1 1 1 1 0 0 1 1 1 1 1 0
470 25 21088 0 0 0 1 1 1 0 1 1 1 1 1 1 1 1 1 1 1 1 1 1 1 0 1 1
471 25 21437 0 1 1 1 1 1 1 0 1 1 1 1 1 1 1 1 1 1 1 0 0 1 0 0 1
472 25 20279 1 1 1 1 0 1 1 0 1 0 1 1 0 1 1 1 1 1 1 1 1 1 1 1 0
473 25 24304 1 1 1 1 1 1 0 1 1 0 0 1 1 1 1 1 1 1 0 1 1 1 0 0 1
474 25 20881 1 1 0 1 1 1 1 1 1 1 1 1 1 1 1 0 1 0 0 0 1 1 1 1 1
475 25 19254 1 1 1 1 1 1 1 0 1 1 1 0 1 1 1 0 1 1 1 1 0 1 0 1 1
476 25 22126 1 1 1 1 1 1 0 1 1 1 0 0 1 1 1 1 1 1 0 1 1 1 1 0 1
477 25 21218 1 0 1 1 0 1 1 1 1 1 1 1 1 1 0 1 1 1 1 1 0 1 0 1 1
478 25 23588 1 1 1 1 0 1 0 1 1 1 1 0 1 1 1 1 1 1 1 1 0 0 0 1 0
479 25 23106 0 1 1 1 0 1 1 0 1 1 1 1 0 0 1 1 1 0 1 1 1 0 1 1 1
480 25 22900 1 1 1 0 1 1 1 0 1 1 1 1 1 0 1 1 0 1 1 1 1 1 0 1 1
481 25 22034 1 1 1 1 1 1 1 1 0 1 1 1 1 0 1 1 1 0 1 0 1 1 1 0 0
482 25 24769 1 0 1 1 0 0 0 1 1 0 1 1 1 1 1 1 1 1 1 1 1 0 1 1 1
483 25 23769 1 1 1 1 1 1 1 1 0 1 1 0 1 1 1 1 0 0 1 1 0 1 1 0 1
484 25 21122 1 0 1 1 1 1 1 0 1 1 1 1 1 1 1 1 0 1 0 1 1 1 1 0 1
485 25 21324 1 1 0 1 1 1 1 1 1 0 1 1 1 1 0 1 1 0 1 0 1 1 1 1 1
486 25 22952 0 1 1 1 1 1 1 1 1 1 1 0 1 1 1 0 0 1 0 1 0 1 1 1 1
487 25 20091 1 1 0 1 0 0 1 1 1 1 1 1 1 1 1 1 0 1 1 0 1 1 1 1 1
488 25 21248 1 0 1 1 1 0 1 1 1 1 1 1 1 1 0 1 1 1 0 1 0 1 1 1 1
489 25 22812 1 1 0 1 0 1 1 1 0 1 0 1 1 1 0 1 1 1 1 1 1 1 1 1 0
490 25 22101 1 1 0 0 1 1 0 1 1 0 1 1 1 1 1 1 0 1 1 1 0 1 1 1 1
491 25 20723 1 1 1 1 0 1 0 1 1 1 0 1 1 1 1 1 0 1 1 1 1 1 1 0 0
492 25 25271 0 1 0 1 0 1 1 1 1 0 1 1 1 1 1 1 1 1 1 0 1 1 1 0 1
493 25 22430 1 1 1 1 1 0 1 1 1 1 0 0 0 1 1 1 1 1 0 1 1 1 1 1 0
494 25 21383 0 1 1 1 0 1 1 1 1 1 1 1 1 1 1 1 1 1 0 0 0 1 1 0 1
495 25 19993 1 1 1 1 1 1 1 1 0 1 1 1 0 1 1 0 1 1 1 0 1 0 1 0 0
496 25 22911 0 1 1 1 1 1 1 1 1 1 0 1 1 1 1 1 1 0 1 1 1 0 0 0 1
497 25 23551 1 1 1 1 1 1 1 1 0 1 1 1 1 1 0 0 1 1 0 0 0 1 1 1 1
498 25 20484 0 1 1 1 1 1 1 1 1 0 1 0 0 1 1 1 1 1 1 0 1 1 1 1 1
499 25 21492 1 0 1 1 1 1 0 1 1 1 1 1 1 1 0 1 1 0 1 1 1 1 1 1 0
500 25 22507 1 1 1 0 1 0 1 1 0 1 1 0 1 1 1 1 1 1 0 0 0 1 1 1 1
