1 27 21168 1 1 1 1 0 1 1 0 1 1 1 1 0 1 1 1 1 1 1 1 1 0 0 1 1 0 1
2 27 23221 1 1 1 1 1 1 1 1 1 1 1 1 1 1 0 0 1 1 0 1 0 0 1 1 1 1 0
3 27 24139 1 1 1 1 1 0 1 1 0 1 0 1 1 0 1 1 1 0 1 1 0 1 1 1 1 1 1
4 27 25942 1 0 1 0 0 1 1 1 1 1 1 1 0 1 1 1 1 1 1 1 1 1 0 1 1 0 1
5 27 25505 1 1 0 1 1 1 0 0 1 1 1 1 1 0 0 1 1 1 0 1 1 1 1 1 0 1 1
6 27 24405 1 1 1 1 1 1 0 0 1 1 0 1 1 1 1 1 0 1 1 1 1 1 0 1 1 1 0
7 27 27177 1 1 1 0 0 1 1 1 0 1 1 1 1 1 1 1 1 1 1 0 1 0 0 0 1 1 1
8 27 23739 1 1 1 1 1 1 1 1 1 1 0 0 0 0 1 1 1 1 1 1 0 1 0 1 0 1 1
9 27 23973 0 1 0 1 1 1 1 1 0 1 1 0 1 1 1 1 0 1 1 0 1 1 1 0 1 1 1
10 27 26029 1 1 0 1 1 1 1 1 1 1 0 0 1 0 1 1 1 0 1 1 1 1 1 0 1 1 0
11 27 26155 0 1 1 0 1 1 1 0 1 1 1 1 0 1 1 1 1 1 1 1 1 1 0 1 0 1 1
12 27 22904 1 0 1 1 0 0 1 1 1 1 1 1 1 0 1 1 0 1 1 1 1 1 0 1 1 1 1
13 27 22373 1 1 1 1 1 1 0 1 1 1 1 1 1 1 1 1 1 0 1 1 0 0 1 1 1 0 0
14 27 23758 1 1 0 0 1 0 1 1 0 1 1 1 1 1 1 1 1 0 1 0 1 1 1 1 1 1 1
15 27 24202 1 1 1 0 1 1 1 0 1 0 0 1 1 1 1 1 1 1 1 0 1 1 1 1 1 0 1
16 27 23107 1 0 1 1 1 1 1 1 1 1 1 1 1 0 0 1 1 0 1 1 1 1 1 1 0 1 0
17 27 23059 1 1 1 0 0 1 1 1 1 1 1 1 1 1 1 1 1 1 1 0 0 1 0 1 1 1 1
18 27 23331 1 1 1 0 1 0 1 1 1 1 1 1 1 1 1 0 1 1 1 1 1 1 1 1 0 0 0
19 27 26046 1 1 0 1 1 1 0 1 1 0 0 1 1 1 1 1 1 1 1 1 1 1 1 1 0 0 1
20 27 24724 1 1 1 1 0 0 1 1 1 0 1 0 1 1 1 1 1 1 0 1 1 0 1 1 1 1 1
21 27 24410 0 1 1 1 1 1 1 1 1 1 1 1 0 1 0 1 1 1 1 1 0 0 1 0 1 1 0
22 27 26357 1 0 1 1 1 1 0 1 1 1 1 1 0 1 1 0 1 1 1 1 0 1 0 0 1 0 1
23 27 23515 0 1 1 1 1 1 0 0 1 1 1 1 1 1 1 1 1 1 0 1 1 1 1 1 1 0 1
24 27 22048 1 1 1 1 1 1 0 1 1 1 1 1 1 1 1 0 0 1 0 1 1 1 0 0 1 1 1
25 27 26419 1 1 1 0 0 0 1 1 1 1 1 1 1 0 1 1 1 1 0 1 0 1 1 1 1 1 1
26 27 22868 0 1 1 0 0 1 1 1 1 1 1 0 1 1 1 1 1 1 1 1 0 0 1 1 1 1 0
27 27 22492 1 1 0 1 1 0 1 1 0 0 1 0 1 1 1 1 1 1 1 1 1 1 0 1 1 1 1
28 27 26184 1 0 1 0 1 1 1 1 0 0 0 1 1 1 1 1 1 1 1 1 1 0 1 1 1 0 1
29 27 21971 1 0 1 0 0 1 1 1 1 1 1 1 0 1 1 1 1 1 1 1 0 1 1 0 1 1 1
30 27 24244 0 1 1 1 1 1 1 1 1 1 1 1 0 1 1 0 0 0 1 0 1 1 1 1 1 1 1
31 27 25077 1 0 1 1 1 1 1 1 1 1 0 1 0 1 0 1 1 1 1 1 1 1 1 0 1 0 1
32 27 24232 0 1 0 1 1 0 1 0 1 1 1 1 1 1 1 1 1 1 1 1 1 1 1 0 1 1 0
33 27 25257 1 1 1 1 0 1 1 1 1 1 1 1 0 1 1 1 1 1 1 0 1 1 1 0 1 0 0
34 27 25116 1 1 1 0 1 1 1 0 1 1 1 1 1 1 1 0 0 1 1 1 1 0 1 1 1 1 0
35 27 25919 1 1 1 1 1 1 0 1 1 0 1 1 0 1 1 1 1 1 0 0 1 1 1 1 1 0 0
36 27 23551 1 1 1 1 1 1 1 1 0 1 0 1 1 1 1 0 1 0 1 1 1 0 1 1 0 1 1
37 27 24537 0 1 1 1 1 1 1 1 1 0 1 1 1 1 1 1 1 1 1 0 1 1 1 0 0 1 0
38 27 25833 1 1 1 1 0 1 1 1 1 1 1 1 0 0 0 0 1 1 1 1 0 1 1 1 1 1 0
39 27 23577 1 1 1 0 1 1 1 0 0 1 0 1 1 1 1 1 1 1 1 1 1 1 1 1 0 1 0
40 27 25680 1 1 0 1 1 1 1 1 1 0 1 0 1 1 0 1 1 1 0 0 1 1 1 1 1 1 1
41 27 22778 0 1 1 1 1 1 0 1 1 1 1 1 1 1 0 1 1 1 0 1 1 0 1 1 1 0 1
42 27 26667 0 1 0 1 1 0 1 1 1 1 1 1 1 1 0 1 0 1 1 0 1 0 1 1 1 1 1
43 27 22128 1 1 1 1 1 1 1 0 1 1 0 1 1 1 1 1 0 0 1 1 1 1 0 1 1 1 0
44 27 25544 1 1 1 1 1 1 0 1 1 1 1 0 1 0 1 0 1 0 1 1 1 1 1 1 0 1 0
45 27 25950 0 1 1 1 0 1 1 1 1 1 1 1 1 0 1 1 1 0 1 1 1 1 0 1 1 0 1
46 27 23358 1 1 1 1 1 1 1 1 0 0 0 1 0 1 1 1 1 1 1 1 1 1 0 1 1 1 0
47 27 24455 0 1 1 1 1 1 0 1 1 0 0 1 1 1 1 1 1 1 1 1 0 1 1 1 0 0 1
48 27 23464 1 0 1 1 1 1 1 1 0 1 1 0 1 1 1 1 0 1 1 1 1 0 1 1 1 1 1
49 27 23317 1 1 1 0 1 1 1 0 1 1 1 1 1 1 0 1 0 0 1 1 0 1 1 1 1 1 1
50 27 25711 0 0 1 1 1 1 0 1 1 0 1 1 0 1 1 1 1 1 0 1 1 1 1 1 1 0 1
51 27 22593 1 1 0 1 1 0 1 1 1 0 1 0 1 1 1 0 1 1 1 1 1 0 1 1 1 0 1
52 27 22976 1 1 1 1 1 1 1 0 1 1 1 1 1 1 0 1 0 1 1 1 1 0 1 1 1 0 0
53 27 24309 0 1 0 0 1 1 1 1 1 1 1 0 1 1 1 1 0 1 1 1 1 1 1 1 1 1 1
54 27 22050 1 1 1 1 1 1 0 0 1 1 1 1 1 0 1 0 0 1 1 1 1 1 0 1 1 1 1
55 27 27028 1 1 1 0 1 1 1 1 0 0 1 1 1 0 1 1 1 1 1 1 1 1 1 0 0 1 1
56 27 25180 1 1 1 1 1 1 1 1 0 1 1 1 0 1 1 1 1 0 1 0 1 0 0 1 1 1 1
57 27 20997 0 1 1 1 0 1 0 1 1 1 1 1 0 1 1 1 1 1 1 0 1 1 0 1 1 1 1
58 27 24736 1 1 1 0 1 1 1 1 1 0 1 1 0 1 0 1 0 1 1 1 0 1 1 0 1 1 1
59 27 21173 0 1 1 0 0 1 1 1 1 1 1 0 1 1 1 1 1 1 1 1 1 1 1 1 1 0 1
60 27 26028 1 1 0 0 0 1 1 1 1 1 0 1 0 1 0 1 1 1 1 1 1 1 1 1 1 1 1
61 27 23611 0 0 1 1 1 0 0 1 1 0 1 1 1 1 1 1 1 1 1 1 1 1 0 1 1 0 1
62 27 25744 1 0 1 1 1 1 1 1 1 1 1 0 1 1 1 1 1 1 0 1 0 0 1 1 0 1 1
63 27 22890 1 1 1 0 1 1 0 1 1 1 1 1 1 1 0 0 1 1 0 1 1 1 0 1 1 1 1
64 27 25665 0 0 1 0 1 1 1 1 1 1 1 0 1 1 1 0 1 1 1 1 1 1 1 1 1 0 0
65 27 24840 0 0 1 1 1 1 0 1 1 0 1 1 1 0 0 1 1 1 1 1 1 0 1 1 1 1 1
66 27 22786 1 0 1 1 1 0 0 1 1 0 1 0 1 1 1 1 1 1 1 1 0 1 1 1 1 1 1
67 27 21210 1 1 1 0 1 1 1 1 1 1 1 1 0 0 1 1 1 0 0 0 1 0 1 1 1 1 1
68 27 23305 0 1 1 1 1 1 0 1 1 1 0 1 1 1 1 0 1 1 0 1 1 1 1 1 1 1 0
69 27 26366 1 1 1 1 1 1 1 1 0 1 1 0 1 1 1 1 1 0 0 1 1 1 0 1 1 1 0
70 27 22834 1 1 1 0 1 1 1 1 0 1 1 1 1 1 1 1 0 1 0 1 1 0 1 1 1 1 1
71 27 24071 1 1 0 1 1 1 1 0 1 1 1 1 1 0 1 0 1 0 1 1 1 1 0 1 1 1 1
72 27 21419 1 1 1 1 1 1 0 1 1 1 1 1 1 0 0 1 1 1 0 1 1 1 1 0 1 0 1
73 27 21337 1 1 1 1 1 0 1 1 1 1 1 1 1 1 0 1 0 1 1 1 1 0 1 0 0 1 1
74 27 26404 0 1 1 1 1 1 1 0 1 0 1 1 0 1 1 1 1 1 0 0 1 1 1 1 1 1 1
75 27 24775 1 1 1 1 1 1 0 1 1 0 0 1 1 1 1 0 1 1 1 0 0 1 0 1 1 1 1
76 27 24868 1 1 0 1 1 0 0 1 1 1 1 1 1 1 0 1 1 1 0 1 1 0 1 1 1 1 1
77 27 25602 1 1 0 1 1 1 1 1 1 1 1 1 1 1 1 1 0 1 1 0 0 0 1 0 0 1 0
78 27 24563 1 0 1 1 1 0 1 1 1 1 1 1 1 0 1 1 1 0 1 0 1 1 0 1 1 1 0
79 27 24500 0 1 1 1 1 1 0 1 0 1 1 1 1 0 1 0 1 0 1 1 1 0 1 1 1 1 1
80 27 23470 0 1 1 0 1 1 0 1 1 0 1 1 1 1 1 1 1 1 1 0 1 1 1 1 0 1 1
81 27 24382 1 1 0 1 0 1 1 1 0 1 1 1 1 0 1 0 1 1 1 1 1 1 1 1 1 0 1
82 27 21557 1 1 1 1 1 1 1 1 1 0 1 0 1 0 1 1 0 1 1 1 1 0 1 1 1 1 1
83 27 21187 1 1 1 1 1 1 1 0 1 1 1 1 0 1 1 1 0 1 1 1 1 1 0 0 1 1 1
84 27 23696 1 1 0 1 1 1 1 1 1 1 1 0 1 1 1 1 0 1 0 1 1 0 1 1 0 1 1
85 27 24928 0 1 1 1 0 0 1 1 1 1 1 1 0 1 1 0 1 0 1 1 1 1 1 1 1 0 1
86 27 25282 1 0 0 0 1 1 1 1 1 1 1 1 1 1 1 1 1 1 1 1 0 0 1 0 1 1 1
87 27 23511 1 1 1 0 1 0 1 1 1 0 0 1 0 1 1 1 1 1 1 1 1 1 1 1 0 1 1
88 27 24134 1 1 1 0 0 1 0 0 1 1 1 1 0 1 1 1 1 1 1 1 1 0 1 0 1 1 1
89 27 24029 1 1 1 1 1 1 1 1 1 1 1 0 1 1 1 1 0 0 1 1 0 0 1 1 0 1 1
90 27 25499 1 1 1 1 1 0 1 0 1 1 1 1 1 1 0 0 1 1 0 1 1 1 0 1 1 0 1
91 27 23080 1 1 1 1 1 1 0 1 1 1 1 1 1 1 0 1 1 1 1 1 1 0 1 0 1 1 0
92 27 24928 1 1 1 0 1 0 1 1 1 1 1 0 1 1 1 1 1 1 0 1 1 0 1 1 0 0 1
93 27 22138 0 0 1 1 1 1 1 1 1 1 1 1 1 1 1 1 1 1 1 0 1 0 1 1 0 0 1
94 27 24521 1 1 1 1 1 1 0 1 0 1 0 1 1 1 1 0 1 1 1 0 1 1 0 0 1 1 1
95 27 23213 1 0 1 1 1 1 1 1 0 0 1 1 1 0 1 0 1 0 1 1 1 1 1 1 1 1 1
96 27 21649 1 1 1 1 1 1 1 1 1 0 1 1 1 1 1 1 1 1 1 1 1 0 0 0 1 0 1
97 27 24073 1 1 1 1 1 1 1 1 1 1 1 1 1 1 0 0 1 1 0 1 0 0 1 1 0 1 1
98 27 24923 1 1 1 1 1 1 1 1 1 1 1 1 0 1 0 1 0 1 1 1 0 1 1 0 1 1 0
99 27 24596 0 1 0 1 0 1 1 1 1 1 1 1 1 1 1 1 0 0 1 1 1 1 1 1 0 1 1
100 27 25087 0 1 0 1 1 1 1 1 0 1 1 1 0 1 1 1 1 0 1 0 1 1 0 1 1 1 1
101 27 23121 0 1 1 0 1 1 1 1 1 1 1 1 1 1 1 1 1 1 0 1 1 1 1 0 0 0 1
102 27 24771 1 0 1 1 1 1 1 1 1 1 1 0 1 0 1 1 1 1 1 1 1 0 0 1 0 0 1
103 27 23143 0 1 0 1 1 1 1 0 1 0 0 1 1 1 1 1 1 1 1 1 1 1 1 1 1 0 1
104 27 22929 1 0 1 1 1 1 1 1 1 1 0 1 0 1 1 0 1 1 1 1 1 1 0 1 1 1 0
105 27 26155 1 1 0 0 1 1 1 0 0 1 1 1 1 1 1 1 1 1 1 1 1 1 1 1 0 1 0
106 27 24607 1 1 1 1 1 0 1 0 0 1 1 1 0 1 1 1 1 1 1 0 1 1 1 1 0 1 1
107 27 28246 0 1 1 0 0 1 1 1 1 1 1 1 1 1 0 1 0 0 1 1 1 1 1 1 1 1 1
108 27 20380 1 1 1 1 1 1 1 1 1 1 1 1 1 1 1 0 1 0 0 1 1 1 1 1 1 0 0
109 27 25886 1 1 1 1 1 0 1 1 1 0 1 1 1 1 1 0 1 0 1 1 1 1 1 1 1 0 0
110 27 22393 1 1 1 1 1 0 1 1 1 1 1 0 1 1 0 1 1 0 1 0 1 1 1 1 1 1 0
111 27 25371 0 1 1 1 1 1 0 1 1 0 1 1 1 1 0 1 0 1 1 1 1 1 1 0 1 0 1
112 27 28103 1 1 0 1 0 1 1 0 1 1 1 1 1 1 1 1 0 1 1 1 0 1 0 1 0 1 1
113 27 25408 0 1 1 1 0 1 0 1 1 1 1 1 1 1 0 1 1 1 1 1 1 1 0 1 0 0 1
114 27 22734 1 1 0 1 1 1 1 1 0 1 0 1 0 1 0 1 1 1 1 1 0 1 1 1 1 1 1
115 27 21788 1 1 1 1 1 1 0 0 1 1 1 0 1 1 1 0 1 1 1 1 1 1 0 0 1 1 1
116 27 23027 1 1 1 1 1 1 0 1 1 1 1 1 1 1 1 1 0 1 0 1 0 1 0 1 0 1 1
117 27 23569 1 1 1 0 1 1 1 1 1 1 1 1 1 1 1 1 0 1 1 1 1 1 0 0 0 0 1
118 27 23003 1 1 1 0 1 1 0 1 0 1 1 1 1 1 1 1 1 0 1 1 0 0 1 1 1 1 0
119 27 23238 1 1 1 0 1 1 0 1 1 1 1 0 1 1 1 1 0 1 1 1 1 0 1 1 0 1 0
120 27 28345 0 1 1 1 1 1 1 1 1 0 0 1 1 1 0 1 1 1 0 0 1 1 1 1 1 0 1
121 27 21342 0 1 1 1 0 1 1 1 1 1 1 1 1 1 1 1 1 0 1 1 1 0 1 0 0 1 1
122 27 20653 1 0 1 1 1 1 1 1 1 1 1 1 1 1 1 1 1 1 0 0 1 1 1 0 1 1 0
123 27 25601 1 1 1 1 1 1 1 1 0 1 1 1 1 1 0 0 0 1 1 1 1 0 1 0 0 1 1
124 27 23764 1 1 1 1 1 1 0 1 1 1 1 1 1 1 1 1 1 1 0 1 0 1 0 0 1 1 0
125 27 24258 1 1 0 0 0 1 1 1 0 0 1 1 1 1 1 1 1 1 1 1 1 1 1 0 1 1 1
126 27 27876 1 1 0 1 1 1 1 0 1 0 0 0 0 1 1 1 1 1 1 1 1 1 1 1 0 1 1
127 27 27970 1 1 0 0 1 1 1 1 1 1 1 1 1 0 0 1 1 1 1 0 1 1 0 1 0 1 1
128 27 25344 1 1 0 1 1 0 1 1 1 1 1 0 1 0 0 1 0 1 1 1 1 1 1 1 1 1 0
129 27 25432 1 1 0 1 1 1 1 1 1 1 0 1 1 0 1 1 0 1 1 1 1 1 0 0 1 0 1
130 27 22303 0 1 1 1 1 0 0 1 1 1 1 1 1 1 1 1 1 0 1 1 1 1 0 1 1 1 0
131 27 20546 1 0 1 0 1 1 1 0 1 1 1 1 1 1 1 0 0 0 1 1 1 1 1 0 1 1 1
132 27 21620 1 1 1 1 0 1 1 1 1 0 1 1 1 1 1 0 1 1 1 1 1 0 1 1 1 0 1
133 27 27716 0 1 1 1 1 1 0 1 1 1 1 0 1 1 1 0 1 1 0 1 1 1 1 1 0 1 0
134 27 26975 1 1 1 1 1 1 1 1 0 0 1 1 1 1 1 1 0 1 1 1 1 1 0 0 1 0 0
135 27 27115 1 1 1 0 1 1 1 1 1 1 1 0 1 1 1 1 1 1 0 1 1 0 1 1 0 1 0
136 27 26080 1 1 0 1 1 1 0 0 0 1 1 1 1 0 0 0 1 1 1 1 1 1 1 1 1 1 1
137 27 24728 1 1 1 1 1 1 0 1 1 0 0 1 1 1 0 1 1 1 1 1 0 1 1 1 0 1 1
138 27 25059 1 1 1 1 1 1 1 0 0 0 1 0 1 1 1 1 1 1 1 1 1 1 0 0 1 1 1
139 27 22810 1 1 1 1 1 0 1 1 0 1 1 1 0 1 0 1 1 1 1 1 0 0 1 1 1 1 0
140 27 23405 1 1 1 0 1 1 1 0 1 1 1 0 1 1 1 1 1 1 1 1 1 1 0 0 1 0 1
141 27 27767 0 1 1 0 1 1 1 1 1 1 1 1 1 1 0 1 0 1 0 1 1 1 1 0 1 1 0
142 27 23472 1 0 1 1 1 0 1 1 0 1 1 1 1 1 1 1 1 0 1 1 0 1 0 1 1 1 0
143 27 24144 0 1 1 1 1 1 1 0 1 1 0 1 0 1 0 1 1 1 1 0 1 1 1 1 0 1 1
144 27 27114 1 1 1 0 1 1 1 1 1 1 0 1 1 1 1 1 0 0 1 1 0 1 1 0 1 1 1
145 27 24265 0 1 1 1 1 1 1 0 1 1 1 1 1 1 0 1 1 1 0 1 0 1 1 0 1 1 1
146 27 24628 1 1 1 1 1 1 0 1 1 1 0 1 1 0 1 1 1 0 1 1 0 1 1 1 1 0 1
147 27 24082 1 1 1 1 1 0 0 1 1 1 1 1 0 0 1 1 1 0 1 1 1 1 0 1 0 1 1
148 27 23826 1 1 1 1 1 1 1 1 1 0 1 1 1 1 1 1 1 0 0 1 0 1 1 0 1 0 1
149 27 22024 1 1 1 1 1 0 1 0 0 1 1 0 1 0 1 1 1 1 0 1 1 1 1 1 1 1 1
150 27 22341 0 1 1 1 1 1 0 1 1 1 1 1 1 0 0 1 1 0 1 1 1 1 1 1 1 1 0
151 27 22864 1 1 1 1 1 0 1 1 0 1 0 1 1 1 1 0 1 1 1 1 1 1 0 0 1 1 1
152 27 22538 1 1 1 1 1 1 0 1 1 1 1 1 0 1 1 1 1 1 1 1 0 0 0 1 1 1 1
153 27 23968 1 1 1 1 1 1 1 0 0 1 1 1 0 1 1 1 1 0 0 1 1 1 1 1 1 1 0
154 27 25898 1 1 1 0 1 1 0 1 1 1 0 1 0 1 1 1 1 1 0 1 1 0 1 1 1 1 1
155 27 21687 1 0 0 1 1 1 1 0 1 0 1 1 1 1 1 0 1 0 0 1 1 1 1 1 1 1 1
156 27 22296 1 1 1 1 0 1 1 0 1 0 1 1 1 1 1 1 1 1 1 1 1 0 1 0 1 1 0
157 27 21780 1 1 1 1 0 1 1 1 1 1 1 1 1 1 1 1 1 0 1 1 0 0 1 0 0 1 1
158 27 25376 1 1 0 1 1 1 1 0 0 1 1 1 1 1 1 1 1 1 0 1 0 1 1 1 1 1 0
159 27 20659 1 1 1 1 1 1 1 1 1 0 1 1 1 1 1 0 1 0 1 1 1 1 0 1 0 1 0
160 27 24553 1 1 1 0 0 1 1 1 1 1 1 1 1 1 1 1 1 1 1 1 0 0 1 1 1 0 0
161 27 24095 0 1 0 1 1 1 0 1 1 1 1 1 1 1 0 1 1 1 1 0 1 1 1 1 0 1 0
162 27 27307 1 1 0 1 1 1 1 1 0 1 1 0 1 1 1 1 0 1 1 1 1 0 0 1 0 1 1
163 27 23426 1 1 1 1 1 1 1 1 1 1 1 1 1 1 1 0 1 0 1 0 1 0 1 0 0 1 1
164 27 23177 1 1 1 1 1 1 0 1 0 1 1 1 1 1 1 0 1 1 0 1 1 1 1 0 1 1 0
165 27 20857 1 1 1 1 0 1 1 1 1 1 1 1 1 0 0 1 0 0 0 1 1 1 1 1 1 1 1
166 27 23019 1 1 1 0 1 1 1 0 1 1 1 1 1 0 1 0 1 1 1 1 1 1 1 1 0 1 0
167 27 24255 1 1 1 1 1 1 1 0 0 1 1 0 1 0 0 0 1 1 1 1 1 1 1 1 0 1 1
168 27 24239 1 1 1 1 1 0 1 1 1 0 1 1 1 1 1 1 0 0 1 1 1 1 0 1 1 1 1
169 27 27226 1 1 0 1 1 1 1 1 1 0 1 1 1 1 1 0 1 1 1 1 1 0 1 1 1 0 0
170 27 24829 1 1 1 1 1 1 1 0 0 1 1 1 1 0 1 1 1 1 1 1 0 1 1 0 1 1 0
171 27 20204 1 1 0 1 1 0 1 1 0 1 1 1 0 1 1 1 1 1 0 0 1 1 1 1 1 1 1
172 27 25066 1 0 1 0 0 1 0 1 1 1 1 1 0 1 1 1 1 1 1 1 1 1 1 1 1 0 0
173 27 24512 1 1 1 1 1 1 1 1 0 0 1 1 0 1 0 0 1 1 1 1 1 1 1 1 0 1 0
174 27 23020 1 1 1 1 1 1 1 1 1 0 1 1 1 0 0 1 1 0 1 0 1 1 0 0 1 1 1
175 27 23154 1 1 1 1 1 0 1 1 1 1 0 1 1 1 1 0 1 1 1 0 1 1 0 1 1 1 0
176 27 24655 1 1 0 1 1 1 1 1 1 1 0 1 1 1 1 1 1 1 1 0 1 0 1 0 1 0 0
177 27 23610 1 1 1 1 1 0 1 1 1 1 1 1 1 0 0 1 1 1 0 0 1 1 1 0 1 1 1
178 27 25195 1 0 1 1 1 1 1 0 1 1 1 1 1 0 1 1 0 1 0 1 0 1 0 1 1 1 1
179 27 26161 1 1 1 1 1 0 1 1 0 1 1 1 1 1 1 0 1 1 1 1 1 0 0 1 0 1 1
180 27 26931 1 1 1 1 1 1 1 1 1 1 1 0 0 0 1 1 1 1 1 1 1 0 0 1 1 0 1
181 27 24033 1 1 1 1 1 1 0 1 1 1 1 1 1 0 1 0 1 1 0 0 1 1 1 0 0 1 1
182 27 26144 1 1 1 1 1 1 1 1 1 0 0 0 0 1 0 1 1 1 0 1 1 1 1 1 1 1 1
183 27 20728 1 0 1 1 0 1 1 1 1 1 1 1 1 1 1 1 1 1 0 1 0 1 0 1 1 1 1
184 27 22382 1 0 1 1 1 1 1 1 1 1 1 0 1 1 1 1 1 1 1 0 1 1 1 1 0 1 0
185 27 28017 1 1 0 1 1 0 1 0 1 1 1 1 0 1 1 1 0 1 1 1 0 1 1 1 0 0 1
186 27 21267 1 1 1 0 1 1 1 1 1 0 1 1 0 1 0 1 0 1 1 0 1 1 1 1 1 1 1
187 27 25930 0 1 1 1 1 1 0 1 1 0 1 1 1 0 1 1 1 1 0 0 1 1 1 1 1 0 1
188 27 25983 1 0 1 1 1 1 1 1 1 1 0 1 0 1 0 1 1 1 1 1 1 0 1 1 1 0 1
189 27 21267 1 1 0 1 1 1 1 1 0 1 1 0 1 1 1 0 1 1 1 1 0 1 1 1 0 1 1
190 27 21920 0 1 1 0 1 1 1 1 1 0 1 1 1 1 1 1 1 1 1 1 1 1 0 0 1 1 0
191 27 26107 0 1 1 1 0 1 1 1 1 1 1 0 1 1 1 0 1 0 1 1 0 1 1 1 1 1 1
192 27 22770 1 0 1 1 1 1 0 1 1 1 1 1 1 1 1 1 1 1 1 0 1 0 1 1 0 1 1
193 27 23621 1 1 1 1 0 1 1 1 1 1 0 1 1 1 0 0 1 1 1 1 1 0 1 0 1 1 1
194 27 25497 1 1 1 1 1 1 0 1 1 1 0 1 1 1 0 1 0 0 1 1 1 1 1 0 1 1 0
195 27 22977 1 0 1 1 1 1 1 1 0 1 1 1 1 0 1 1 1 1 1 0 0 1 1 1 0 1 1
196 27 24971 1 1 1 1 1 1 1 0 0 1 1 1 1 1 0 1 0 1 0 1 1 1 1 1 0 1 1
197 27 19073 1 1 1 1 1 1 0 1 1 1 1 1 1 1 1 0 1 1 0 1 0 1 0 1 1 1 1
198 27 25639 1 0 1 1 0 1 0 1 1 0 1 1 0 1 0 1 1 1 1 1 1 1 1 1 1 1 0
199 27 23331 1 1 1 1 1 1 1 1 1 1 1 1 1 1 1 0 0 0 1 0 0 1 1 0 1 1 1
200 27 26298 1 1 1 1 1 1 0 1 0 1 0 1 1 0 1 0 1 1 0 1 1 1 1 0 1 1 1
201 27 24797 0 1 0 1 1 0 1 1 1 1 1 1 1 1 1 1 1 0 1 1 1 0 1 1 0 1 0
202 27 23029 1 1 0 1 1 1 1 0 1 1 1 1 1 1 1 1 1 1 1 0 1 1 1 0 1 1 0
203 27 23649 1 0 1 1 0 1 1 1 1 0 1 1 0 1 1 1 1 1 1 1 0 1 1 1 1 0 1
204 27 24051 1 1 1 0 1 1 1 0 1 1 1 0 0 1 0 1 1 1 1 1 1 1 1 1 1 1 0
205 27 20018 0 1 0 0 1 1 1 1 1 1 1 1 1 1 1 1 0 1 0 1 1 1 1 1 1 0 1
206 27 21761 1 1 1 1 1 1 1 1 1 1 1 0 1 0 1 1 0 0 1 1 0 1 1 1 1 0 1
207 27 24542 1 0 1 1 1 0 0 0 1 1 1 1 1 1 1 0 1 1 1 0 1 1 1 1 1 1 1
208 27 25746 1 1 0 1 1 1 1 0 1 0 1 1 0 1 1 1 1 1 1 1 0 0 0 1 1 1 1
209 27 26527 1 1 1 0 1 1 0 0 1 1 1 0 0 1 1 0 1 1 1 1 0 1 1 1 1 1 1
210 27 22805 1 1 1 1 1 0 0 1 0 1 1 1 1 0 1 1 1 0 1 1 1 1 1 0 1 1 1
211 27 23634 1 0 1 1 1 0 1 1 1 0 1 1 1 1 1 1 1 1 1 1 0 1 1 1 1 1 0
212 27 26121 1 1 1 1 1 1 0 1 0 1 1 0 1 1 1 0 1 1 1 1 0 1 1 1 1 1 0
213 27 21750 0 1 0 1 0 1 1 1 1 1 1 1 1 1 0 1 1 1 1 0 0 1 1 1 1 1 1
214 27 23926 0 1 1 1 1 0 1 0 1 1 1 0 1 1 1 1 1 1 1 1 0 1 1 1 1 1 0
215 27 21836 1 1 1 1 1 1 1 1 1 0 0 1 1 1 1 1 1 1 0 0 1 0 1 0 1 1 1
216 27 21072 1 1 1 1 1 1 1 0 0 1 1 1 1 0 1 1 1 1 0 0 1 1 1 1 1 1 1
217 27 23443 1 1 1 1 1 1 1 0 1 1 1 1 1 1 1 1 0 1 1 0 1 1 0 0 1 1 0
218 27 23906 1 0 0 1 1 1 1 1 1 0 1 1 0 1 0 1 1 1 0 1 1 1 1 1 1 1 1
219 27 21394 1 1 0 0 0 1 1 1 1 1 1 1 1 1 1 0 1 1 1 1 1 1 1 1 0 0 1
220 27 24918 1 1 1 1 1 1 0 0 1 1 1 1 1 1 1 1 1 0 0 0 1 1 0 1 1 1 0
221 27 23868 1 1 1 1 1 1 1 0 1 1 1 1 1 0 1 1 0 1 1 1 1 1 0 1 1 0 0
222 27 27694 1 0 0 0 1 1 1 1 1 1 1 1 0 1 1 1 1 1 1 0 1 0 1 0 1 1 1
223 27 22038 1 0 1 1 0 1 1 1 1 1 1 1 0 1 1 1 1 1 0 0 1 1 1 0 1 1 1
224 27 21248 1 1 1 1 0 1 1 1 0 1 0 1 1 1 1 1 1 1 0 1 1 0 1 1 0 1 1
225 27 25175 1 1 1 1 1 1 1 1 1 1 1 0 0 1 1 1 1 1 1 1 0 0 1 1 0 0 1
226 27 21676 0 1 1 1 1 0 1 1 1 1 1 1 1 0 1 1 1 0 0 1 1 1 1 1 1 0 1
227 27 23564 0 1 1 1 1 1 1 1 0 0 1 1 1 1 0 1 1 1 1 1 0 1 1 1 1 0 1
228 27 23084 1 1 1 1 0 1 1 0 1 0 1 1 1 0 1 1 1 1 1 1 0 1 1 1 1 0 0
229 27 20328 0 1 1 0 1 1 1 0 1 1 1 1 1 1 0 1 0 1 1 1 1 1 0 1 1 1 1
230 27 25447 1 1 1 1 1 0 0 1 0 1 1 1 1 1 1 1 1 1 1 0 1 1 0 0 1 1 1
231 27 19150 1 1 0 1 1 0 1 1 1 1 1 0 1 1 1 1 1 1 1 1 1 1 0 1 1 1 1
232 27 23313 0 1 1 1 0 1 1 0 1 1 1 1 1 0 1 0 1 1 1 1 1 1 1 1 0 1 1
233 27 27207 1 1 1 1 1 0 1 1 1 1 0 1 1 1 0 1 1 0 1 1 1 0 0 1 1 1 0
234 27 25430 0 1 1 1 1 0 1 1 1 1 0 1 0 1 1 1 1 1 1 1 0 1 1 1 1 0 1
235 27 24328 1 1 1 1 1 1 1 1 1 0 1 1 1 0 0 1 1 1 0 1 1 0 0 1 1 1 1
236 27 25024 1 1 1 0 0 1 1 0 1 1 1 1 1 1 1 0 0 1 1 1 1 1 1 1 0 1 0
237 27 27862 1 1 0 1 1 1 1 1 1 1 1 1 1 1 1 0 1 1 1 0 1 1 0 0 0 0 1
238 27 25172 1 1 1 0 0 0 1 1 1 0 0 1 1 1 1 0 1 1 1 1 1 0 1 1 1 1 1
239 27 23011 1 1 1 1 1 1 1 1 1 1 1 0 1 1 0 0 0 1 1 1 1 1 1 1 1 0 0
240 27 23503 1 1 1 0 1 0 1 0 1 1 1 0 1 0 0 1 1 1 1 1 1 1 1 1 1 0 1
241 27 22100 1 1 1 1 1 0 1 1 1 0 0 1 1 1 1 0 1 1 1 1 1 0 1 1 1 1 1
242 27 21291 1 1 1 1 1 1 1 1 1 1 1 1 1 1 1 0 1 1 1 0 1 0 0 0 1 1 1
243 27 26106 0 1 1 1 1 1 1 1 1 0 1 1 1 0 1 1 1 1 0 0 1 1 1 0 1 1 0
244 27 22243 1 1 0 1 1 1 1 1 0 1 1 1 1 1 1 0 1 1 1 1 1 1 0 0 1 1 0
245 27 26743 0 1 0 1 1 1 1 1 0 1 1 1 1 1 1 0 1 1 1 1 1 0 1 1 1 1 0
246 27 25874 1 0 1 0 1 1 0 1 1 1 1 1 0 1 1 1 0 1 1 1 1 1 1 1 0 1 1
247 27 22887 0 1 0 1 1 1 1 1 1 1 0 1 1 0 0 1 1 1 1 1 1 1 1 1 0 1 1
248 27 25294 1 1 1 0 1 1 1 1 1 1 0 1 1 0 1 1 1 1 0 1 1 0 0 1 1 1 0
249 27 25145 0 0 1 1 1 1 1 1 0 0 1 1 1 1 1 1 1 1 1 0 1 1 1 0 1 1 0
250 27 24897 1 0 1 1 1 0 1 1 1 0 1 1 0 1 1 1 1 0 1 1 1 0 1 1 1 1 1
251 27 22652 1 1 1 1 1 1 1 0 0 1 1 1 1 1 1 1 1 1 0 1 1 0 1 1 1 0 0
252 27 22366 1 1 1 1 1 1 0 0 1 1 1 1 1 0 1 1 0 1 1 1 1 0 1 0 1 1 1
253 27 23203 0 0 1 1 1 1 1 1 1 1 1 1 1 0 1 1 1 0 0 1 1 1 1 1 0 1 1
254 27 28045 1 1 1 1 0 1 1 1 0 0 0 1 1 0 0 1 1 1 1 1 1 1 1 1 1 1 1
255 27 22356 1 1 1 1 0 0 1 0 1 0 1 1 1 1 1 0 1 1 1 1 1 1 1 1 1 1 0
256 27 20439 1 1 1 0 1 1 1 1 0 1 1 1 1 1 0 1 1 1 1 0 1 0 1 1 0 1 1
257 27 24145 1 0 1 1 1 1 0 1 1 0 1 1 0 1 1 1 1 0 1 1 0 1 0 1 1 1 1
258 27 24116 1 1 1 1 1 0 0 1 1 1 1 1 1 1 0 1 1 1 0 1 1 1 1 1 0 0 1
259 27 24948 1 1 0 1 0 1 1 1 1 1 1 1 1 1 0 0 1 1 1 0 1 1 0 1 1 1 1
260 27 25318 0 0 1 1 1 1 1 1 0 1 0 0 1 1 1 1 1 1 1 1 1 1 1 0 0 1 1
261 27 20331 1 0 1 1 1 1 1 1 0 1 1 1 1 1 1 1 1 1 1 1 1 1 0 0 1 0 1
262 27 21661 1 1 0 1 0 1 1 0 1 1 1 1 1 1 1 1 1 1 0 0 1 1 1 1 1 1 1
263 27 23034 1 0 1 1 1 0 0 1 1 1 1 1 1 1 1 1 0 1 1 1 1 1 1 1 1 0 1
264 27 21731 1 1 1 1 1 0 1 1 0 1 1 0 1 1 1 1 1 1 0 1 1 1 1 1 0 1 1
265 27 24547 1 1 0 0 1 1 0 1 1 1 1 0 0 1 1 1 1 1 1 1 0 1 1 1 0 1 1
266 27 23302 1 1 1 1 1 1 1 1 0 1 1 1 0 0 1 1 1 0 1 1 1 0 1 1 0 1 1
267 27 22636 1 1 1 1 0 0 1 0 1 1 0 1 1 1 1 1 1 0 1 1 1 0 1 1 1 1 1
268 27 20929 1 1 1 0 0 1 1 0 1 0 1 0 1 1 1 1 1 1 1 1 1 1 1 1 0 1 1
269 27 25388 1 1 1 1 1 0 1 1 1 1 1 0 1 1 1 1 1 0 1 1 1 1 0 0 0 1 1
270 27 21014 1 0 1 1 0 1 1 1 1 1 1 0 1 1 1 0 1 0 1 1 1 1 1 1 1 1 0
271 27 22276 1 0 1 1 1 1 0 1 1 1 0 1 0 1 1 1 0 1 1 1 0 1 1 1 1 1 1
272 27 25187 1 1 1 1 1 1 1 1 1 1 0 1 0 0 1 1 0 1 0 1 1 1 1 0 0 1 1
273 27 25288 1 1 1 1 1 0 1 1 1 0 1 1 1 1 1 1 1 0 1 0 0 1 0 1 1 1 1
274 27 23694 1 1 1 1 0 1 1 0 1 0 0 1 1 1 1 1 1 1 1 1 1 1 1 1 0 0 1
275 27 24172 0 1 1 0 1 1 1 1 0 1 0 1 1 1 1 0 1 1 1 1 0 1 1 1 1 0 1
276 27 23462 0 1 1 1 0 1 0 1 1 1 1 1 1 1 1 1 1 1 0 1 0 1 1 0 1 1 1
277 27 24413 1 1 0 1 1 1 1 1 1 1 1 1 1 1 1 0 0 1 1 1 0 0 1 1 1 1 0
278 27 21041 1 1 1 1 1 1 0 1 1 1 1 0 1 1 1 1 0 1 1 1 1 1 1 0 0 1 1
279 27 24921 1 0 1 1 1 1 1 1 0 1 1 1 1 0 1 0 0 1 1 0 1 1 1 0 1 1 1
280 27 20484 1 0 1 1 1 0 1 0 1 1 1 1 0 1 0 1 1 1 1 1 1 1 1 1 1 1 1
281 27 24346 1 1 0 1 1 1 1 1 1 1 0 1 0 1 1 1 1 0 1 0 1 1 1 1 0 1 1
282 27 26821 1 1 1 1 1 1 1 1 1 1 1 1 0 1 1 1 0 1 1 1 1 0 0 1 0 0 0
283 27 25431 1 1 1 1 0 1 1 0 0 1 1 0 1 1 0 1 1 1 1 0 1 0 1 1 1 1 1
284 27 21859 1 0 1 1 1 1 0 1 1 0 0 1 1 1 1 1 1 0 1 1 1 0 1 1 1 1 1
285 27 20157 1 1 1 1 1 1 0 1 1 0 1 1 0 0 1 0 1 1 1 1 1 1 1 1 1 1 1
286 27 26171 1 1 1 0 1 1 1 1 0 1 0 1 0 1 1 1 0 0 1 1 1 1 1 1 1 0 1
287 27 21572 1 1 1 1 1 1 1 0 1 1 1 0 1 1 1 0 1 1 1 1 1 1 1 1 0 0 1
288 27 25054 1 1 0 1 1 1 1 1 0 1 1 0 1 1 0 1 1 1 1 1 1 1 0 1 1 0 1
289 27 23890 0 1 1 0 1 1 0 1 1 1 1 1 1 1 1 1 0 1 1 0 0 1 0 1 1 1 0
290 27 24224 1 0 1 1 1 1 0 1 1 1 1 1 1 0 0 1 1 1 0 0 0 1 1 1 1 1 1
291 27 25489 1 1 1 0 1 0 1 1 1 1 1 0 0 1 1 1 1 1 0 1 1 1 1 1 1 0 0
292 27 23027 0 1 1 0 1 1 0 1 1 0 1 1 1 1 1 1 1 0 1 0 1 1 1 0 1 1 1
293 27 24243 1 1 1 1 0 0 0 1 1 1 1 1 0 1 1 1 1 1 1 0 1 0 1 1 1 1 1
294 27 23992 0 1 1 1 1 1 1 1 0 1 1 1 1 0 1 1 1 1 0 1 1 1 1 1 0 1 0
295 27 25228 1 1 1 1 1 1 1 1 1 1 1 0 1 0 1 0 1 1 1 1 1 0 0 1 0 1 1
296 27 25988 0 1 1 1 0 1 1 1 0 0 1 1 0 1 1 0 1 1 1 0 1 1 1 1 1 1 1
297 27 24975 1 1 1 1 1 1 0 1 0 1 1 1 1 1 1 0 1 1 0 1 0 0 0 1 1 1 1
298 27 25412 1 1 1 1 1 1 1 1 1 1 1 1 0 1 1 1 1 0 0 1 1 0 0 1 1 0 1
299 27 22566 1 1 1 1 1 1 1 1 1 1 0 1 1 1 1 1 1 0 1 1 0 0 1 0 1 0 1
300 27 25596 0 1 1 0 1 1 0 1 1 1 1 1 1 1 1 1 0 1 1 1 0 1 1 1 1 1 0
301 27 25562 0 1 1 1 1 0 1 1 1 1 1 1 1 1 1 1 0 1 1 1 1 1 0 1 0 0 0
302 27 26258 1 1 0 0 1 1 1 1 1 1 0 1 0 1 1 1 1 1 0 1 1 1 0 1 1 1 1
303 27 24807 0 1 1 1 1 1 0 1 1 1 1 0 1 1 1 1 1 1 0 1 0 1 1 0 1 1 1
304 27 23789 0 1 1 1 1 1 0 1 1 1 0 1 1 1 1 1 1 1 1 1 0 0 1 1 0 1 1
305 27 22423 1 1 0 1 1 1 1 1 1 1 1 1 1 1 1 1 0 1 1 1 0 0 0 1 1 1 1
306 27 24045 0 1 1 1 0 1 0 1 0 1 1 1 1 1 1 1 0 1 1 1 1 1 1 0 1 1 1
307 27 23879 0 1 1 1 1 1 1 1 1 0 1 1 1 1 0 1 1 1 0 1 1 0 1 1 1 1 0
308 27 21846 1 1 1 1 1 1 1 1 0 1 1 1 1 0 1 1 0 0 1 1 0 0 1 1 1 1 1
309 27 25527 1 1 0 1 1 1 1 0 0 1 1 0 1 1 0 0 1 1 1 1 0 1 1 1 1 1 1
310 27 27520 1 1 0 1 1 1 0 1 0 1 1 1 1 1 1 1 1 1 1 0 1 1 1 0 1 1 0
311 27 19657 1 1 1 1 1 1 1 1 1 1 1 0 1 0 1 1 1 1 1 0 1 0 1 1 1 1 0
312 27 27385 1 1 1 1 1 0 1 0 1 1 1 0 1 0 0 1 1 0 1 1 1 0 1 1 1 1 1
313 27 23950 1 0 0 1 1 0 1 1 0 1 0 1 1 1 1 1 1 0 1 1 1 1 1 1 0 1 1
314 27 19430 1 1 1 1 0 0 1 1 1 0 1 1 1 0 1 1 1 1 1 1 1 0 0 1 1 1 1
315 27 24378 1 1 1 1 1 1 1 0 1 1 1 1 1 1 0 0 1 1 1 1 1 1 0 1 0 1 0
316 27 21287 1 1 0 1 1 1 1 1 1 0 1 1 0 1 1 1 1 1 0 1 1 0 1 1 1 1 1
317 27 25481 1 1 1 1 1 1 1 1 0 1 1 1 0 1 1 0 1 0 1 0 1 1 0 1 1 0 1
318 27 20633 1 0 1 1 1 0 1 1 1 1 1 1 1 1 1 0 0 0 1 1 1 1 0 1 1 1 1
319 27 26136 1 0 1 1 1 0 1 1 1 0 1 0 1 0 1 1 1 1 1 1 1 0 1 0 1 1 1
320 27 22272 1 1 0 1 0 1 1 0 1 1 1 1 1 1 0 1 1 1 1 1 0 0 1 1 1 1 0
321 27 21645 1 1 1 1 1 1 1 1 1 0 0 1 1 1 1 0 1 1 1 1 0 1 1 0 0 1 1
322 27 27207 1 0 1 1 0 1 1 1 1 1 1 0 0 1 0 1 1 1 1 1 1 0 1 0 1 1 1
323 27 22899 1 1 0 0 1 1 1 0 1 1 0 1 1 1 1 1 1 1 1 0 1 1 1 1 1 0 1
324 27 25910 0 1 1 1 1 0 1 1 1 1 1 1 1 1 1 1 1 1 0 1 1 0 0 1 1 0 1
325 27 23082 1 0 1 1 1 0 1 1 1 1 1 1 1 1 1 1 1 1 1 1 0 0 0 1 0 1 1
326 27 27617 0 1 1 1 1 1 1 1 1 0 1 0 1 0 1 0 1 1 0 1 1 1 1 0 1 1 1
327 27 28410 1 0 1 0 1 1 0 1 1 1 1 1 1 1 1 1 0 0 1 0 1 1 1 1 1 0 1
328 27 24019 1 1 0 0 0 1 1 0 0 1 1 1 1 1 1 1 1 1 0 1 1 1 1 1 0 1 1
329 27 22179 1 1 1 1 1 0 0 0 1 1 1 1 1 1 1 0 1 0 1 0 1 1 1 1 1 1 1
330 27 24206 1 1 1 0 1 1 1 1 1 1 0 0 0 1 0 1 1 1 1 1 1 1 1 1 1 0 1
331 27 22016 1 1 1 1 0 1 1 1 1 0 1 1 1 1 1 1 1 1 1 0 0 1 1 0 1 1 1
332 27 24566 0 1 1 1 1 1 1 1 1 1 0 1 1 0 1 1 0 1 1 0 1 0 1 0 1 1 1
333 27 20676 1 0 1 1 1 1 1 1 1 1 1 1 1 1 1 1 1 1 0 1 0 0 1 1 1 1 0
334 27 21343 1 0 1 1 1 1 1 0 1 1 0 0 1 1 1 0 1 1 0 1 1 1 1 1 1 1 1
335 27 26217 1 1 0 1 0 1 0 1 0 1 1 1 1 0 1 1 1 1 0 1 1 1 1 1 1 1 0
336 27 24806 1 1 1 1 1 0 0 1 1 0 1 0 1 0 0 1 1 1 1 1 1 1 1 1 1 1 1
337 27 25453 1 1 1 0 1 0 1 0 0 1 0 1 1 1 1 1 1 1 1 1 1 1 1 1 1 0 1
338 27 24315 1 1 0 1 1 1 1 1 0 1 1 0 1 1 0 1 1 1 1 0 0 1 0 1 1 1 1
339 27 24972 1 0 1 1 1 1 1 1 1 1 1 0 1 1 1 1 0 1 1 0 0 1 0 0 1 1 1
340 27 21470 1 1 1 1 1 0 1 1 1 1 1 1 1 1 0 1 0 0 0 0 1 1 1 1 1 1 1
341 27 25544 1 1 1 1 1 1 1 0 0 1 1 1 0 1 1 1 1 1 1 1 0 1 1 1 1 0 0
342 27 24969 1 1 0 1 0 1 1 1 1 1 1 1 1 0 1 1 1 1 0 1 1 1 0 0 1 1 0
343 27 23680 1 0 1 1 1 0 1 0 1 1 1 1 1 0 1 1 1 0 0 1 1 1 1 1 1 1 0
344 27 23589 1 1 0 1 1 1 1 0 1 0 1 1 1 1 0 0 1 0 1 1 1 1 1 0 1 1 1
345 27 26077 0 0 1 1 1 0 1 1 1 0 1 1 1 1 1 0 1 1 1 1 1 0 1 1 1 1 1
346 27 24592 1 1 1 1 1 0 1 1 1 0 1 1 1 0 0 1 1 1 0 1 1 1 1 1 1 1 0
347 27 21846 0 1 1 1 1 1 1 1 0 1 1 1 1 1 1 1 1 0 1 0 1 1 1 1 1 0 0
348 27 25137 1 1 0 1 1 0 1 0 1 1 1 0 1 1 1 0 1 1 1 1 1 1 1 1 0 1 0
349 27 24152 1 1 1 1 1 1 1 0 1 1 0 0 1 1 1 1 1 1 0 0 1 1 1 1 0 1 1
350 27 23905 1 1 1 1 1 1 0 1 1 1 1 0 0 1 1 0 1 1 1 0 1 0 1 1 1 1 1
351 27 23111 1 1 1 1 0 0 1 1 1 1 1 1 1 0 1 1 0 1 1 1 1 1 1 0 1 0 1
352 27 25127 1 1 1 1 0 1 0 0 0 1 1 0 1 1 1 1 1 1 1 1 1 1 1 1 1 0 1
353 27 24675 1 1 1 1 0 1 1 1 0 1 0 1 1 1 0 1 1 1 1 0 1 1 1 0 1 0 1
354 27 21506 1 1 1 1 1 1 0 1 1 0 1 1 1 0 1 1 1 1 1 1 0 1 1 0 0 1 1
355 27 21666 1 1 0 0 1 1 1 1 0 1 1 1 1 1 0 1 1 1 1 0 1 1 1 1 1 0 1
356 27 23404 0 1 0 1 1 1 1 1 1 0 1 1 1 1 1 1 1 0 1 1 1 1 1 1 0 1 0
357 27 20925 1 0 1 1 1 1 0 0 1 1 0 1 1 1 1 1 0 1 1 1 1 1 1 1 1 0 1
358 27 25485 1 1 1 1 1 0 1 1 1 1 1 0 1 0 1 1 1 1 0 1 1 1 1 0 1 0 1
359 27 24985 0 1 1 1 1 1 1 0 1 1 0 1 1 1 1 0 1 1 1 1 0 0 0 1 1 1 1
360 27 23280 1 1 0 1 1 1 1 0 1 1 0 1 1 0 1 1 1 0 1 1 1 1 1 1 1 1 1
361 27 28325 1 1 0 1 0 1 1 1 0 0 1 1 1 1 1 1 1 1 1 1 1 1 1 1 0 1 0
362 27 25724 1 1 0 1 0 0 1 1 1 1 1 0 1 0 1 1 1 1 1 0 1 1 1 1 1 1 0
363 27 24184 1 0 1 0 1 0 1 1 1 1 1 1 1 1 1 1 1 0 1 0 1 1 1 1 1 0 0
364 27 26482 1 1 1 0 1 1 1 1 1 1 1 0 1 0 1 1 1 1 0 0 1 1 1 1 0 1 1
365 27 21502 1 1 1 1 1 1 1 1 1 1 1 0 1 0 0 0 1 1 1 1 0 1 1 1 1 1 1
366 27 24630 1 0 1 1 0 1 1 1 1 1 0 0 1 1 1 1 1 1 1 1 0 1 1 0 1 1 1
367 27 23993 1 1 0 1 1 1 1 1 0 1 1 1 0 1 1 1 1 0 0 1 1 1 1 1 1 1 0
368 27 24555 1 0 1 1 1 1 1 0 1 1 0 1 1 1 1 1 1 1 1 1 1 0 1 0 1 0 1
369 27 24363 1 0 1 1 1 1 0 1 1 1 1 1 1 1 1 1 1 1 1 0 1 1 1 1 0 0 0
370 27 23472 1 0 1 1 1 1 1 1 1 1 1 1 0 0 1 0 1 1 1 0 1 1 0 1 0 1 1
371 27 25566 1 1 1 1 1 1 1 0 0 1 0 1 1 1 1 1 1 1 1 0 0 0 0 1 1 0 1
372 27 25967 1 1 0 1 1 1 0 1 1 1 1 1 1 0 1 1 1 1 0 1 0 1 1 1 0 1 0
373 27 24690 1 0 1 1 1 1 1 1 0 1 1 1 1 0 1 1 1 1 1 1 0 0 1 1 1 1 0
374 27 25547 1 1 0 1 0 0 1 1 1 1 1 1 1 0 0 0 1 1 1 1 1 0 1 1 1 1 1
375 27 23979 1 1 1 1 1 0 1 1 1 0 0 0 1 1 1 1 1 1 0 1 1 0 1 1 1 1 0
376 27 23539 0 1 1 0 1 1 0 1 1 1 1 1 0 0 1 1 1 1 0 1 1 1 1 1 1 1 1
377 27 21314 1 0 1 1 0 1 1 1 0 1 1 1 1 0 1 1 0 1 1 1 1 1 1 1 1 1 1
378 27 20501 1 1 1 0 0 1 1 1 1 0 0 1 0 1 1 1 1 1 1 1 1 1 1 0 1 0 1
379 27 22872 1 0 1 1 0 1 1 1 1 1 1 1 0 1 0 1 1 1 1 1 1 1 1 1 0 1 1
380 27 25955 1 1 1 1 1 1 1 0 1 0 1 1 1 1 1 1 1 1 1 0 0 1 1 1 0 0 1
381 27 25564 1 1 0 1 1 1 1 0 1 1 0 1 0 1 1 0 1 1 1 1 1 0 0 0 1 1 1
382 27 23612 1 1 1 1 1 1 1 1 0 0 1 0 1 1 1 0 1 1 1 1 0 1 1 0 1 0 1
383 27 20912 1 1 1 1 1 0 1 0 1 1 1 1 0 1 1 1 1 1 0 1 1 1 1 1 1 1 0
384 27 23507 1 1 0 1 1 1 1 1 1 0 0 0 1 1 0 1 1 1 1 0 1 1 1 1 1 1 1
385 27 25716 1 0 1 1 1 1 1 0 0 1 1 1 1 0 0 1 1 1 0 1 1 1 1 1 1 1 1
386 27 20177 1 1 1 0 1 1 1 1 1 1 0 1 0 1 1 1 1 1 1 0 1 0 1 1 1 0 1
387 27 24091 1 1 0 1 1 0 1 0 1 1 1 0 1 1 1 1 1 1 1 1 1 1 0 1 0 0 1
388 27 26445 1 0 1 0 1 1 1 1 1 0 1 1 1 0 1 1 1 1 1 0 1 0 1 1 1 0 1
389 27 23655 1 1 0 1 0 1 1 1 1 1 1 1 1 0 0 1 0 1 1 1 1 1 1 0 1 1 1
390 27 27179 1 0 0 1 0 1 1 1 1 1 0 0 1 1 1 1 1 1 0 1 1 1 1 1 1 0 1
391 27 21785 1 0 1 1 1 1 1 1 1 1 1 1 1 0 0 1 1 1 1 0 1 1 1 0 1 1 0
392 27 26834 1 1 1 1 0 0 0 1 1 1 0 0 1 1 1 1 1 1 0 0 0 1 1 1 1 1 1
393 27 24427 1 0 1 1 0 0 0 1 0 0 1 1 1 1 1 1 1 1 1 1 1 1 1 1 1 1 1
394 27 23980 1 1 1 0 1 0 1 0 1 1 1 1 1 0 1 1 1 0 1 1 1 1 0 1 0 1 1
395 27 26050 1 1 0 0 1 1 1 1 1 1 1 1 1 1 1 0 0 1 1 1 0 1 1 0 1 0 1
396 27 26688 1 0 0 1 1 1 1 1 1 1 1 0 1 1 0 1 1 0 0 1 0 1 1 1 1 1 1
397 27 24845 1 0 1 1 0 0 1 0 0 1 1 0 1 1 1 1 1 1 1 0 1 1 1 1 1 1 1
398 27 27727 1 1 1 1 1 1 0 1 1 0 0 1 0 0 1 0 0 1 1 1 1 1 1 1 1 1 1
399 27 25109 1 1 1 1 1 0 1 0 0 1 1 1 1 1 1 0 0 1 1 0 1 1 1 1 1 1 1
400 27 25866 1 1 1 1 1 0 1 1 1 0 0 1 1 1 1 1 1 0 1 1 1 0 1 1 0 1 0
401 27 25589 1 1 1 1 1 1 1 1 0 1 1 0 0 0 1 1 1 1 1 1 0 1 0 1 1 1 1
402 27 24738 1 1 1 1 1 0 1 1 0 1 1 1 1 1 1 0 1 0 1 1 1 0 1 0 1 1 1
403 27 23175 0 1 0 1 1 1 1 1 0 1 1 1 1 1 1 0 1 1 0 1 0 1 1 1 1 1 1
404 27 25743 1 1 1 1 1 0 1 1 1 0 1 1 0 1 1 1 1 1 0 1 1 0 1 0 1 0 1
405 27 29032 0 1 0 1 1 1 1 1 1 1 0 0 0 1 1 1 1 0 1 1 0 1 1 1 1 1 1
406 27 22892 1 1 1 1 1 1 1 1 1 0 1 1 1 0 1 1 0 1 1 1 1 1 0 0 1 1 0
407 27 21434 1 1 1 1 0 0 0 0 1 1 1 1 1 1 1 0 1 1 1 1 1 1 0 1 1 1 1
408 27 22672 1 0 1 1 1 0 1 0 1 1 1 1 1 0 1 1 1 1 0 1 1 1 1 1 1 0 1
409 27 25593 1 1 0 1 0 1 1 1 0 0 1 0 1 1 1 1 1 1 1 1 1 0 1 1 0 1 1
410 27 25094 1 1 1 1 0 0 1 1 1 1 1 0 1 1 1 1 0 1 1 1 1 0 1 1 1 1 1
411 27 23641 1 1 1 1 1 1 1 1 0 0 1 0 0 1 1 1 1 0 1 1 1 1 1 1 1 1 0
412 27 23238 1 1 1 1 0 0 1 1 1 1 1 0 1 1 0 1 1 1 1 1 1 0 1 1 0 0 1
413 27 21637 1 1 0 1 0 1 1 0 1 1 1 1 0 1 1 1 1 1 1 1 0 1 1 1 0 1 1
414 27 25486 1 1 1 1 1 1 1 1 1 1 1 1 0 0 0 1 0 1 1 1 1 0 0 0 1 1 1
415 27 22264 0 1 1 1 1 1 0 1 1 1 1 0 1 1 1 1 0 0 1 1 1 1 1 1 1 1 1
416 27 26572 1 0 0 1 0 1 1 1 1 1 0 1 1 1 1 1 1 1 1 0 1 0 1 1 1 1 1
417 27 25196 1 0 1 1 1 0 1 0 1 1 1 1 1 1 1 0 1 1 1 1 1 0 1 0 1 1 1
418 27 16694 0 1 0 1 1 0 1 0 0 1 1 1 1 1 1 1 1 1 1 1 1 1 1 1 1 1 1
419 27 28472 0 1 1 1 1 1 0 1 1 1 0 1 1 1 1 0 1 1 1 1 1 1 1 0 1 1 0
420 27 24946 1 1 1 1 1 1 1 1 1 1 1 0 1 0 0 1 0 1 1 1 0 1 1 0 1 1 1
421 27 26456 1 1 1 0 1 0 1 1 1 1 1 1 1 1 1 1 1 1 0 1 1 0 1 1 1 0 0
422 27 19678 0 1 0 0 1 1 0 1 1 1 1 1 1 1 1 1 1 1 1 1 1 1 0 1 0 1 1
423 27 21409 1 0 1 1 1 0 1 1 1 1 0 1 1 1 1 1 1 1 0 1 1 1 1 0 0 1 1
424 27 26778 1 1 1 1 1 1 1 1 1 1 0 1 1 1 0 1 1 1 0 1 0 1 1 1 0 0 0
425 27 25575 0 0 1 1 1 0 1 1 1 0 1 1 1 1 1 1 1 1 1 1 1 1 1 1 0 0 0
426 27 20793 1 1 1 0 1 1 1 1 1 1 1 1 1 1 0 1 0 1 1 1 0 0 1 1 1 1 0
427 27 24098 0 1 0 1 1 1 1 1 1 1 1 1 1 1 0 1 1 1 1 1 0 0 1 1 1 0 0
428 27 21055 0 1 1 1 1 1 1 1 1 1 1 1 1 0 1 1 0 1 1 0 1 0 1 0 1 1 1
429 27 26374 1 0 1 1 1 1 0 1 1 1 0 1 0 1 1 1 1 0 0 1 1 1 1 1 1 1 1
430 27 21440 0 1 1 1 1 1 1 1 1 1 0 1 1 1 0 1 1 1 1 1 1 1 1 0 1 0 1
431 27 26121 0 1 1 1 1 1 0 0 1 1 1 1 1 1 1 1 1 0 1 0 1 1 1 1 0 1 1
432 27 27044 1 0 1 0 1 1 0 1 1 1 1 1 1 0 1 0 1 1 1 1 1 1 1 1 0 0 1
433 27 26838 0 1 1 1 1 1 1 1 0 1 1 1 1 0 1 0 0 1 1 1 1 1 1 0 1 1 1
434 27 24348 1 1 0 1 1 0 1 1 1 0 1 1 0 1 1 1 1 1 1 1 1 1 1 0 0 1 1
435 27 24222 0 1 1 1 1 1 1 1 1 1 1 0 0 1 1 0 1 1 1 1 1 1 1 0 0 0 1
436 27 24726 1 1 0 1 0 1 0 1 1 1 1 1 1 1 1 1 0 1 0 1 1 1 0 1 1 0 1
437 27 22403 1 1 1 1 1 1 1 0 0 1 1 1 0 1 0 0 1 1 1 0 1 1 1 1 1 1 1
438 27 25304 0 1 1 1 1 1 0 0 1 1 1 1 1 1 1 1 1 0 1 0 1 1 0 1 1 1 1
439 27 21647 1 1 1 1 1 1 1 1 1 1 1 1 1 1 0 1 1 0 0 1 0 1 1 1 1 1 0
440 27 24882 1 0 0 0 0 1 1 1 1 1 1 1 1 1 1 1 1 1 1 1 1 0 1 1 0 1 1
441 27 20562 1 1 1 0 1 0 1 1 1 1 1 1 1 1 1 0 1 1 1 1 1 1 0 1 0 1 0
442 27 23908 1 1 1 1 1 1 1 1 1 1 1 0 0 0 1 0 1 1 0 1 0 1 1 1 1 1 1
443 27 23447 1 1 1 1 0 1 1 1 1 1 1 1 1 1 0 1 1 1 1 0 0 1 0 1 1 1 1
444 27 26166 1 1 1 1 0 1 1 1 0 0 1 1 1 1 1 1 1 0 1 1 0 1 0 1 1 1 1
445 27 23181 0 1 1 1 1 1 1 1 0 0 1 1 1 1 1 1 1 0 0 0 1 1 1 1 1 0 1
446 27 24117 1 0 1 1 1 1 1 0 1 1 0 0 0 1 1 1 1 1 1 0 1 1 1 1 1 1 1
447 27 28351 1 1 1 1 1 0 1 1 1 1 1 1 1 1 1 0 0 0 1 1 1 1 0 0 1 0 1
448 27 24107 1 1 1 1 1 1 1 1 1 0 1 0 0 1 1 1 0 1 1 1 1 1 1 1 0 1 1
449 27 23674 0 1 0 1 0 1 1 1 1 1 1 0 1 1 1 1 1 1 1 1 1 0 0 1 1 1 1
450 27 23376 1 1 1 1 1 0 1 1 1 1 1 1 1 0 0 1 1 1 1 1 1 0 0 1 1 1 0
451 27 24664 1 1 1 0 0 1 1 1 1 1 0 1 1 1 1 1 1 1 1 0 1 0 1 1 1 1 0
452 27 23451 0 1 0 1 0 1 1 1 1 1 0 1 0 1 1 1 1 1 1 1 1 1 1 1 1 0 1
453 27 22195 1 1 1 1 1 0 1 0 1 0 1 1 1 1 1 1 1 1 1 1 1 1 1 1 0 0 0
454 27 23931 1 1 1 0 1 1 0 1 0 1 1 1 0 1 1 1 1 0 1 1 1 1 1 1 0 1 1
455 27 24230 0 1 1 1 0 0 1 1 0 1 1 1 1 1 1 1 1 1 1 1 1 1 0 1 1 0 1
456 27 22326 1 1 1 1 0 1 0 1 1 1 1 1 0 1 1 1 0 0 1 1 1 1 1 1 0 1 0
457 27 27390 0 1 1 1 1 1 1 0 1 1 1 0 0 1 1 1 0 1 1 1 0 0 1 1 1 1 1
458 27 23445 1 1 1 1 1 1 0 0 0 1 1 0 1 1 1 1 1 1 1 0 0 1 1 1 1 1 1
459 27 22845 1 1 0 1 1 1 1 1 0 1 1 0 1 0 1 1 1 0 1 0 1 1 1 1 1 1 1
460 27 21043 0 1 1 0 0 0 1 1 1 1 1 1 1 1 1 1 1 1 0 1 0 1 1 1 1 1 1
461 27 26006 0 1 1 1 1 1 1 0 0 1 0 1 1 0 1 1 1 1 1 1 0 1 1 1 0 1 1
462 27 26202 1 1 1 0 1 1 1 1 0 0 1 0 1 1 1 1 1 1 1 1 1 1 1 0 0 1 0
463 27 20219 1 1 0 1 0 0 1 1 1 1 1 1 1 0 1 0 1 1 1 1 1 1 1 1 1 1 1
464 27 25281 1 1 1 0 1 0 1 1 0 1 1 1 1 0 1 1 1 1 1 0 0 0 1 1 1 1 1
465 27 23985 1 0 1 1 1 1 1 1 1 1 1 1 1 1 1 1 1 0 1 1 1 0 0 1 0 0 1
466 27 23203 1 1 1 0 1 1 1 0 1 1 1 1 1 1 0 1 1 0 1 1 1 1 1 1 1 0 0
467 27 23230 1 1 0 1 0 1 1 1 1 1 1 1 1 0 1 0 1 1 0 1 1 1 0 1 1 1 1
468 27 23235 1 1 0 0 0 1 1 1 1 1 1 1 1 1 1 1 1 0 1 1 1 0 1 1 1 1 0
469 27 24098 1 1 0 1 0 1 1 1 1 1 0 1 1 0 1 1 1 1 1 1 1 1 0 1 1 0 0
470 27 22889 1 1 1 1 1 1 1 0 1 1 1 0 1 0 1 1 1 1 1 1 0 1 0 1 1 1 0
471 27 24334 0 1 1 0 1 0 1 1 1 1 1 1 1 1 1 0 1 1 0 1 1 1 1 1 1 1 0
472 27 24508 1 1 1 1 1 0 0 1 1 1 1 1 1 1 1 0 1 1 1 0 1 1 1 1 0 0 1
473 27 24120 1 1 1 1 1 0 1 1 1 1 0 0 1 1 0 1 1 0 1 1 1 0 1 1 1 1 1
474 27 24040 1 1 1 1 1 0 0 1 1 1 1 1 1 0 1 1 1 1 1 0 1 1 1 1 0 0 1
475 27 24629 1 0 1 0 1 1 0 1 1 1 1 1 1 1 1 1 1 1 0 0 1 1 1 1 0 0 1
476 27 23553 1 1 0 1 0 1 1 1 1 1 0 1 1 1 1 1 1 1 0 1 1 1 1 1 0 1 0
477 27 25086 0 0 1 1 1 0 1 1 1 1 1 1 1 1 1 1 1 1 1 0 1 0 0 0 1 1 1
478 27 23163 1 1 1 1 1 1 1 0 1 0 1 1 0 1 1 0 1 1 1 0 1 1 1 0 1 1 1
479 27 24498 0 0 1 1 1 1 1 1 1 1 1 0 1 1 1 1 1 0 1 0 1 1 0 1 1 1 1
480 27 23610 1 1 0 0 1 1 1 1 0 1 1 0 0 1 1 1 1 1 0 1 1 1 1 1 1 1 1
481 27 24995 1 1 1 1 0 1 1 1 0 1 1 1 1 0 0 1 1 1 1 1 1 0 1 0 1 1 0
482 27 21630 1 0 1 1 1 1 1 1 1 1 0 1 0 1 1 0 1 1 1 1 1 1 1 1 0 0 1
483 27 26132 1 1 1 1 0 0 0 1 1 1 1 1 1 0 1 1 1 1 1 1 1 1 0 0 1 1 0
484 27 24004 0 1 1 1 1 1 0 1 0 1 0 1 0 1 1 1 0 1 1 1 1 1 1 1 1 1 1
485 27 24027 1 1 1 1 1 0 1 1 1 0 1 0 1 1 1 1 1 1 1 1 0 1 1 0 1 0 0
486 27 20885 1 1 1 0 0 1 1 1 1 1 1 1 1 0 1 1 1 0 1 1 1 0 1 1 0 1 1
487 27 22673 1 1 1 0 1 0 1 1 1 1 1 1 1 1 1 0 1 0 1 0 1 1 1 1 1 0 1
488 27 25308 1 0 1 1 1 1 1 1 1 1 1 0 0 1 1 1 1 1 1 1 1 1 1 0 1 0 0
489 27 24754 1 1 1 1 1 1 0 1 0 1 0 1 1 1 1 1 1 1 1 1 1 1 1 0 1 0 0
490 27 24052 1 0 1 1 1 1 1 1 1 1 1 1 1 1 1 1 1 1 1 1 1 0 0 0 0 1 0
491 27 24196 1 0 0 1 1 1 1 1 1 0 1 1 0 1 1 1 1 1 1 1 0 1 1 0 1 1 1
492 27 25380 1 1 0 0 1 1 0 0 1 1 1 1 1 1 1 1 1 0 1 1 0 1 1 0 1 1 1
493 27 23623 1 1 0 1 0 1 1 1 1 1 1 1 0 1 1 1 1 1 0 0 1 1 1 0 1 1 1
494 27 25698 1 1 1 1 1 1 1 0 1 0 1 1 0 0 1 1 1 1 1 1 1 1 0 0 1 0 1
495 27 20188 1 0 1 1 1 1 1 1 0 0 1 0 1 1 1 0 1 1 1 1 1 1 1 1 1 1 0
496 27 23365 1 0 1 1 0 1 1 1 1 1 1 0 1 1 1 1 1 1 1 0 1 0 1 0 1 1 1
497 27 27768 1 1 1 1 0 1 1 1 1 1 1 0 1 0 1 1 0 1 0 1 1 0 1 1 1 1 0
498 27 24737 1 0 1 1 1 1 1 0 1 1 1 1 1 1 1 1 1 1 1 0 0 1 1 0 0 1 1
499 27 29920 1 1 1 1 1 1 1 1 1 0 0 0 0 1 0 1 1 1 1 1 1 1 0 1 1 1 0
500 27 24893 1 1 1 1 0 1 1 1 1 1 0 1 0 1 1 1 0 1 1 0 1 1 1 0 1 1 1
