1 15 5294 1 0 1 1 0 1 1 1 0 0 1 1 1 1 1
2 15 4521 1 1 1 1 0 0 1 1 1 1 1 1 1 0 1
3 15 5564 1 1 1 0 1 0 1 1 0 1 0 1 1 1 1
4 15 5051 1 1 1 1 1 1 0 0 0 1 1 1 1 0 1
5 15 5086 1 0 1 1 1 1 1 0 1 1 0 1 1 0 1
6 15 5800 1 1 1 0 1 1 0 0 1 1 1 0 1 1 1
7 15 6536 1 0 0 1 1 1 1 1 1 0 0 1 1 0 1
8 15 6753 1 0 1 1 0 1 1 0 1 1 1 1 0 1 1
9 15 6085 0 0 0 1 0 0 1 1 1 1 1 1 1 1 1
10 15 4968 0 1 1 1 0 1 1 0 1 0 1 1 1 1 1
11 15 5084 0 1 1 1 1 0 1 1 1 0 1 0 1 0 1
12 15 5229 1 1 1 1 1 1 0 1 1 1 0 1 0 1 1
13 15 5237 1 1 1 1 1 1 0 1 1 0 1 0 1 1 0
14 15 5551 1 1 1 1 1 0 1 0 1 1 0 1 1 0 1
15 15 5500 1 1 1 1 0 1 1 1 1 1 0 0 0 1 0
16 15 5461 0 1 1 1 1 1 1 1 1 1 1 1 0 1 0
17 15 3841 1 1 0 1 1 0 1 1 1 0 0 1 1 1 1
18 15 5750 0 0 0 1 1 1 1 1 1 1 1 1 1 1 0
19 15 5723 0 1 1 1 1 1 1 0 1 0 0 1 1 1 1
20 15 4451 1 1 0 1 1 0 1 1 1 0 1 1 1 1 1
21 15 5461 1 1 1 1 1 0 1 0 0 0 1 1 1 1 1
22 15 5565 1 0 1 1 1 0 1 1 1 0 1 1 1 0 1
23 15 3427 0 0 1 1 1 1 1 0 1 1 1 0 1 1 1
24 15 5733 0 1 1 0 0 1 1 1 1 1 1 1 1 0 1
25 15 4604 1 1 1 1 1 0 1 1 0 1 1 0 1 1 0
26 15 5402 0 1 1 1 1 1 1 1 1 1 0 0 1 1 1
27 15 4953 1 1 1 1 1 1 1 0 1 1 1 0 1 1 1
28 15 5069 0 1 1 1 0 1 1 1 1 1 0 0 1 0 1
29 15 6530 1 1 0 1 1 1 0 0 0 0 1 1 1 1 1
30 15 5142 0 1 1 1 1 1 0 1 0 1 1 0 1 1 1
31 15 4807 1 0 1 0 1 0 0 1 0 1 1 1 0 1 1
32 15 4931 1 1 0 1 1 1 0 1 1 1 1 1 0 0 1
33 15 5863 1 1 1 1 1 0 1 0 1 0 1 1 1 0 1
34 15 5397 1 0 1 1 1 1 0 1 1 1 1 0 1 0 1
35 15 4774 0 1 1 0 1 0 1 1 1 1 1 1 1 0 1
36 15 5945 1 1 0 1 0 0 0 1 1 1 1 1 1 1 0
37 15 4734 1 1 1 1 1 0 1 1 0 0 1 1 1 1 1
38 15 4187 0 1 1 1 1 1 0 1 1 1 1 0 1 1 0
39 15 4426 0 1 1 1 1 0 1 1 1 1 0 1 0 0 1
40 15 5252 1 0 1 0 0 1 1 0 1 1 0 1 1 1 1
41 15 8028 1 1 0 1 1 1 1 1 0 0 1 0 1 1 1
42 15 6086 1 1 1 0 1 1 1 1 1 1 0 0 1 1 1
43 15 5951 1 1 1 1 1 1 0 0 1 1 0 0 1 1 1
44 15 6259 1 1 0 0 0 1 1 1 1 1 1 1 0 1 1
45 15 4799 1 1 1 1 0 0 1 1 0 0 1 1 1 0 0
46 15 6350 0 1 1 0 1 0 0 1 1 0 1 1 1 1 1
47 15 5712 1 1 0 0 1 1 1 0 1 1 0 1 1 1 1
48 15 5567 1 1 1 1 1 0 1 1 0 0 1 0 1 1 0
49 15 5012 1 1 1 0 1 1 1 0 1 1 0 1 1 1 1
50 15 5155 0 0 1 1 1 0 1 1 1 1 1 1 1 0 1
51 15 6408 1 1 1 1 1 0 1 1 1 0 1 1 0 0 0
52 15 5669 1 1 1 0 1 1 1 1 1 1 0 1 1 0 1
53 15 5624 0 0 1 1 0 1 1 1 1 1 1 0 1 1 1
54 15 4846 1 1 1 1 0 1 1 1 1 1 1 1 0 0 1
55 15 6707 1 1 1 0 1 0 1 1 1 1 1 1 1 0 1
56 15 4528 1 0 0 1 1 0 1 1 1 0 1 1 1 1 1
57 15 6312 0 1 1 1 0 0 0 1 1 1 1 0 1 1 1
58 15 6845 1 1 1 1 1 1 1 0 1 0 1 1 1 0 1
59 15 3604 1 1 1 1 0 0 1 1 0 1 0 1 0 1 1
60 15 5739 1 1 0 1 0 1 1 1 1 0 1 1 1 0 1
61 15 6196 0 1 1 1 1 0 1 1 1 1 1 0 1 1 0
62 15 5892 1 1 1 1 1 1 0 1 1 0 1 1 0 1 1
63 15 5345 1 1 0 0 1 1 1 1 1 0 1 1 1 1 1
64 15 4864 1 1 1 1 0 0 0 1 1 1 1 0 1 1 1
65 15 5637 1 1 0 1 1 1 1 1 0 1 1 1 0 1 0
66 15 5500 1 1 1 1 1 0 1 0 1 0 1 1 0 1 0
67 15 4732 1 1 0 1 0 0 1 0 1 0 1 1 1 1 1
68 15 3806 1 1 0 1 1 1 1 0 1 1 1 0 0 1 1
69 15 6193 1 1 0 1 0 0 1 1 1 1 1 1 1 1 0
70 15 5277 1 1 0 0 1 1 1 0 1 1 1 1 1 1 1
71 15 4360 1 0 0 1 1 1 1 1 1 1 0 1 1 1 0
72 15 3817 1 1 1 1 0 1 1 1 1 1 0 0 1 1 1
73 15 5213 1 1 1 1 1 1 1 0 0 1 1 1 1 0 0
74 15 5299 1 0 1 1 1 1 1 1 1 0 1 1 0 1 1
75 15 6209 1 0 1 1 1 1 0 1 1 1 1 1 1 0 0
76 15 4639 1 1 1 1 0 0 1 1 0 1 1 1 0 1 1
77 15 5937 1 0 1 1 1 1 0 0 1 0 1 1 1 1 0
78 15 7853 1 1 0 0 1 1 0 1 1 1 1 1 1 1 1
79 15 5103 1 1 0 1 1 1 1 1 1 1 1 0 1 0 0
80 15 6130 1 0 1 1 1 0 0 1 0 1 0 1 1 1 1
81 15 4995 1 1 0 0 1 1 1 1 1 0 1 0 1 0 1
82 15 5269 0 0 0 1 1 1 1 1 1 0 1 1 1 1 1
83 15 7168 1 1 1 0 1 1 1 0 1 1 1 0 1 1 1
84 15 4703 1 1 1 0 1 0 1 0 1 1 1 0 1 1 1
85 15 5401 1 1 1 1 1 1 1 0 1 0 1 1 0 1 0
86 15 6686 1 1 1 1 0 0 1 1 1 0 1 1 1 0 1
87 15 5520 1 1 1 0 1 1 1 1 1 0 1 0 1 0 1
88 15 4498 1 1 0 1 1 1 0 1 0 0 1 1 0 1 1
89 15 5183 1 1 0 1 1 0 1 0 1 1 1 1 1 1 0
90 15 4887 0 1 1 1 1 1 1 1 1 1 0 1 1 1 1
91 15 6058 1 1 1 0 1 0 1 1 1 0 1 1 0 1 1
92 15 5786 1 1 0 1 1 1 1 1 0 1 1 0 1 1 1
93 15 5356 1 0 1 0 0 1 1 1 1 1 1 0 0 1 1
94 15 4389 1 1 1 0 1 1 1 0 1 1 1 1 0 1 1
95 15 6476 1 0 1 1 1 1 1 1 1 1 1 1 1 0 1
96 15 5117 1 0 1 0 1 0 1 1 1 1 1 1 1 1 1
97 15 5759 0 0 1 1 1 1 1 1 1 1 1 0 1 1 1
98 15 4031 1 1 0 1 0 1 1 1 1 0 1 0 1 1 1
99 15 5899 1 1 1 1 1 1 1 0 1 0 0 1 1 1 0
100 15 4272 0 1 1 1 1 1 0 1 0 0 0 1 1 1 1
