1 15 10105 1 0 1 1 1 1 1 1 1 1 0 1 1 1 0
2 15 10408 1 1 1 0 1 1 1 0 1 1 0 1 1 1 1
3 15 10225 1 1 0 1 1 1 1 1 1 0 0 1 1 1 1
4 15 10433 1 1 0 1 1 1 1 1 1 0 1 1 1 0 1
5 15 10258 1 0 1 1 1 1 1 1 0 1 1 1 1 1 0
6 15 10706 1 1 1 1 1 0 1 1 0 1 1 0 1 1 1
7 15 10897 1 1 0 1 1 1 1 1 0 1 1 0 1 1 1
8 15 10606 1 1 1 1 0 1 0 1 0 1 1 1 1 1 1
9 15 10781 0 1 1 1 1 1 1 1 1 1 1 1 0 1 0
10 15 10146 1 0 0 1 1 1 1 1 1 1 1 1 1 0 1
11 15 10583 1 1 0 0 1 1 1 1 1 1 1 1 1 1 0
12 15 9933 1 1 1 1 1 1 1 0 1 1 1 1 1 0 0
13 15 10035 1 1 0 1 0 1 1 1 0 1 1 1 1 0 1
14 15 10130 1 1 1 1 1 0 1 0 0 0 1 1 1 1 1
15 15 10244 1 1 1 1 0 0 1 0 1 1 1 1 1 1 1
16 15 10287 1 0 1 0 1 0 1 1 1 1 1 1 1 1 1
17 15 10488 1 1 1 1 1 1 0 1 1 1 0 0 1 1 1
18 15 10691 1 1 1 0 1 0 1 1 1 1 1 1 0 1 1
19 15 9981 1 1 1 1 1 1 1 1 0 1 1 1 1 0 0
20 15 10239 1 0 0 1 1 0 1 1 1 1 1 1 1 1 1
21 15 10381 1 1 1 0 1 1 1 1 0 1 1 1 1 0 1
22 15 10734 1 0 1 1 1 1 1 1 0 1 1 1 1 1 0
23 15 10540 0 1 0 1 1 1 1 1 1 1 1 0 1 1 1
24 15 10210 1 1 1 1 1 1 0 1 1 0 1 0 1 1 1
25 15 10630 0 1 1 1 1 1 0 1 1 0 1 1 1 1 1
26 15 10183 1 0 1 1 1 0 1 1 1 1 1 0 1 1 1
27 15 10681 1 1 0 1 1 1 0 1 0 1 1 1 1 1 1
28 15 11211 1 1 1 1 1 1 0 1 0 1 1 1 1 0 1
29 15 10433 1 1 1 1 0 1 0 1 1 1 1 0 1 1 1
30 15 10304 0 1 1 1 1 1 1 1 1 1 1 0 1 0 1
31 15 10281 1 1 1 1 1 1 1 0 1 1 1 0 1 1 0
32 15 10395 1 0 1 1 0 1 1 1 1 1 1 1 1 0 1
33 15 10051 1 1 1 1 1 0 1 0 1 1 1 1 1 0 1
34 15 10091 1 1 1 0 1 1 1 1 1 1 0 1 1 0 1
35 15 10988 0 1 1 1 1 1 0 1 1 0 1 1 1 1 1
36 15 10719 1 0 1 1 0 1 1 1 1 1 1 0 1 1 1
37 15 9182 1 1 0 1 1 1 0 1 1 1 1 1 0 0 1
38 15 11202 0 1 1 1 1 1 1 1 1 1 0 1 1 0 1
39 15 10835 1 1 1 0 0 1 1 1 1 1 1 1 1 1 0
40 15 10395 1 1 1 1 1 1 0 1 0 1 1 1 1 0 1
41 15 9805 1 1 1 1 1 0 1 1 1 0 0 1 1 1 1
42 15 9821 1 1 1 1 1 0 1 1 0 1 1 1 0 1 1
43 15 10234 0 1 0 1 1 0 1 1 1 1 1 1 1 1 1
44 15 10374 1 1 1 1 1 1 1 1 0 0 0 1 1 1 1
45 15 10381 1 0 1 1 1 1 0 1 1 1 1 1 1 1 0
46 15 10016 1 1 0 1 1 1 0 1 1 1 1 1 1 0 1
47 15 10417 1 1 1 1 0 1 1 1 0 1 1 1 0 1 1
48 15 10255 1 1 1 1 1 1 0 0 1 1 1 1 1 1 0
49 15 10574 1 1 1 1 1 0 1 1 0 1 1 0 1 1 1
50 15 10061 1 0 1 1 1 1 1 1 1 1 1 0 1 0 1
51 15 10086 1 0 0 1 1 1 1 1 0 1 1 1 1 1 1
52 15 9993 1 1 1 1 1 1 1 1 1 0 0 0 1 1 1
53 15 9977 0 1 0 1 1 1 0 1 1 1 1 0 1 1 1
54 15 11132 0 1 1 1 1 0 1 1 1 1 1 0 1 1 1
55 15 10432 1 1 0 1 1 1 1 0 1 1 1 1 1 1 0
56 15 10294 1 1 0 1 1 1 1 1 0 1 1 1 0 1 1
57 15 10554 1 1 1 1 1 0 1 0 1 1 1 0 1 1 1
58 15 10464 1 1 1 1 1 1 1 1 1 0 1 1 1 0 0
59 15 10118 1 1 1 0 1 1 1 0 1 1 0 1 1 1 1
60 15 10722 1 1 1 1 1 1 1 1 0 0 0 1 1 1 1
61 15 10645 1 1 1 1 1 1 0 1 1 1 1 0 0 1 1
62 15 10414 1 1 1 1 1 1 1 0 1 1 0 0 1 1 1
63 15 10531 1 1 0 1 1 1 1 0 1 1 1 1 1 0 1
64 15 10630 1 1 1 1 0 1 1 1 0 0 1 1 1 1 1
65 15 11032 1 1 1 1 1 0 1 1 1 0 0 1 1 1 1
66 15 9816 1 0 1 1 1 1 0 1 1 1 1 1 0 1 1
67 15 10304 1 1 1 1 1 1 1 1 1 0 1 0 1 0 1
68 15 10427 1 1 1 1 1 0 0 1 0 1 1 1 1 1 1
69 15 10286 1 1 1 1 0 1 1 1 1 0 0 1 1 1 1
70 15 9973 0 1 1 1 0 1 0 1 1 1 1 1 1 1 1
71 15 9847 1 1 1 1 1 1 1 0 1 0 1 1 1 1 0
72 15 10748 1 1 0 1 1 1 1 0 1 1 1 1 0 1 1
73 15 10269 1 1 1 1 1 1 1 0 1 1 1 1 1 0 0
74 15 10142 1 1 1 0 1 1 0 1 1 1 1 1 0 1 1
75 15 9941 1 1 1 0 1 1 1 1 0 0 1 1 1 1 1
76 15 9588 1 1 1 0 1 1 1 1 1 1 1 0 1 1 0
77 15 10501 0 1 1 1 1 1 1 1 0 1 1 1 1 0 1
78 15 10570 0 1 1 0 1 1 1 1 1 1 1 0 1 1 1
79 15 10886 0 1 1 1 0 1 1 0 1 1 1 1 1 1 1
80 15 10071 1 1 1 1 1 1 0 1 1 1 0 1 0 1 1
81 15 10018 1 1 1 1 1 1 0 0 1 1 1 1 1 1 0
82 15 10662 1 0 1 0 1 1 1 1 0 1 1 1 1 1 1
83 15 10947 1 1 1 1 1 1 1 1 0 1 1 0 0 1 1
84 15 10495 1 1 1 1 0 1 1 1 1 1 0 0 1 1 1
85 15 10562 1 1 1 1 1 1 1 0 1 1 1 1 0 1 0
86 15 9520 1 1 1 1 0 1 1 1 1 1 1 0 1 1 0
87 15 10928 1 1 1 1 1 1 0 1 1 1 0 1 1 1 0
88 15 9798 1 1 1 0 1 1 1 1 0 1 1 1 1 1 0
89 15 10344 0 1 1 1 1 1 0 1 1 1 1 1 1 1 0
90 15 9723 1 0 0 1 1 1 1 0 1 1 1 1 1 1 1
91 15 10234 1 1 0 1 1 0 1 1 0 1 1 1 1 1 1
92 15 10422 1 1 0 0 1 1 1 0 1 1 1 1 1 1 1
93 15 10081 1 1 1 0 0 1 0 1 1 1 1 1 1 1 1
94 15 10270 0 1 1 1 1 1 0 1 1 1 1 1 1 1 0
95 15 10139 1 1 1 0 0 1 1 1 1 0 1 1 1 1 1
96 15 10459 1 0 0 1 1 1 1 1 0 1 1 1 1 1 1
97 15 10399 1 1 1 1 1 0 1 1 0 1 1 1 1 0 1
98 15 10858 1 1 0 0 1 1 1 1 1 0 1 1 1 1 1
99 15 10199 1 1 1 0 1 0 1 0 1 1 1 1 1 1 1
100 15 10406 0 1 1 0 1 1 1 1 1 0 1 1 1 1 1
