1 15 6933 1 1 1 1 1 0 1 0 1 1 1 1 1 1 0
2 15 9029 1 1 1 0 1 1 1 1 1 1 1 0 1 1 0
3 15 7979 1 1 1 0 1 0 1 1 0 1 1 1 1 1 1
4 15 7636 1 1 1 0 1 1 1 1 1 0 1 1 0 1 1
5 15 8202 1 1 1 1 0 1 1 0 1 1 1 1 0 1 1
6 15 8007 1 1 1 1 1 0 0 1 1 1 0 1 0 0 1
7 15 8207 0 0 1 1 1 0 1 1 0 1 1 1 1 0 1
8 15 8093 1 1 1 0 1 1 1 1 1 0 1 1 0 1 1
9 15 8878 1 1 1 0 1 1 1 1 1 0 0 1 1 1 1
10 15 7855 0 1 1 1 0 1 1 1 1 1 0 1 1 0 1
11 15 7556 1 1 1 1 1 0 1 1 1 1 0 1 0 1 1
12 15 7866 0 1 1 1 0 1 0 1 1 1 1 1 0 1 1
13 15 8919 1 1 1 1 0 1 0 1 0 0 1 1 1 1 1
14 15 7910 1 1 1 1 1 1 1 1 1 0 1 1 0 0 0
15 15 8055 1 0 1 1 0 1 1 1 0 1 0 1 1 1 1
16 15 8378 1 0 1 1 0 0 1 1 1 1 1 1 1 1 0
17 15 7573 1 1 0 1 1 1 1 0 1 1 1 1 1 0 1
18 15 8203 1 0 1 1 0 1 1 0 1 1 1 1 1 1 0
19 15 7956 0 1 0 0 1 1 1 0 1 1 1 1 1 0 1
20 15 7623 1 1 1 1 1 0 1 1 1 1 1 0 1 0 1
21 15 8968 1 1 0 0 1 1 1 1 1 0 1 1 1 1 0
22 15 8619 1 1 1 1 1 1 0 1 0 0 1 1 1 1 1
23 15 7803 1 1 0 0 1 0 1 1 1 1 1 1 1 1 1
24 15 8645 1 1 1 1 1 1 1 1 0 1 1 1 0 1 0
25 15 8132 1 1 0 1 1 1 1 1 0 0 0 1 0 1 1
26 15 7229 0 1 1 0 1 1 1 1 1 1 1 1 0 0 1
27 15 7896 0 1 1 1 1 0 1 1 1 1 0 1 0 1 1
28 15 6944 0 1 1 0 1 0 0 1 1 0 1 1 1 1 1
29 15 8667 1 1 1 0 1 0 1 1 0 1 1 1 1 1 1
30 15 8359 1 0 1 1 0 1 1 1 1 1 0 1 1 1 1
31 15 7055 1 1 1 1 1 1 1 1 1 0 1 0 1 0 1
32 15 5871 1 1 1 0 1 0 1 1 1 1 1 1 0 1 1
33 15 7709 1 1 0 1 1 1 1 1 1 0 0 1 0 1 1
34 15 7885 1 1 1 1 1 1 0 1 1 1 1 0 1 1 0
35 15 8582 1 1 0 1 1 1 1 1 1 1 1 0 0 0 1
36 15 8131 1 1 1 1 1 1 1 0 0 0 1 1 1 1 1
37 15 6001 0 1 1 1 1 1 1 0 1 1 0 0 1 0 1
38 15 9212 1 0 1 1 0 1 1 1 1 1 1 1 1 1 0
39 15 7358 1 1 0 1 1 1 1 1 1 1 1 0 1 1 1
40 15 7544 1 1 1 1 0 0 1 1 1 0 0 1 1 1 1
41 15 8508 1 0 1 1 1 0 1 1 1 1 0 1 1 0 1
42 15 8760 1 1 1 1 1 0 1 1 0 1 0 1 1 1 1
43 15 7825 1 1 0 1 1 0 1 0 1 1 1 1 1 1 1
44 15 8128 0 1 0 1 1 1 1 1 0 1 1 1 1 1 1
45 15 7791 0 0 1 1 1 1 1 1 1 0 1 1 1 1 1
46 15 7420 1 1 0 1 0 1 1 0 0 1 1 1 1 0 1
47 15 7942 1 1 0 1 1 1 0 0 1 1 0 1 1 1 1
48 15 9579 1 1 0 0 1 1 1 1 0 1 1 1 1 1 1
49 15 9047 1 1 1 1 1 0 1 1 0 1 1 1 0 1 1
50 15 7029 1 1 0 1 1 1 1 0 1 1 0 1 0 1 1
51 15 8506 1 1 1 1 1 0 1 1 1 0 1 0 1 1 1
52 15 9850 1 1 1 1 1 1 1 1 1 0 1 1 0 1 0
53 15 7678 0 1 1 1 1 0 1 1 1 0 1 1 0 1 1
54 15 8220 1 1 1 1 1 1 1 1 1 0 1 1 0 0 1
55 15 8891 1 0 1 1 0 1 1 0 1 1 1 1 1 0 1
56 15 6516 0 1 1 0 1 1 1 1 1 1 1 1 1 0 0
57 15 7317 0 1 1 1 1 1 1 1 1 1 1 0 0 1 0
58 15 8558 1 1 1 1 0 1 0 1 0 1 1 1 0 1 1
59 15 8096 1 1 1 1 1 0 0 1 0 1 0 1 1 1 1
60 15 7234 1 0 0 0 1 0 1 1 1 1 1 1 1 1 1
61 15 8139 1 1 1 1 0 0 1 1 1 1 1 1 1 1 0
62 15 8276 1 1 1 1 0 0 1 1 1 1 1 0 1 0 1
63 15 8052 0 1 1 1 1 1 0 1 1 1 0 0 0 1 1
64 15 7353 0 1 1 1 1 1 1 1 0 1 0 1 1 1 1
65 15 7710 1 1 1 1 1 1 0 1 1 0 1 1 0 1 0
66 15 7746 0 1 1 1 1 0 0 1 0 1 1 1 1 1 1
67 15 8360 1 1 0 0 1 1 1 1 1 0 1 1 0 1 1
68 15 7728 1 0 1 0 1 0 1 1 1 0 1 1 1 1 1
69 15 8572 1 1 1 1 1 1 1 0 1 1 0 1 0 1 1
70 15 7427 1 1 1 1 0 1 0 1 0 1 0 0 1 1 1
71 15 8159 0 0 0 1 1 1 1 1 1 1 1 1 1 1 0
72 15 8025 0 1 0 0 1 1 1 1 1 1 1 1 0 1 1
73 15 7382 1 1 1 1 1 1 1 0 0 1 0 0 1 1 1
74 15 7838 0 0 1 1 1 1 1 1 1 1 1 1 1 0 0
75 15 7809 1 1 1 1 1 1 0 0 1 1 0 0 1 1 1
76 15 7264 1 1 1 1 1 1 1 1 1 1 0 0 0 1 1
77 15 7648 1 0 1 0 0 1 1 1 1 1 1 1 0 0 1
78 15 8470 1 1 1 1 1 1 1 1 0 1 0 1 0 1 1
79 15 7544 1 0 1 0 1 1 1 0 1 1 1 1 1 1 1
80 15 8363 1 0 1 1 1 0 1 1 1 1 1 0 1 1 1
81 15 7981 1 1 1 1 0 1 0 1 1 1 1 1 0 1 1
82 15 8262 1 0 1 1 1 1 1 0 1 0 1 1 1 1 1
83 15 7732 1 1 0 1 0 0 1 1 0 1 1 1 1 1 1
84 15 8073 1 1 1 1 0 1 0 1 1 0 1 1 1 1 1
85 15 8590 1 0 1 1 1 1 1 1 1 0 1 1 1 1 0
86 15 6472 0 1 1 0 1 1 0 1 1 1 1 1 1 1 0
87 15 7084 0 1 1 1 1 1 1 1 0 1 1 1 0 1 0
88 15 7750 0 0 1 1 0 1 1 1 1 1 1 1 1 1 1
89 15 8571 1 1 1 0 0 1 1 1 1 0 1 1 1 1 1
90 15 9474 1 1 1 1 1 1 1 1 0 1 1 0 1 1 0
91 15 8012 1 1 1 1 1 0 1 0 1 1 0 0 1 1 1
92 15 8905 1 1 0 1 1 1 1 1 1 0 0 1 0 1 1
93 15 7242 0 0 1 1 1 1 1 1 0 1 1 1 0 1 1
94 15 9538 0 1 0 1 1 0 1 1 1 1 1 1 1 1 1
95 15 7713 1 1 1 0 0 0 1 1 1 1 1 1 1 1 1
96 15 7718 1 1 1 0 1 0 1 1 1 0 1 1 0 1 1
97 15 9105 1 1 1 1 0 1 1 1 1 1 0 1 0 1 1
98 15 6690 1 1 1 1 0 1 1 1 0 1 0 1 1 0 1
99 15 8648 1 1 0 0 1 1 1 0 1 1 0 1 1 1 1
100 15 5487 1 1 1 1 1 1 1 1 1 0 0 0 1 0 1
